	1.000000	0.000000	0.000000	0.000000	0.000000	1.004965	0.015313	0.029344	-0.093593	0.076513
	1.000000	0.000000	0.000000	0.000000	0.000000	0.970808	-0.011206	-0.019356	-0.006360	0.066112
	1.000000	0.000000	0.000000	0.000000	0.000000	1.052735	-0.020253	0.002684	-0.049633	-0.053889
	1.000000	0.000000	0.000000	0.000000	0.000000	1.094577	0.008720	-0.027431	-0.017097	-0.082041
	1.000000	0.000000	0.000000	0.000000	0.000000	0.908369	-0.012908	-0.028831	0.046787	0.082598
	1.000000	0.000000	0.000000	0.000000	0.000000	0.938293	0.025550	-0.003688	-0.046401	0.109608
	1.000000	0.000000	0.000000	0.000000	0.000000	0.864263	-0.001097	-0.019361	0.047410	0.116320
	1.000000	0.000000	0.000000	0.000000	0.000000	1.029187	0.019928	-0.022192	0.020512	-0.066275
	1.000000	0.000000	0.000000	0.000000	0.000000	0.946424	0.020867	0.007197	-0.089117	0.167740
	1.000000	0.000000	0.000000	0.000000	0.000000	0.997441	0.002548	-0.019534	0.083827	-0.104141
	1.000000	0.000000	0.000000	0.000000	0.000000	0.915604	0.023971	-0.004542	-0.061796	0.142676
	1.000000	0.000000	0.000000	0.000000	0.000000	0.970059	0.000947	0.006033	-0.071199	0.052812
	1.000000	0.000000	0.000000	0.000000	0.000000	0.944271	-0.010383	-0.041645	0.095733	-0.018487
	1.000000	0.000000	0.000000	0.000000	0.000000	0.535807	0.148613	0.075847	-0.038139	0.346848
	0.000000	1.000000	0.000000	0.000000	0.000000	0.010769	1.027532	0.013667	-0.030250	-0.017547
	0.000000	1.000000	0.000000	0.000000	0.000000	-0.012780	1.025152	-0.006964	0.017729	-0.018050
	0.000000	1.000000	0.000000	0.000000	0.000000	-0.022986	1.040949	0.007783	-0.020633	-0.002847
	0.000000	1.000000	0.000000	0.000000	0.000000	-0.020143	1.030151	-0.019812	0.032125	-0.015586
	0.000000	1.000000	0.000000	0.000000	0.000000	0.007413	1.035557	0.010219	-0.034004	-0.005616
	0.000000	1.000000	0.000000	0.000000	0.000000	-0.003627	0.995405	-0.014786	0.026074	-0.008929
	0.000000	1.000000	0.000000	0.000000	0.000000	0.007423	0.946262	-0.023780	0.000718	0.058457
	0.000000	1.000000	0.000000	0.000000	0.000000	-0.019936	0.942346	-0.022453	0.078687	0.017615
	0.000000	1.000000	0.000000	0.000000	0.000000	-0.019746	1.039562	0.003022	0.026831	-0.042744
	0.000000	1.000000	0.000000	0.000000	0.000000	0.006314	1.023776	-0.006108	0.021481	-0.051481
	0.000000	1.000000	0.000000	0.000000	0.000000	0.010990	1.008803	0.003744	-0.030831	0.012507
	0.000000	1.000000	0.000000	0.000000	0.000000	0.004550	1.049449	-0.007937	0.011607	-0.054158
	0.000000	1.000000	0.000000	0.000000	0.000000	-0.007644	1.021325	0.024889	-0.035118	0.010710
	0.000000	1.000000	0.000000	0.000000	0.000000	-0.018553	1.025218	-0.003660	0.014712	-0.004242
	0.000000	1.000000	0.000000	0.000000	0.000000	0.005606	1.003083	-0.013053	-0.014660	0.018481
	0.000000	1.000000	0.000000	0.000000	0.000000	-0.009084	1.042548	0.010246	-0.008888	-0.023791
	0.000000	1.000000	0.000000	0.000000	0.000000	0.055040	0.854251	-0.015652	-0.061655	0.150217
	0.000000	1.000000	0.000000	0.000000	0.000000	0.019231	0.959799	-0.028027	-0.015158	0.048957
	0.000000	1.000000	0.000000	0.000000	0.000000	-0.036557	0.969778	0.047838	0.030070	-0.019094
	0.000000	1.000000	0.000000	0.000000	0.000000	0.013694	1.004800	-0.026479	-0.009981	0.007659
	0.000000	1.000000	0.000000	0.000000	0.000000	-0.013417	1.046595	0.043175	-0.039495	-0.026170
	0.000000	1.000000	0.000000	0.000000	0.000000	-0.043384	0.840315	-0.044016	0.098032	0.155999
	0.000000	1.000000	0.000000	0.000000	0.000000	-0.015201	0.874317	-0.027920	0.025423	0.141143
	0.000000	1.000000	0.000000	0.000000	0.000000	0.055964	0.926831	0.097008	-0.088477	0.037411
	0.000000	1.000000	0.000000	0.000000	0.000000	0.007593	1.058468	0.002371	-0.029296	-0.030231
	0.000000	1.000000	0.000000	0.000000	0.000000	0.038969	1.057073	-0.002470	-0.066651	-0.023722
	0.000000	1.000000	0.000000	0.000000	0.000000	0.021394	1.025441	0.047626	-0.054841	-0.022466
	0.000000	1.000000	0.000000	0.000000	0.000000	-0.057793	0.968590	0.009461	0.074127	0.000973
	0.000000	1.000000	0.000000	0.000000	0.000000	0.013293	0.882027	0.023802	0.011238	0.072490
	0.000000	1.000000	0.000000	0.000000	0.000000	0.020154	0.914821	0.018988	0.012319	0.020521
	0.000000	1.000000	0.000000	0.000000	0.000000	0.036940	0.971425	0.042805	0.020822	-0.067836
	0.000000	1.000000	0.000000	0.000000	0.000000	0.033405	0.997304	-0.024087	-0.047857	0.029737
	0.000000	1.000000	0.000000	0.000000	0.000000	-0.013389	1.072366	0.004318	-0.004192	-0.045525
	0.000000	1.000000	0.000000	0.000000	0.000000	-0.024981	1.009379	0.030517	0.005198	-0.033730
	0.000000	1.000000	0.000000	0.000000	0.000000	0.081407	0.660212	0.051574	0.138730	-0.033317
	0.000000	1.000000	0.000000	0.000000	0.000000	0.022371	1.000652	-0.017646	-0.036700	0.024067
	0.000000	1.000000	0.000000	0.000000	0.000000	-0.014339	1.003201	-0.015527	0.037486	-0.005743
	0.000000	1.000000	0.000000	0.000000	0.000000	-0.005323	1.040290	0.015801	-0.015258	-0.030264
	0.000000	1.000000	0.000000	0.000000	0.000000	-0.009641	1.068464	-0.001692	0.001324	-0.047023
	0.000000	0.000000	1.000000	0.000000	0.000000	0.020575	0.023521	1.027249	-0.059677	-0.010756
	0.000000	0.000000	1.000000	0.000000	0.000000	-0.009143	0.114876	0.993464	-0.077689	-0.069680
	0.000000	0.000000	1.000000	0.000000	0.000000	-0.014027	-0.002229	1.035688	-0.039887	0.016565
	0.000000	0.000000	1.000000	0.000000	0.000000	-0.003380	0.015522	0.892534	0.091619	-0.009023
	0.000000	0.000000	1.000000	0.000000	0.000000	0.013145	0.009827	1.057211	-0.082034	0.009229
	0.000000	0.000000	1.000000	0.000000	0.000000	-0.036087	0.003122	0.918714	0.092909	0.008283
	0.000000	0.000000	1.000000	0.000000	0.000000	0.006242	-0.008555	1.009522	-0.020079	0.020270
	0.000000	0.000000	1.000000	0.000000	0.000000	0.023768	0.006608	0.970933	0.002558	0.003933
	0.000000	0.000000	1.000000	0.000000	0.000000	0.051699	0.025148	1.032171	-0.089971	0.002037
	0.000000	0.000000	1.000000	0.000000	0.000000	-0.024620	-0.022354	0.966116	0.058865	0.028163
	0.000000	0.000000	1.000000	0.000000	0.000000	0.012873	0.019734	0.904883	0.053747	-0.004078
	0.000000	0.000000	1.000000	0.000000	0.000000	-0.027914	-0.020852	1.028296	-0.014803	0.037375
	0.000000	0.000000	1.000000	0.000000	0.000000	-0.019755	-0.008396	0.992141	-0.021752	0.061509
	0.000000	0.000000	0.000000	1.000000	0.000000	-0.086459	0.065318	-0.037432	1.037640	-0.039862
	0.000000	0.000000	0.000000	1.000000	0.000000	0.119057	0.084983	-0.004931	0.821048	-0.046031
	0.000000	0.000000	0.000000	1.000000	0.000000	0.113855	0.076334	-0.043992	0.697984	0.136770
	0.000000	0.000000	0.000000	1.000000	0.000000	-0.156675	0.138534	-0.072404	0.965225	0.176555
	0.000000	0.000000	0.000000	1.000000	0.000000	0.105489	-0.022461	0.020388	0.875723	-0.022529
	0.000000	0.000000	0.000000	1.000000	0.000000	-0.011520	0.038993	-0.045920	0.800406	0.146344
	0.000000	0.000000	0.000000	1.000000	0.000000	0.009599	-0.023319	0.087071	0.967910	-0.048595
	0.000000	0.000000	0.000000	1.000000	0.000000	-0.093815	0.229982	-0.076320	0.877921	0.069895
	0.000000	0.000000	0.000000	1.000000	0.000000	-0.079767	-0.020578	-0.047794	0.991311	0.106718
	0.000000	0.000000	0.000000	1.000000	0.000000	-0.084825	-0.005434	-0.071956	0.919186	0.221562
	0.000000	0.000000	0.000000	1.000000	0.000000	0.142304	-0.039742	0.144899	0.896860	-0.094211
	0.000000	0.000000	0.000000	1.000000	0.000000	-0.028484	-0.041513	0.068220	1.026519	-0.046892
	0.000000	0.000000	0.000000	1.000000	0.000000	-0.016412	0.036093	-0.019986	0.995603	-0.047800
	0.000000	0.000000	0.000000	1.000000	0.000000	0.124991	-0.061771	0.120864	0.985336	-0.098305
	0.000000	0.000000	0.000000	1.000000	0.000000	-0.092885	-0.052179	-0.015668	1.105963	-0.007995
	0.000000	0.000000	0.000000	1.000000	0.000000	0.006018	-0.038889	0.062580	1.035470	-0.072732
	0.000000	0.000000	0.000000	0.000000	1.000000	-0.012974	-0.018039	0.009953	0.014087	1.021007
	0.000000	0.000000	0.000000	0.000000	1.000000	0.036392	-0.040572	0.006689	0.040131	0.979918
	0.000000	0.000000	0.000000	0.000000	1.000000	0.030390	0.037137	0.033317	-0.008522	0.934493
	0.000000	0.000000	0.000000	0.000000	1.000000	0.015085	-0.055788	-0.012096	0.069150	0.975633
	0.000000	0.000000	0.000000	0.000000	1.000000	0.068217	0.004421	0.012496	-0.047872	0.975565
	0.000000	0.000000	0.000000	0.000000	1.000000	0.037107	0.085158	-0.000384	-0.079127	0.949804
	0.000000	0.000000	0.000000	0.000000	1.000000	0.007310	0.054159	-0.015864	-0.054189	0.987599
	0.000000	0.000000	0.000000	0.000000	1.000000	0.053546	-0.027405	0.012588	-0.021532	1.001471
	0.000000	0.000000	0.000000	0.000000	1.000000	-0.040753	-0.054042	-0.002390	0.012726	1.080490
	0.000000	0.000000	0.000000	0.000000	1.000000	0.010067	0.063868	-0.019722	-0.035685	0.954110
	0.000000	0.000000	0.000000	0.000000	1.000000	-0.026081	-0.019430	-0.003673	0.034312	1.012761
	0.000000	0.000000	0.000000	0.000000	1.000000	-0.016092	-0.036696	0.003574	-0.005982	1.054201
	0.000000	0.000000	0.000000	0.000000	1.000000	-0.007767	0.031201	-0.015537	-0.038189	1.005397
	0.000000	0.000000	0.000000	0.000000	1.000000	-0.021937	-0.030225	0.001751	-0.010132	1.056359
	0.000000	0.000000	0.000000	0.000000	1.000000	-0.016787	-0.029680	0.002437	-0.011751	1.051890
	0.000000	0.000000	0.000000	0.000000	1.000000	-0.024683	-0.018431	-0.002868	0.019339	1.021296
	0.000000	0.000000	0.000000	0.000000	1.000000	-0.011314	0.084200	-0.016815	-0.010267	0.935177
	0.000000	0.000000	0.000000	0.000000	1.000000	0.074587	-0.036973	0.006632	0.049383	0.925454
	0.000000	0.000000	0.000000	0.000000	1.000000	0.000778	-0.034479	0.004561	0.069899	0.975115
	0.000000	0.000000	0.000000	0.000000	1.000000	0.007572	0.033765	0.005612	0.011218	0.942732
	0.000000	0.000000	0.000000	0.000000	1.000000	-0.032062	-0.011830	0.000852	-0.014018	1.048728
	0.000000	0.000000	0.000000	0.000000	1.000000	-0.038257	-0.056493	0.009148	0.001298	1.087236
	0.000000	0.000000	0.000000	0.000000	1.000000	-0.038337	-0.023683	-0.004661	-0.003361	1.057604
	0.000000	0.000000	0.000000	0.000000	1.000000	0.030197	-0.033763	0.015001	-0.014660	1.026055
	0.000000	0.000000	0.000000	0.000000	1.000000	-0.019211	-0.022787	0.007247	-0.019033	1.051276
	0.000000	0.000000	0.000000	0.000000	1.000000	-0.037247	-0.035295	0.004393	-0.003825	1.067514
	0.000000	0.000000	0.000000	0.000000	1.000000	0.017258	0.001926	0.006396	-0.044574	1.023071
	0.000000	0.000000	0.000000	0.000000	1.000000	-0.003850	0.064619	-0.004362	-0.022975	0.953699
	0.000000	0.000000	0.000000	0.000000	1.000000	-0.013671	-0.025214	0.007771	0.001262	1.036327
	0.000000	0.000000	0.000000	0.000000	1.000000	-0.029940	-0.039187	0.005180	-0.003060	1.060587
	0.000000	0.000000	0.000000	0.000000	1.000000	-0.015553	-0.020493	0.012088	-0.009192	1.039924
	0.000000	0.000000	0.000000	0.000000	1.000000	-0.029458	-0.064086	0.004037	0.005131	1.087684
	0.000000	0.000000	0.000000	0.000000	1.000000	-0.026913	-0.018761	-0.016142	0.002557	1.042388
	0.000000	0.000000	0.000000	0.000000	1.000000	-0.015475	0.014686	-0.012152	-0.014461	1.010725
	0.000000	0.000000	0.000000	0.000000	1.000000	0.173908	-0.026640	0.005804	0.047635	0.813621
	0.000000	0.000000	0.000000	0.000000	1.000000	-0.000846	0.018091	0.027811	-0.049195	1.016214
	0.000000	0.000000	0.000000	0.000000	1.000000	-0.015701	-0.047510	0.010740	-0.006268	1.064773
	0.000000	0.000000	0.000000	0.000000	1.000000	-0.037626	-0.040271	-0.010242	0.007876	1.068180
	0.000000	0.000000	0.000000	0.000000	1.000000	0.001151	0.031679	-0.026298	-0.040014	1.001902
	0.000000	0.000000	0.000000	0.000000	1.000000	0.001466	-0.052407	0.006931	-0.007379	1.061314
	0.000000	0.000000	0.000000	0.000000	1.000000	0.011654	0.100200	0.005320	-0.044925	0.921303
	0.000000	0.000000	0.000000	0.000000	1.000000	0.006902	0.025576	0.014332	0.002660	0.953443
	0.000000	0.000000	0.000000	0.000000	1.000000	-0.048548	-0.052203	-0.001452	0.026478	1.075297
	0.000000	0.000000	0.000000	0.000000	1.000000	-0.008851	0.005837	-0.009156	-0.023786	1.021564
	0.000000	0.000000	0.000000	0.000000	1.000000	-0.037966	-0.012377	-0.008747	0.003577	1.042904
	0.000000	0.000000	0.000000	0.000000	1.000000	-0.002555	-0.004914	0.016574	0.013497	0.993453
	0.000000	0.000000	0.000000	0.000000	1.000000	-0.009155	0.041260	0.007185	-0.035074	0.992711
	0.000000	0.000000	0.000000	0.000000	1.000000	0.020410	-0.008674	0.006251	-0.030128	1.011146
	0.000000	0.000000	0.000000	0.000000	1.000000	-0.046504	0.089146	0.013321	0.043369	0.919123
	0.000000	0.000000	0.000000	0.000000	1.000000	0.029585	0.038307	0.003963	-0.036144	0.956659
	0.000000	0.000000	0.000000	0.000000	1.000000	0.009889	0.023051	-0.001644	-0.010409	0.967488
	0.000000	0.000000	0.000000	0.000000	1.000000	0.232882	-0.011934	0.002060	0.149912	0.639480
	0.000000	0.000000	0.000000	0.000000	1.000000	-0.063138	0.057914	0.044983	0.024161	0.964968
	0.000000	0.000000	0.000000	0.000000	1.000000	0.103719	0.026241	0.055653	-0.097736	0.948208
	0.000000	0.000000	0.000000	0.000000	1.000000	-0.037257	0.115857	0.035233	-0.021787	0.931967
	0.000000	0.000000	0.000000	0.000000	1.000000	-0.016499	0.024379	0.047177	-0.016714	0.968988
	0.000000	0.000000	0.000000	0.000000	1.000000	-0.038611	0.031213	0.002407	0.052558	0.961795
	0.000000	0.000000	0.000000	0.000000	1.000000	-0.032861	-0.018319	-0.007663	-0.010247	1.053857
	0.000000	0.000000	0.000000	0.000000	1.000000	0.011489	-0.015198	0.041044	-0.076077	1.050450
	0.000000	0.000000	0.000000	0.000000	1.000000	0.023001	0.007110	0.008760	-0.071422	1.033205
	0.000000	0.000000	0.000000	0.000000	1.000000	0.134461	0.030749	0.027684	-0.067920	0.914844
	0.000000	0.000000	0.000000	0.000000	1.000000	-0.014054	-0.000402	-0.000095	-0.006267	1.015808
	0.000000	0.000000	0.000000	0.000000	1.000000	0.053091	-0.013363	0.027527	-0.087233	1.051058
	0.000000	0.000000	0.000000	0.000000	1.000000	0.067399	-0.020353	0.027531	-0.085115	1.048437
	0.000000	0.000000	0.000000	0.000000	1.000000	0.008516	0.071816	0.049526	0.066710	0.780731
	1.000000	0.000000	0.000000	0.000000	0.000000	0.619529	-0.047321	-0.053920	0.219513	0.211245
	1.000000	0.000000	0.000000	0.000000	0.000000	0.479378	-0.005232	-0.015527	0.008591	0.457740
	1.000000	0.000000	0.000000	0.000000	0.000000	0.739079	-0.024773	-0.036333	0.137308	0.165233
	1.000000	0.000000	0.000000	0.000000	0.000000	0.941387	0.037302	0.036862	-0.136490	0.266850
	1.000000	0.000000	0.000000	0.000000	0.000000	0.846492	-0.030809	-0.040363	0.116675	0.063493
	1.000000	0.000000	0.000000	0.000000	0.000000	0.919937	-0.002297	-0.010055	-0.013984	0.134418
	1.000000	0.000000	0.000000	0.000000	0.000000	0.887215	-0.018217	-0.014371	0.006673	0.145665
	1.000000	0.000000	0.000000	0.000000	0.000000	0.822434	0.030210	-0.023031	0.182062	0.001246
	1.000000	0.000000	0.000000	0.000000	0.000000	0.935074	-0.001192	-0.037001	0.102044	-0.010043
	1.000000	0.000000	0.000000	0.000000	0.000000	0.299069	-0.035072	-0.005023	0.038638	0.730432
	1.000000	0.000000	0.000000	0.000000	0.000000	0.308389	0.392201	0.019474	0.330327	-0.040650
	1.000000	0.000000	0.000000	0.000000	0.000000	0.676108	-0.006809	0.008964	-0.055018	0.460180
	1.000000	0.000000	0.000000	0.000000	0.000000	0.354957	0.010204	0.029521	-0.104662	0.786519
	1.000000	0.000000	0.000000	0.000000	0.000000	0.424578	0.011666	0.055041	-0.058427	0.681926
	1.000000	0.000000	0.000000	0.000000	0.000000	0.698370	-0.000270	-0.012991	0.045020	0.183366
	1.000000	0.000000	0.000000	0.000000	0.000000	0.409069	-0.030761	0.012411	0.256132	0.174287
	0.000000	1.000000	0.000000	0.000000	0.000000	-0.002997	1.025871	0.017158	0.023826	-0.072878
	0.000000	1.000000	0.000000	0.000000	0.000000	-0.001530	0.955949	-0.055670	0.050146	0.030446
	0.000000	1.000000	0.000000	0.000000	0.000000	0.010927	0.868146	0.115355	0.083462	-0.158262
	0.000000	1.000000	0.000000	0.000000	0.000000	0.049127	0.965875	0.029416	0.057057	-0.123979
	0.000000	1.000000	0.000000	0.000000	0.000000	-0.013818	0.997784	-0.041753	0.056649	-0.005204
	0.000000	1.000000	0.000000	0.000000	0.000000	0.100030	0.715808	0.078380	-0.055714	0.200440
	0.000000	1.000000	0.000000	0.000000	0.000000	0.068080	0.696064	-0.028849	0.010552	0.198685
	0.000000	1.000000	0.000000	0.000000	0.000000	-0.051078	0.758042	-0.090361	0.150284	0.219663
	0.000000	1.000000	0.000000	0.000000	0.000000	0.004374	1.027946	-0.011279	-0.008864	-0.011216
	0.000000	1.000000	0.000000	0.000000	0.000000	-0.006082	1.041491	-0.007407	0.002704	-0.023961
	0.000000	1.000000	0.000000	0.000000	0.000000	0.014069	1.036742	0.035230	-0.041044	-0.027739
	0.000000	1.000000	0.000000	0.000000	0.000000	0.050596	0.958660	-0.036485	-0.056100	0.060265
	0.000000	1.000000	0.000000	0.000000	0.000000	0.001084	1.013553	-0.027979	0.009314	-0.002605
	0.000000	1.000000	0.000000	0.000000	0.000000	0.007971	0.994813	-0.029200	-0.001083	0.016951
	0.000000	1.000000	0.000000	0.000000	0.000000	-0.125460	0.957290	-0.043664	0.257289	-0.000916
	0.000000	1.000000	0.000000	0.000000	0.000000	-0.142233	0.876559	0.352868	-0.187232	0.273745
	0.000000	1.000000	0.000000	0.000000	0.000000	0.001586	1.030139	-0.005878	-0.009584	-0.012246
	0.000000	1.000000	0.000000	0.000000	0.000000	-0.016367	1.037601	0.015666	-0.040026	0.004879
	0.000000	1.000000	0.000000	0.000000	0.000000	-0.019501	1.062667	0.012055	-0.000061	-0.048382
	0.000000	1.000000	0.000000	0.000000	0.000000	0.206963	0.957151	0.020137	-0.086047	-0.045816
	0.000000	1.000000	0.000000	0.000000	0.000000	-0.000281	1.038243	-0.009876	0.005400	-0.031310
	0.000000	1.000000	0.000000	0.000000	0.000000	0.038293	0.954785	-0.016443	-0.051753	0.065535
	0.000000	1.000000	0.000000	0.000000	0.000000	-0.016851	1.032076	0.011213	-0.043320	0.012827
	0.000000	1.000000	0.000000	0.000000	0.000000	-0.014277	1.010459	-0.000897	0.003565	0.014494
	0.000000	1.000000	0.000000	0.000000	0.000000	-0.010938	1.053964	0.002475	0.007273	-0.041035
	0.000000	1.000000	0.000000	0.000000	0.000000	-0.059729	0.875970	-0.039636	0.117294	0.131444
	0.000000	1.000000	0.000000	0.000000	0.000000	0.032385	1.003092	-0.000406	-0.078872	0.039196
	0.000000	1.000000	0.000000	0.000000	0.000000	-0.009343	0.950393	-0.008405	0.017216	0.058704
	0.000000	1.000000	0.000000	0.000000	0.000000	-0.007205	1.044214	-0.007945	0.000670	-0.021925
	0.000000	1.000000	0.000000	0.000000	0.000000	0.007968	0.932934	-0.001770	-0.012175	0.071632
	0.000000	1.000000	0.000000	0.000000	0.000000	-0.056682	0.910449	-0.039002	0.186633	0.004282
	0.000000	1.000000	0.000000	0.000000	0.000000	-0.044204	0.854612	0.000736	0.145255	0.038995
	0.000000	1.000000	0.000000	0.000000	0.000000	-0.007051	1.036512	0.010622	-0.009582	-0.024309
	0.000000	1.000000	0.000000	0.000000	0.000000	-0.007031	1.070574	0.004486	-0.006946	-0.051757
	0.000000	1.000000	0.000000	0.000000	0.000000	-0.187584	0.709297	0.352607	-0.068819	0.246690
	0.000000	0.000000	1.000000	0.000000	0.000000	-0.072363	-0.020450	0.930689	0.064633	0.099774
	0.000000	0.000000	1.000000	0.000000	0.000000	-0.017270	-0.031659	0.925467	0.117819	0.015609
	0.000000	0.000000	1.000000	0.000000	0.000000	0.043711	0.065348	1.053819	-0.129395	-0.018225
	0.000000	0.000000	1.000000	0.000000	0.000000	0.085863	0.045490	0.879536	0.023481	-0.034482
	0.000000	0.000000	1.000000	0.000000	0.000000	-0.042642	0.042503	0.938950	0.040902	-0.021426
	0.000000	0.000000	1.000000	0.000000	0.000000	0.033545	0.016981	0.938304	0.039674	-0.027350
	0.000000	0.000000	1.000000	0.000000	0.000000	-0.073748	-0.007384	0.534601	0.530993	0.014557
	0.000000	0.000000	1.000000	0.000000	0.000000	-0.001857	0.063903	1.008661	-0.046725	-0.059035
	0.000000	0.000000	1.000000	0.000000	0.000000	-0.002372	-0.013007	1.009782	-0.013776	0.022556
	0.000000	0.000000	1.000000	0.000000	0.000000	0.037397	-0.003760	0.839535	0.152451	-0.015754
	0.000000	0.000000	1.000000	0.000000	0.000000	0.205229	0.083346	0.816975	0.004510	-0.059298
	0.000000	0.000000	1.000000	0.000000	0.000000	0.023982	-0.027707	0.782380	0.240988	-0.004545
	0.000000	0.000000	1.000000	0.000000	0.000000	0.024741	0.014373	1.050130	-0.088563	0.009663
	0.000000	0.000000	1.000000	0.000000	0.000000	-0.261460	0.083955	0.122415	0.925194	0.242644
	0.000000	0.000000	1.000000	0.000000	0.000000	-0.014814	-0.016992	1.010611	-0.008595	0.035617
	0.000000	0.000000	1.000000	0.000000	0.000000	0.041093	0.063635	1.051252	-0.132059	-0.002969
	0.000000	0.000000	0.000000	1.000000	0.000000	0.126219	0.018035	0.200885	0.787197	-0.096333
	0.000000	0.000000	0.000000	1.000000	0.000000	0.013321	-0.065199	-0.024146	0.603072	0.374696
	0.000000	0.000000	0.000000	1.000000	0.000000	-0.200048	0.095324	-0.071323	1.009724	0.222068
	0.000000	0.000000	0.000000	1.000000	0.000000	-0.162393	-0.018617	-0.045962	1.108623	0.058502
	0.000000	0.000000	0.000000	1.000000	0.000000	0.037475	-0.028405	0.012003	0.908133	0.007534
	0.000000	0.000000	0.000000	1.000000	0.000000	-0.140802	-0.025810	-0.073101	0.958832	0.272782
	0.000000	0.000000	0.000000	1.000000	0.000000	0.155816	0.052753	-0.031448	0.787325	-0.018482
	0.000000	0.000000	0.000000	1.000000	0.000000	0.120027	-0.021142	0.080048	0.940189	-0.094524
	0.000000	0.000000	0.000000	1.000000	0.000000	-0.137381	-0.023497	0.053947	1.044499	0.025326
	0.000000	0.000000	0.000000	1.000000	0.000000	-0.109222	-0.007670	-0.065399	1.088858	0.022189
	0.000000	0.000000	0.000000	1.000000	0.000000	0.186992	0.006972	0.209391	0.797249	-0.120976
	0.000000	0.000000	0.000000	1.000000	0.000000	-0.029104	-0.050575	0.064786	1.035357	-0.036375
	0.000000	0.000000	0.000000	1.000000	0.000000	-0.227808	-0.034266	-0.014063	1.143253	0.107671
	0.000000	0.000000	0.000000	1.000000	0.000000	0.017826	-0.059782	0.490742	0.653954	-0.037499
	0.000000	0.000000	0.000000	1.000000	0.000000	-0.070264	-0.018880	0.245456	0.836616	0.010599
	0.000000	0.000000	0.000000	0.000000	1.000000	-0.004071	-0.035770	0.014620	0.012168	1.034377
	0.000000	0.000000	0.000000	0.000000	1.000000	-0.042315	-0.010278	0.000687	0.079853	0.992782
	0.000000	0.000000	0.000000	0.000000	1.000000	-0.021009	-0.018781	0.000420	-0.007776	1.042221
	0.000000	0.000000	0.000000	0.000000	1.000000	-0.003586	-0.014636	0.014531	-0.047452	1.049890
	0.000000	0.000000	0.000000	0.000000	1.000000	0.049455	0.052209	0.009408	-0.039026	0.928171
	0.000000	0.000000	0.000000	0.000000	1.000000	0.027215	-0.047169	0.018330	-0.041148	1.064389
	0.000000	0.000000	0.000000	0.000000	1.000000	-0.010812	-0.024054	-0.003271	0.091856	0.959263
	0.000000	0.000000	0.000000	0.000000	1.000000	-0.012177	-0.017901	0.004292	-0.016380	1.041929
	0.000000	0.000000	0.000000	0.000000	1.000000	0.146447	0.017154	0.046362	-0.096733	0.960057
	0.000000	0.000000	0.000000	0.000000	1.000000	0.423745	-0.011308	-0.019415	0.031376	0.528934
	0.000000	0.000000	0.000000	0.000000	1.000000	-0.025920	0.001095	-0.010168	-0.010300	1.028473
	0.000000	0.000000	0.000000	0.000000	1.000000	-0.027562	-0.039155	0.023010	-0.010766	1.068743
	0.000000	0.000000	0.000000	0.000000	1.000000	-0.007495	0.004004	-0.001743	-0.034180	1.026256
	0.000000	0.000000	0.000000	0.000000	1.000000	-0.040343	-0.071183	0.002432	0.021329	1.093354
	0.000000	0.000000	0.000000	0.000000	1.000000	0.009053	0.009109	0.001541	-0.035108	1.009155
	0.000000	0.000000	0.000000	0.000000	1.000000	0.000973	-0.068992	-0.014088	0.078557	1.003356
	0.000000	0.000000	0.000000	0.000000	1.000000	-0.018318	-0.033064	0.012197	0.021473	1.032915
	0.000000	0.000000	0.000000	0.000000	1.000000	-0.058286	0.099136	-0.019861	0.076514	0.906718
	0.000000	0.000000	0.000000	0.000000	1.000000	-0.010819	0.016084	0.000637	-0.050033	1.032035
	0.000000	0.000000	0.000000	0.000000	1.000000	-0.024631	-0.031223	-0.002790	0.110609	0.958259
	0.000000	0.000000	0.000000	0.000000	1.000000	-0.000745	-0.035322	0.006382	-0.021529	1.053724
	0.000000	0.000000	0.000000	0.000000	1.000000	-0.029507	-0.030705	0.000361	-0.022370	1.070395
	0.000000	0.000000	0.000000	0.000000	1.000000	0.073127	0.028591	0.020982	-0.108679	1.016528
	0.000000	0.000000	0.000000	0.000000	1.000000	0.011930	-0.039268	0.009812	0.015345	1.019734
	0.000000	0.000000	0.000000	0.000000	1.000000	-0.014758	0.001642	-0.002823	-0.035352	1.038241
	0.000000	0.000000	0.000000	0.000000	1.000000	0.025559	-0.009480	0.022769	-0.084131	1.056921
	0.000000	0.000000	0.000000	0.000000	1.000000	0.016371	-0.024260	0.017168	-0.065254	1.066414
	0.000000	0.000000	0.000000	0.000000	1.000000	0.135694	-0.034964	-0.003429	0.087546	0.819074
	0.000000	0.000000	0.000000	0.000000	1.000000	-0.017562	-0.054630	0.010539	-0.025531	1.091112
	0.000000	0.000000	0.000000	0.000000	1.000000	-0.036592	-0.045213	0.002184	0.003304	1.073172
	0.000000	0.000000	0.000000	0.000000	1.000000	-0.052456	-0.074135	-0.004268	0.063710	1.078234
	0.000000	0.000000	0.000000	0.000000	1.000000	0.018734	-0.003555	-0.005607	-0.016981	1.002064
	0.000000	0.000000	0.000000	0.000000	1.000000	-0.031363	-0.046147	0.000002	-0.010708	1.081734
	0.000000	0.000000	0.000000	0.000000	1.000000	-0.030401	-0.022143	-0.010175	-0.006181	1.052557
	0.000000	0.000000	0.000000	0.000000	1.000000	0.024457	-0.045148	0.012210	0.006879	1.021522
	0.000000	0.000000	0.000000	0.000000	1.000000	0.023953	0.140112	-0.014942	-0.031882	0.859443
	0.000000	0.000000	0.000000	0.000000	1.000000	0.004127	0.024893	0.003090	-0.062816	1.020683
	0.000000	0.000000	0.000000	0.000000	1.000000	0.033749	0.170912	-0.018086	-0.053926	0.843901
	0.000000	0.000000	0.000000	0.000000	1.000000	0.030811	0.133693	-0.023095	-0.062503	0.894217
	0.000000	0.000000	0.000000	0.000000	1.000000	0.016207	0.026129	0.018774	-0.041703	0.986153
	0.000000	0.000000	0.000000	0.000000	1.000000	0.029156	0.107809	-0.040127	-0.063284	0.923601
	0.000000	0.000000	0.000000	0.000000	1.000000	-0.017270	0.021461	-0.006787	0.024815	0.972753
	0.000000	0.000000	0.000000	0.000000	1.000000	-0.005516	-0.059096	-0.000168	0.015891	1.054851
	0.000000	0.000000	0.000000	0.000000	1.000000	0.021140	0.000976	0.013722	-0.049972	1.021587
	0.000000	0.000000	0.000000	0.000000	1.000000	-0.062927	-0.031035	-0.007631	0.042091	1.060632
	0.000000	0.000000	0.000000	0.000000	1.000000	-0.016599	-0.004879	0.003828	-0.047489	1.052391
	0.000000	0.000000	0.000000	0.000000	1.000000	0.009079	-0.023778	-0.002480	-0.018858	1.037063
	0.000000	0.000000	0.000000	0.000000	1.000000	-0.005841	0.012687	0.002530	-0.005989	0.994510
	0.000000	0.000000	0.000000	0.000000	1.000000	0.021845	0.079339	-0.015039	-0.070765	0.962117
	0.000000	0.000000	0.000000	0.000000	1.000000	-0.025175	-0.035599	0.002585	0.009774	1.049698
	0.000000	0.000000	0.000000	0.000000	1.000000	0.036954	-0.017547	0.016762	-0.066642	1.049893
	0.000000	0.000000	0.000000	0.000000	1.000000	-0.018116	0.022980	-0.013081	-0.028073	1.015060
	0.000000	0.000000	0.000000	0.000000	1.000000	0.078086	-0.001828	0.021935	-0.051219	0.972516
	0.000000	0.000000	0.000000	0.000000	1.000000	-0.009471	-0.020996	0.004102	-0.022236	1.043864
	0.000000	0.000000	0.000000	0.000000	1.000000	-0.079128	-0.010381	0.036983	0.032641	1.047736
	0.000000	0.000000	0.000000	0.000000	1.000000	0.017896	0.002841	0.001611	-0.014459	0.991338
	0.000000	0.000000	0.000000	0.000000	1.000000	0.006821	0.017587	0.005292	-0.051181	1.016197
	0.000000	0.000000	0.000000	0.000000	1.000000	0.004412	-0.048830	0.013530	-0.005098	1.048049
	0.000000	0.000000	0.000000	0.000000	1.000000	0.090581	0.000785	0.040861	-0.124629	1.051990
	0.000000	0.000000	0.000000	0.000000	1.000000	0.030024	-0.023490	0.018461	-0.069515	1.062098
	0.000000	0.000000	0.000000	0.000000	1.000000	-0.014216	-0.038363	0.013507	-0.021465	1.067252
