	1.000000	0.000000	0.000000	0.000000	0.000000	1.022038	0.020605	0.021155	-0.095700	0.045036
	1.000000	0.000000	0.000000	0.000000	0.000000	0.984525	-0.010785	-0.029550	-0.000442	0.040252
	1.000000	0.000000	0.000000	0.000000	0.000000	1.080228	-0.011834	-0.009726	-0.050253	-0.087045
	1.000000	0.000000	0.000000	0.000000	0.000000	1.093754	0.008041	-0.037960	-0.013636	-0.089762
	1.000000	0.000000	0.000000	0.000000	0.000000	0.926848	-0.009213	-0.035882	0.047005	0.058046
	1.000000	0.000000	0.000000	0.000000	0.000000	0.968294	0.024693	-0.008731	-0.049410	0.075298
	1.000000	0.000000	0.000000	0.000000	0.000000	0.889341	0.001558	-0.029278	0.060281	0.071985
	1.000000	0.000000	0.000000	0.000000	0.000000	1.042741	0.019924	-0.032985	0.028473	-0.089330
	1.000000	0.000000	0.000000	0.000000	0.000000	0.969121	0.018461	0.001348	-0.090220	0.135551
	1.000000	0.000000	0.000000	0.000000	0.000000	1.021351	0.013350	-0.031645	0.098051	-0.134073
	1.000000	0.000000	0.000000	0.000000	0.000000	0.950060	0.027659	-0.005593	-0.073146	0.110938
	1.000000	0.000000	0.000000	0.000000	0.000000	1.009361	0.006573	-0.001265	-0.072373	0.004840
	1.000000	0.000000	0.000000	0.000000	0.000000	0.958167	-0.003450	-0.049866	0.101334	-0.041446
	1.000000	0.000000	0.000000	0.000000	0.000000	0.565442	0.196411	0.066513	-0.059351	0.290454
	0.000000	1.000000	0.000000	0.000000	0.000000	0.015777	1.038409	0.012391	-0.046029	-0.021150
	0.000000	1.000000	0.000000	0.000000	0.000000	-0.010358	1.036360	-0.010787	0.011918	-0.026566
	0.000000	1.000000	0.000000	0.000000	0.000000	-0.018143	1.052276	0.012431	-0.035955	-0.008956
	0.000000	1.000000	0.000000	0.000000	0.000000	-0.019230	1.038366	-0.022375	0.027893	-0.020596
	0.000000	1.000000	0.000000	0.000000	0.000000	0.016768	1.050290	0.008826	-0.051261	-0.014248
	0.000000	1.000000	0.000000	0.000000	0.000000	0.000232	1.005642	-0.020674	0.019785	-0.017567
	0.000000	1.000000	0.000000	0.000000	0.000000	0.014326	0.953948	-0.028976	-0.008866	0.052283
	0.000000	1.000000	0.000000	0.000000	0.000000	-0.011614	0.958105	-0.030532	0.072267	-0.000028
	0.000000	1.000000	0.000000	0.000000	0.000000	-0.020486	1.053113	0.000561	0.021408	-0.049993
	0.000000	1.000000	0.000000	0.000000	0.000000	0.006319	1.034247	-0.011736	0.018050	-0.059552
	0.000000	1.000000	0.000000	0.000000	0.000000	0.023637	1.025469	0.002411	-0.046162	-0.002981
	0.000000	1.000000	0.000000	0.000000	0.000000	0.004683	1.059578	-0.011538	0.004232	-0.059686
	0.000000	1.000000	0.000000	0.000000	0.000000	-0.005447	1.037172	0.021701	-0.044797	-0.000906
	0.000000	1.000000	0.000000	0.000000	0.000000	-0.012384	1.037662	-0.006170	0.000302	-0.011498
	0.000000	1.000000	0.000000	0.000000	0.000000	0.013988	1.013010	-0.016337	-0.028628	0.012686
	0.000000	1.000000	0.000000	0.000000	0.000000	-0.005833	1.054648	0.008784	-0.020630	-0.029995
	0.000000	1.000000	0.000000	0.000000	0.000000	0.070530	0.869840	-0.024493	-0.074197	0.132980
	0.000000	1.000000	0.000000	0.000000	0.000000	0.032021	0.968177	-0.032397	-0.031770	0.042348
	0.000000	1.000000	0.000000	0.000000	0.000000	-0.020194	0.997502	0.046409	0.004243	-0.037336
	0.000000	1.000000	0.000000	0.000000	0.000000	0.023286	1.010596	-0.029106	-0.025687	0.005419
	0.000000	1.000000	0.000000	0.000000	0.000000	-0.003395	1.063618	0.044832	-0.056998	-0.037382
	0.000000	1.000000	0.000000	0.000000	0.000000	-0.030437	0.853864	-0.049150	0.080251	0.141612
	0.000000	1.000000	0.000000	0.000000	0.000000	-0.006693	0.884532	-0.031783	0.014473	0.132178
	0.000000	1.000000	0.000000	0.000000	0.000000	0.064876	0.944377	0.099400	-0.117660	0.038658
	0.000000	1.000000	0.000000	0.000000	0.000000	0.011120	1.069297	0.001381	-0.041043	-0.034646
	0.000000	1.000000	0.000000	0.000000	0.000000	0.055311	1.067288	0.002253	-0.092344	-0.026374
	0.000000	1.000000	0.000000	0.000000	0.000000	0.036089	1.042882	0.050455	-0.080781	-0.029797
	0.000000	1.000000	0.000000	0.000000	0.000000	-0.054742	0.988779	0.002361	0.069122	-0.018545
	0.000000	1.000000	0.000000	0.000000	0.000000	0.046377	0.913913	0.016213	-0.013429	0.028513
	0.000000	1.000000	0.000000	0.000000	0.000000	0.029024	0.935908	0.009741	-0.004487	0.005605
	0.000000	1.000000	0.000000	0.000000	0.000000	0.044154	0.994618	0.041195	-0.003072	-0.076006
	0.000000	1.000000	0.000000	0.000000	0.000000	0.048657	1.004129	-0.025315	-0.069266	0.028194
	0.000000	1.000000	0.000000	0.000000	0.000000	-0.016307	1.083690	0.004064	-0.008124	-0.050887
	0.000000	1.000000	0.000000	0.000000	0.000000	-0.021198	1.023026	0.030152	-0.006835	-0.041131
	0.000000	1.000000	0.000000	0.000000	0.000000	0.146919	0.672816	0.044531	0.125765	-0.081734
	0.000000	1.000000	0.000000	0.000000	0.000000	0.027789	1.010709	-0.020603	-0.046017	0.018094
	0.000000	1.000000	0.000000	0.000000	0.000000	-0.006369	1.015756	-0.019690	0.028494	-0.018583
	0.000000	1.000000	0.000000	0.000000	0.000000	-0.001954	1.052842	0.014536	-0.026751	-0.037117
	0.000000	1.000000	0.000000	0.000000	0.000000	-0.010539	1.079032	-0.002338	-0.005279	-0.051836
	0.000000	0.000000	1.000000	0.000000	0.000000	0.029477	0.055139	1.021866	-0.078232	-0.028746
	0.000000	0.000000	1.000000	0.000000	0.000000	-0.005524	0.151702	0.983933	-0.089825	-0.085418
	0.000000	0.000000	1.000000	0.000000	0.000000	-0.007272	0.021690	1.034806	-0.060441	0.003126
	0.000000	0.000000	1.000000	0.000000	0.000000	0.007487	0.044471	0.882887	0.071362	-0.027085
	0.000000	0.000000	1.000000	0.000000	0.000000	0.016248	0.029968	1.055063	-0.094817	-0.001134
	0.000000	0.000000	1.000000	0.000000	0.000000	-0.039287	0.022251	0.903944	0.094295	-0.001322
	0.000000	0.000000	1.000000	0.000000	0.000000	0.011487	0.003485	1.012727	-0.039156	0.015518
	0.000000	0.000000	1.000000	0.000000	0.000000	0.043680	0.028398	0.963712	-0.014726	-0.013531
	0.000000	0.000000	1.000000	0.000000	0.000000	0.067320	0.054650	1.031018	-0.112382	-0.015466
	0.000000	0.000000	1.000000	0.000000	0.000000	-0.026528	-0.011689	0.960036	0.054368	0.024826
	0.000000	0.000000	1.000000	0.000000	0.000000	0.036175	0.055617	0.895160	0.025822	-0.030786
	0.000000	0.000000	1.000000	0.000000	0.000000	-0.027487	-0.011890	1.029324	-0.027487	0.035803
	0.000000	0.000000	1.000000	0.000000	0.000000	-0.007969	0.002203	0.997618	-0.044746	0.057578
	0.000000	0.000000	0.000000	1.000000	0.000000	-0.074443	0.088993	-0.040573	1.022236	-0.057351
	0.000000	0.000000	0.000000	1.000000	0.000000	0.195811	0.117935	-0.001899	0.765733	-0.084207
	0.000000	0.000000	0.000000	1.000000	0.000000	0.175249	0.119297	-0.048209	0.648394	0.079715
	0.000000	0.000000	0.000000	1.000000	0.000000	-0.137641	0.183875	-0.080461	0.932949	0.128050
	0.000000	0.000000	0.000000	1.000000	0.000000	0.159014	0.000548	0.025277	0.838887	-0.057307
	0.000000	0.000000	0.000000	1.000000	0.000000	0.047835	0.060610	-0.041900	0.753472	0.091662
	0.000000	0.000000	0.000000	1.000000	0.000000	0.047289	-0.010648	0.098744	0.945535	-0.078002
	0.000000	0.000000	0.000000	1.000000	0.000000	-0.072401	0.286979	-0.087851	0.841259	0.027743
	0.000000	0.000000	0.000000	1.000000	0.000000	-0.051445	0.011735	-0.050080	0.973208	0.055611
	0.000000	0.000000	0.000000	1.000000	0.000000	-0.083218	0.015485	-0.077602	0.909363	0.197669
	0.000000	0.000000	0.000000	1.000000	0.000000	0.178830	-0.019283	0.152580	0.881347	-0.122849
	0.000000	0.000000	0.000000	1.000000	0.000000	0.006960	-0.017073	0.076558	1.001398	-0.080032
	0.000000	0.000000	0.000000	1.000000	0.000000	0.012057	0.069853	-0.023784	0.970383	-0.074992
	0.000000	0.000000	0.000000	1.000000	0.000000	0.163413	-0.045901	0.134773	0.970976	-0.126211
	0.000000	0.000000	0.000000	1.000000	0.000000	-0.075858	-0.020546	-0.017199	1.089768	-0.038604
	0.000000	0.000000	0.000000	1.000000	0.000000	0.036986	-0.010784	0.063522	1.017114	-0.101618
	0.000000	0.000000	0.000000	0.000000	1.000000	0.008643	0.001256	0.009803	-0.006008	0.997934
	0.000000	0.000000	0.000000	0.000000	1.000000	0.062176	-0.025935	0.004937	0.026332	0.950831
	0.000000	0.000000	0.000000	0.000000	1.000000	0.066140	0.065801	0.035346	-0.039927	0.899317
	0.000000	0.000000	0.000000	0.000000	1.000000	0.033012	-0.055093	-0.018052	0.078257	0.945956
	0.000000	0.000000	0.000000	0.000000	1.000000	0.107393	0.023404	0.009830	-0.059102	0.930201
	0.000000	0.000000	0.000000	0.000000	1.000000	0.062760	0.120230	-0.003782	-0.099696	0.914846
	0.000000	0.000000	0.000000	0.000000	1.000000	0.019660	0.065544	-0.015361	-0.063002	0.973834
	0.000000	0.000000	0.000000	0.000000	1.000000	0.065311	-0.017638	0.010450	-0.029447	0.984969
	0.000000	0.000000	0.000000	0.000000	1.000000	-0.031007	-0.042686	-0.004096	0.002723	1.069284
	0.000000	0.000000	0.000000	0.000000	1.000000	0.025639	0.088082	-0.024232	-0.048854	0.928529
	0.000000	0.000000	0.000000	0.000000	1.000000	-0.015674	0.000396	-0.009816	0.022767	0.991191
	0.000000	0.000000	0.000000	0.000000	1.000000	-0.007350	-0.020574	0.000370	-0.017961	1.040713
	0.000000	0.000000	0.000000	0.000000	1.000000	0.012335	0.056846	-0.017129	-0.056000	0.980537
	0.000000	0.000000	0.000000	0.000000	1.000000	-0.009279	-0.014154	0.000245	-0.023857	1.041277
	0.000000	0.000000	0.000000	0.000000	1.000000	0.000917	-0.012167	0.000107	-0.025555	1.031497
	0.000000	0.000000	0.000000	0.000000	1.000000	-0.005155	0.001393	-0.006697	0.006810	0.993632
	0.000000	0.000000	0.000000	0.000000	1.000000	0.007113	0.113155	-0.021738	-0.026153	0.904177
	0.000000	0.000000	0.000000	0.000000	1.000000	0.098763	-0.022585	0.000795	0.044155	0.885927
	0.000000	0.000000	0.000000	0.000000	1.000000	0.020471	-0.018757	-0.000918	0.064902	0.939456
	0.000000	0.000000	0.000000	0.000000	1.000000	0.031187	0.064285	0.001703	-0.011693	0.907799
	0.000000	0.000000	0.000000	0.000000	1.000000	-0.011932	0.012554	0.000677	-0.036002	1.027114
	0.000000	0.000000	0.000000	0.000000	1.000000	-0.013609	-0.040312	0.010052	-0.020503	1.068221
	0.000000	0.000000	0.000000	0.000000	1.000000	-0.019966	-0.000782	-0.006256	-0.023543	1.037299
	0.000000	0.000000	0.000000	0.000000	1.000000	0.060093	-0.018593	0.015693	-0.031573	1.000451
	0.000000	0.000000	0.000000	0.000000	1.000000	0.000880	-0.003497	0.007092	-0.037678	1.030933
	0.000000	0.000000	0.000000	0.000000	1.000000	-0.022747	-0.021422	0.003526	-0.016354	1.051840
	0.000000	0.000000	0.000000	0.000000	1.000000	0.044627	0.023971	0.007933	-0.067997	0.998540
	0.000000	0.000000	0.000000	0.000000	1.000000	0.020294	0.102403	-0.011395	-0.045195	0.915250
	0.000000	0.000000	0.000000	0.000000	1.000000	0.009313	-0.014332	0.008873	-0.013346	1.015189
	0.000000	0.000000	0.000000	0.000000	1.000000	-0.020508	-0.036542	0.005715	-0.009461	1.051479
	0.000000	0.000000	0.000000	0.000000	1.000000	0.007286	-0.000749	0.012574	-0.030397	1.018183
	0.000000	0.000000	0.000000	0.000000	1.000000	-0.018442	-0.058329	0.002267	0.000244	1.076733
	0.000000	0.000000	0.000000	0.000000	1.000000	-0.016388	-0.005712	-0.017315	-0.008230	1.030014
	0.000000	0.000000	0.000000	0.000000	1.000000	0.005472	0.038955	-0.014177	-0.032797	0.985182
	0.000000	0.000000	0.000000	0.000000	1.000000	0.238827	-0.008351	0.003202	0.035042	0.739245
	0.000000	0.000000	0.000000	0.000000	1.000000	0.027582	0.052350	0.024669	-0.072890	0.983324
	0.000000	0.000000	0.000000	0.000000	1.000000	-0.000685	-0.035689	0.009856	-0.018358	1.049787
	0.000000	0.000000	0.000000	0.000000	1.000000	-0.027897	-0.029003	-0.011714	-0.001624	1.056900
	0.000000	0.000000	0.000000	0.000000	1.000000	0.024635	0.058961	-0.028788	-0.060101	0.974134
	0.000000	0.000000	0.000000	0.000000	1.000000	0.013492	-0.044529	0.005772	-0.015190	1.049271
	0.000000	0.000000	0.000000	0.000000	1.000000	0.038247	0.142882	-0.003191	-0.065827	0.876432
	0.000000	0.000000	0.000000	0.000000	1.000000	0.025492	0.059465	0.005089	-0.014256	0.915718
	0.000000	0.000000	0.000000	0.000000	1.000000	-0.035665	-0.039361	-0.002615	0.013674	1.061483
	0.000000	0.000000	0.000000	0.000000	1.000000	0.007604	0.024243	-0.009443	-0.039315	1.003445
	0.000000	0.000000	0.000000	0.000000	1.000000	-0.021670	0.007899	-0.010276	-0.012557	1.023309
	0.000000	0.000000	0.000000	0.000000	1.000000	0.019433	0.018866	0.014538	-0.006834	0.965059
	0.000000	0.000000	0.000000	0.000000	1.000000	0.014315	0.074520	0.005053	-0.059938	0.963146
	0.000000	0.000000	0.000000	0.000000	1.000000	0.046216	0.007421	0.004001	-0.041324	0.979983
	0.000000	0.000000	0.000000	0.000000	1.000000	-0.025270	0.131778	0.005910	0.022004	0.874161
	0.000000	0.000000	0.000000	0.000000	1.000000	0.038600	0.067300	-0.004702	-0.048727	0.930042
	0.000000	0.000000	0.000000	0.000000	1.000000	0.021578	0.049664	-0.009873	-0.021441	0.938503
	0.000000	0.000000	0.000000	0.000000	1.000000	0.303627	0.006189	-0.000255	0.139913	0.549297
	0.000000	0.000000	0.000000	0.000000	1.000000	-0.031346	0.082960	0.047210	0.003465	0.913346
	0.000000	0.000000	0.000000	0.000000	1.000000	0.156281	0.044374	0.057757	-0.113193	0.892477
	0.000000	0.000000	0.000000	0.000000	1.000000	-0.009690	0.174270	0.027156	-0.052067	0.880332
	0.000000	0.000000	0.000000	0.000000	1.000000	0.021113	0.032896	0.047169	-0.018718	0.912392
	0.000000	0.000000	0.000000	0.000000	1.000000	-0.026745	0.046684	0.003118	0.047666	0.937082
	0.000000	0.000000	0.000000	0.000000	1.000000	-0.014609	0.003099	-0.008609	-0.029745	1.034603
	0.000000	0.000000	0.000000	0.000000	1.000000	0.045984	-0.009210	0.042389	-0.082938	1.015889
	0.000000	0.000000	0.000000	0.000000	1.000000	0.049706	0.027630	0.011054	-0.091856	1.011426
	0.000000	0.000000	0.000000	0.000000	1.000000	0.186165	0.050340	0.030594	-0.086667	0.866006
	0.000000	0.000000	0.000000	0.000000	1.000000	-0.002780	0.024522	-0.004353	-0.020964	0.995318
	0.000000	0.000000	0.000000	0.000000	1.000000	0.079269	-0.002318	0.031024	-0.104747	1.034919
	0.000000	0.000000	0.000000	0.000000	1.000000	0.091966	-0.012894	0.029945	-0.099074	1.033109
	0.000000	0.000000	0.000000	0.000000	1.000000	0.040204	0.111010	0.043981	0.053082	0.701385
	1.000000	0.000000	0.000000	0.000000	0.000000	0.634630	-0.037237	-0.058791	0.212981	0.191817
	1.000000	0.000000	0.000000	0.000000	0.000000	0.554192	-0.004577	-0.021506	0.012769	0.371455
	1.000000	0.000000	0.000000	0.000000	0.000000	0.755762	-0.016721	-0.043179	0.136887	0.138775
	1.000000	0.000000	0.000000	0.000000	0.000000	0.968607	0.030936	0.027941	-0.132191	0.215617
	1.000000	0.000000	0.000000	0.000000	0.000000	0.855410	-0.027859	-0.051552	0.131806	0.036251
	1.000000	0.000000	0.000000	0.000000	0.000000	0.925672	-0.003621	-0.020923	-0.002624	0.107817
	1.000000	0.000000	0.000000	0.000000	0.000000	0.908047	-0.018120	-0.028361	0.026991	0.095398
	1.000000	0.000000	0.000000	0.000000	0.000000	0.862695	0.036902	-0.031367	0.188112	-0.041977
	1.000000	0.000000	0.000000	0.000000	0.000000	0.938799	0.004168	-0.047027	0.114412	-0.030842
	1.000000	0.000000	0.000000	0.000000	0.000000	0.346574	-0.024818	-0.009986	0.036298	0.671117
	1.000000	0.000000	0.000000	0.000000	0.000000	0.350764	0.472816	0.004487	0.269918	-0.078858
	1.000000	0.000000	0.000000	0.000000	0.000000	0.706406	-0.011072	-0.000106	-0.044166	0.407853
	1.000000	0.000000	0.000000	0.000000	0.000000	0.402962	0.006639	0.023695	-0.100268	0.722850
	1.000000	0.000000	0.000000	0.000000	0.000000	0.481141	0.029647	0.051998	-0.065106	0.605055
	1.000000	0.000000	0.000000	0.000000	0.000000	0.753106	0.002580	-0.019660	0.048239	0.122446
	1.000000	0.000000	0.000000	0.000000	0.000000	0.546662	-0.012607	0.014002	0.236524	0.067459
	0.000000	1.000000	0.000000	0.000000	0.000000	0.005596	1.045790	0.016273	0.005626	-0.082679
	0.000000	1.000000	0.000000	0.000000	0.000000	0.009665	0.958449	-0.059128	0.033876	0.027676
	0.000000	1.000000	0.000000	0.000000	0.000000	0.059886	0.922152	0.115640	0.025388	-0.173448
	0.000000	1.000000	0.000000	0.000000	0.000000	0.034271	0.983966	0.020116	0.048293	-0.125226
	0.000000	1.000000	0.000000	0.000000	0.000000	-0.007039	1.002298	-0.044710	0.043752	-0.007770
	0.000000	1.000000	0.000000	0.000000	0.000000	0.135569	0.766190	0.066398	-0.090107	0.161633
	0.000000	1.000000	0.000000	0.000000	0.000000	0.077325	0.723715	-0.040780	-0.007214	0.178960
	0.000000	1.000000	0.000000	0.000000	0.000000	-0.046467	0.745555	-0.089115	0.145796	0.227214
	0.000000	1.000000	0.000000	0.000000	0.000000	0.008037	1.038210	-0.014081	-0.017036	-0.017778
	0.000000	1.000000	0.000000	0.000000	0.000000	-0.001699	1.051227	-0.009814	-0.009102	-0.028756
	0.000000	1.000000	0.000000	0.000000	0.000000	0.024576	1.053502	0.036790	-0.062904	-0.035707
	0.000000	1.000000	0.000000	0.000000	0.000000	0.063675	0.962927	-0.039433	-0.070737	0.057682
	0.000000	1.000000	0.000000	0.000000	0.000000	0.005746	1.019992	-0.031148	0.001275	-0.006781
	0.000000	1.000000	0.000000	0.000000	0.000000	0.014612	1.002791	-0.031663	-0.011077	0.010976
	0.000000	1.000000	0.000000	0.000000	0.000000	-0.127756	0.951918	-0.052058	0.295321	-0.016929
	0.000000	1.000000	0.000000	0.000000	0.000000	-0.099475	0.895941	0.353119	-0.198542	0.197817
	0.000000	1.000000	0.000000	0.000000	0.000000	0.005301	1.041307	-0.009534	-0.017278	-0.019917
	0.000000	1.000000	0.000000	0.000000	0.000000	-0.011557	1.047543	0.019635	-0.054763	-0.000016
	0.000000	1.000000	0.000000	0.000000	0.000000	-0.021258	1.074527	0.011496	-0.004981	-0.054688
	0.000000	1.000000	0.000000	0.000000	0.000000	0.240600	0.978661	0.013562	-0.108473	-0.063901
	0.000000	1.000000	0.000000	0.000000	0.000000	0.002126	1.047158	-0.013415	-0.002550	-0.036444
	0.000000	1.000000	0.000000	0.000000	0.000000	0.050479	0.966509	-0.021906	-0.065071	0.055754
	0.000000	1.000000	0.000000	0.000000	0.000000	-0.013005	1.041086	0.015733	-0.054875	0.007164
	0.000000	1.000000	0.000000	0.000000	0.000000	-0.006581	1.027516	-0.004101	-0.011707	0.002685
	0.000000	1.000000	0.000000	0.000000	0.000000	-0.009293	1.066507	0.000354	0.000410	-0.049485
	0.000000	1.000000	0.000000	0.000000	0.000000	-0.045305	0.890265	-0.043836	0.091286	0.119315
	0.000000	1.000000	0.000000	0.000000	0.000000	0.045941	1.011616	0.001108	-0.099644	0.036376
	0.000000	1.000000	0.000000	0.000000	0.000000	0.005446	0.971480	-0.014274	-0.000211	0.037784
	0.000000	1.000000	0.000000	0.000000	0.000000	-0.002911	1.054193	-0.009686	-0.011435	-0.026504
	0.000000	1.000000	0.000000	0.000000	0.000000	0.016727	0.947986	-0.008417	-0.023050	0.058021
	0.000000	1.000000	0.000000	0.000000	0.000000	-0.051711	0.923160	-0.048901	0.186341	-0.012152
	0.000000	1.000000	0.000000	0.000000	0.000000	-0.033720	0.885780	-0.012601	0.128356	0.012352
	0.000000	1.000000	0.000000	0.000000	0.000000	-0.003059	1.048902	0.008374	-0.021346	-0.031681
	0.000000	1.000000	0.000000	0.000000	0.000000	-0.008473	1.081707	0.003775	-0.012477	-0.057603
	0.000000	1.000000	0.000000	0.000000	0.000000	-0.160885	0.755205	0.346424	-0.090628	0.172201
	0.000000	0.000000	1.000000	0.000000	0.000000	-0.066903	-0.007586	0.940149	0.031198	0.100701
	0.000000	0.000000	1.000000	0.000000	0.000000	-0.005650	-0.025679	0.933188	0.090097	0.010508
	0.000000	0.000000	1.000000	0.000000	0.000000	0.060090	0.100311	1.050755	-0.147856	-0.039729
	0.000000	0.000000	1.000000	0.000000	0.000000	0.094560	0.075481	0.875561	-0.001784	-0.049029
	0.000000	0.000000	1.000000	0.000000	0.000000	-0.037947	0.089260	0.925437	0.014603	-0.041961
	0.000000	0.000000	1.000000	0.000000	0.000000	0.052998	0.052101	0.931219	0.011485	-0.050351
	0.000000	0.000000	1.000000	0.000000	0.000000	-0.033075	0.015453	0.538504	0.484813	-0.022424
	0.000000	0.000000	1.000000	0.000000	0.000000	0.001703	0.098825	0.999935	-0.059217	-0.076176
	0.000000	0.000000	1.000000	0.000000	0.000000	0.000321	-0.005842	1.014064	-0.031061	0.021529
	0.000000	0.000000	1.000000	0.000000	0.000000	0.048256	0.008471	0.838881	0.134416	-0.026832
	0.000000	0.000000	1.000000	0.000000	0.000000	0.242998	0.120729	0.820484	-0.035309	-0.081617
	0.000000	0.000000	1.000000	0.000000	0.000000	0.042098	-0.025882	0.793284	0.209525	-0.010855
	0.000000	0.000000	1.000000	0.000000	0.000000	0.030838	0.032033	1.052047	-0.106200	0.000934
	0.000000	0.000000	1.000000	0.000000	0.000000	-0.255028	0.147855	0.099662	0.898773	0.185256
	0.000000	0.000000	1.000000	0.000000	0.000000	-0.013264	-0.005357	1.011841	-0.024814	0.033605
	0.000000	0.000000	1.000000	0.000000	0.000000	0.065883	0.105348	1.047439	-0.154074	-0.030511
	0.000000	0.000000	0.000000	1.000000	0.000000	0.185683	0.049517	0.203307	0.748793	-0.130322
	0.000000	0.000000	0.000000	1.000000	0.000000	0.054848	-0.036316	-0.025118	0.587560	0.292097
	0.000000	0.000000	0.000000	1.000000	0.000000	-0.194919	0.140984	-0.081923	0.987730	0.186448
	0.000000	0.000000	0.000000	1.000000	0.000000	-0.146145	0.025550	-0.053705	1.089805	0.014163
	0.000000	0.000000	0.000000	1.000000	0.000000	0.093754	-0.015145	0.023197	0.878256	-0.034030
	0.000000	0.000000	0.000000	1.000000	0.000000	-0.113832	0.013345	-0.078044	0.945331	0.191534
	0.000000	0.000000	0.000000	1.000000	0.000000	0.185559	0.069247	-0.031930	0.767661	-0.040942
	0.000000	0.000000	0.000000	1.000000	0.000000	0.155192	0.007305	0.081519	0.919609	-0.122258
	0.000000	0.000000	0.000000	1.000000	0.000000	-0.118405	-0.002121	0.056982	1.023574	-0.003581
	0.000000	0.000000	0.000000	1.000000	0.000000	-0.097115	0.032602	-0.070567	1.065916	-0.003080
	0.000000	0.000000	0.000000	1.000000	0.000000	0.218318	0.023062	0.210083	0.788257	-0.142306
	0.000000	0.000000	0.000000	1.000000	0.000000	0.004671	-0.030594	0.073743	1.014684	-0.069112
	0.000000	0.000000	0.000000	1.000000	0.000000	-0.207362	-0.005905	-0.009122	1.120782	0.057463
	0.000000	0.000000	0.000000	1.000000	0.000000	0.040979	-0.059919	0.508596	0.631397	-0.052430
	0.000000	0.000000	0.000000	1.000000	0.000000	0.004735	0.013956	0.258857	0.771425	-0.048594
	0.000000	0.000000	0.000000	0.000000	1.000000	0.023500	-0.017179	0.015491	-0.008879	1.008734
	0.000000	0.000000	0.000000	0.000000	1.000000	-0.022825	0.008714	0.000352	0.060251	0.968159
	0.000000	0.000000	0.000000	0.000000	1.000000	-0.008543	-0.002429	-0.001074	-0.021297	1.026579
	0.000000	0.000000	0.000000	0.000000	1.000000	0.024968	0.011108	0.013789	-0.069819	1.022581
	0.000000	0.000000	0.000000	0.000000	1.000000	0.072898	0.079583	0.005338	-0.053915	0.892174
	0.000000	0.000000	0.000000	0.000000	1.000000	0.043294	-0.040407	0.018289	-0.050607	1.051850
	0.000000	0.000000	0.000000	0.000000	1.000000	0.004584	-0.007255	-0.009371	0.085432	0.925566
	0.000000	0.000000	0.000000	0.000000	1.000000	0.007439	0.002032	0.003490	-0.034062	1.021232
	0.000000	0.000000	0.000000	0.000000	1.000000	0.196764	0.031745	0.050755	-0.114808	0.921527
	0.000000	0.000000	0.000000	0.000000	1.000000	0.483262	-0.012947	-0.024527	0.038047	0.460672
	0.000000	0.000000	0.000000	0.000000	1.000000	-0.008902	0.022428	-0.013031	-0.024675	1.005759
	0.000000	0.000000	0.000000	0.000000	1.000000	-0.002268	-0.018994	0.027204	-0.040126	1.050767
	0.000000	0.000000	0.000000	0.000000	1.000000	0.008694	0.026609	-0.003752	-0.051110	1.006147
	0.000000	0.000000	0.000000	0.000000	1.000000	-0.031417	-0.064342	0.000406	0.016213	1.083659
	0.000000	0.000000	0.000000	0.000000	1.000000	0.024678	0.034884	-0.002781	-0.051706	0.985206
	0.000000	0.000000	0.000000	0.000000	1.000000	0.011091	-0.066282	-0.020383	0.087031	0.982218
	0.000000	0.000000	0.000000	0.000000	1.000000	0.005434	-0.015187	0.012588	0.000853	1.009508
	0.000000	0.000000	0.000000	0.000000	1.000000	-0.043447	0.119723	-0.021610	0.056682	0.883700
	0.000000	0.000000	0.000000	0.000000	1.000000	0.013737	0.042311	0.001948	-0.074405	1.008279
	0.000000	0.000000	0.000000	0.000000	1.000000	-0.011010	-0.012898	-0.009400	0.101352	0.929261
	0.000000	0.000000	0.000000	0.000000	1.000000	0.021135	-0.018615	0.004451	-0.036140	1.031802
	0.000000	0.000000	0.000000	0.000000	1.000000	-0.011001	-0.011078	-0.000454	-0.041552	1.052610
	0.000000	0.000000	0.000000	0.000000	1.000000	0.111140	0.044937	0.026957	-0.128715	0.991990
	0.000000	0.000000	0.000000	0.000000	1.000000	0.036113	-0.024123	0.009139	-0.000154	0.995189
	0.000000	0.000000	0.000000	0.000000	1.000000	0.007805	0.024454	-0.001812	-0.057701	1.017009
	0.000000	0.000000	0.000000	0.000000	1.000000	0.046679	0.003588	0.024514	-0.098952	1.039672
	0.000000	0.000000	0.000000	0.000000	1.000000	0.028693	-0.018848	0.018142	-0.071081	1.055526
	0.000000	0.000000	0.000000	0.000000	1.000000	0.161980	-0.020774	-0.009440	0.082008	0.774755
	0.000000	0.000000	0.000000	0.000000	1.000000	0.002635	-0.048866	0.011666	-0.037803	1.078579
	0.000000	0.000000	0.000000	0.000000	1.000000	-0.023537	-0.031750	0.000699	-0.008065	1.059163
	0.000000	0.000000	0.000000	0.000000	1.000000	-0.043848	-0.065453	-0.007364	0.059316	1.065943
	0.000000	0.000000	0.000000	0.000000	1.000000	0.027988	0.013852	-0.009644	-0.027319	0.985526
	0.000000	0.000000	0.000000	0.000000	1.000000	-0.014157	-0.031964	0.000320	-0.026841	1.067549
	0.000000	0.000000	0.000000	0.000000	1.000000	-0.017196	-0.005314	-0.011469	-0.020862	1.037425
	0.000000	0.000000	0.000000	0.000000	1.000000	0.050853	-0.032507	0.012420	-0.008261	0.997492
	0.000000	0.000000	0.000000	0.000000	1.000000	0.042269	0.173867	-0.020691	-0.050722	0.826275
	0.000000	0.000000	0.000000	0.000000	1.000000	0.030169	0.053970	0.003473	-0.085403	0.993370
	0.000000	0.000000	0.000000	0.000000	1.000000	0.053643	0.203988	-0.021434	-0.072137	0.811546
	0.000000	0.000000	0.000000	0.000000	1.000000	0.046156	0.155781	-0.023872	-0.076174	0.873020
	0.000000	0.000000	0.000000	0.000000	1.000000	0.032208	0.053169	0.014141	-0.055645	0.958622
	0.000000	0.000000	0.000000	0.000000	1.000000	0.053746	0.140103	-0.042887	-0.082001	0.889919
	0.000000	0.000000	0.000000	0.000000	1.000000	0.001032	0.051456	-0.009906	0.000639	0.945379
	0.000000	0.000000	0.000000	0.000000	1.000000	0.003911	-0.052987	-0.002672	0.012188	1.043085
	0.000000	0.000000	0.000000	0.000000	1.000000	0.055446	0.023999	0.015403	-0.072057	0.990493
	0.000000	0.000000	0.000000	0.000000	1.000000	-0.049168	-0.016659	-0.007098	0.025386	1.047049
	0.000000	0.000000	0.000000	0.000000	1.000000	0.005414	0.019252	0.004849	-0.070208	1.031774
	0.000000	0.000000	0.000000	0.000000	1.000000	0.020117	-0.014585	-0.002705	-0.028464	1.026055
	0.000000	0.000000	0.000000	0.000000	1.000000	0.011359	0.036597	-0.000031	-0.024850	0.970595
	0.000000	0.000000	0.000000	0.000000	1.000000	0.053340	0.118658	-0.015670	-0.097622	0.925226
	0.000000	0.000000	0.000000	0.000000	1.000000	-0.010925	-0.024978	0.002193	-0.001569	1.034778
	0.000000	0.000000	0.000000	0.000000	1.000000	0.066602	-0.004196	0.020222	-0.086079	1.030862
	0.000000	0.000000	0.000000	0.000000	1.000000	-0.002637	0.041597	-0.012670	-0.044631	0.998336
	0.000000	0.000000	0.000000	0.000000	1.000000	0.070877	0.023342	0.009712	-0.058012	0.954845
	0.000000	0.000000	0.000000	0.000000	1.000000	0.003129	0.000073	0.000447	-0.037579	1.025767
	0.000000	0.000000	0.000000	0.000000	1.000000	-0.061103	0.004768	0.038878	0.027644	1.013484
	0.000000	0.000000	0.000000	0.000000	1.000000	0.029847	0.019236	-0.001042	-0.025433	0.972188
	0.000000	0.000000	0.000000	0.000000	1.000000	0.033198	0.044352	0.005286	-0.072679	0.988957
	0.000000	0.000000	0.000000	0.000000	1.000000	0.015460	-0.038496	0.010895	-0.013147	1.033550
	0.000000	0.000000	0.000000	0.000000	1.000000	0.138533	0.011935	0.050348	-0.146896	1.029976
	0.000000	0.000000	0.000000	0.000000	1.000000	0.057534	-0.010602	0.021867	-0.088976	1.045344
	0.000000	0.000000	0.000000	0.000000	1.000000	0.013497	-0.021638	0.015461	-0.043452	1.046454
