	1.000000	0.000000	0.000000	0.000000	0.000000	0.930688	-0.056380	0.004571	-0.045349	0.133743
	1.000000	0.000000	0.000000	0.000000	0.000000	0.896210	-0.078843	-0.049869	0.077187	0.116599
	1.000000	0.000000	0.000000	0.000000	0.000000	1.043447	-0.096690	-0.028690	-0.009978	-0.042250
	1.000000	0.000000	0.000000	0.000000	0.000000	1.024724	-0.072683	-0.056089	0.056370	-0.026467
	1.000000	0.000000	0.000000	0.000000	0.000000	0.842029	-0.069859	-0.052291	0.119091	0.132311
	1.000000	0.000000	0.000000	0.000000	0.000000	0.887589	-0.057162	-0.025722	0.016035	0.150569
	1.000000	0.000000	0.000000	0.000000	0.000000	0.802493	-0.061064	-0.048756	0.149078	0.128222
	1.000000	0.000000	0.000000	0.000000	0.000000	0.978450	-0.066510	-0.052166	0.105067	-0.040959
	1.000000	0.000000	0.000000	0.000000	0.000000	0.871246	-0.061498	-0.015315	-0.036793	0.242803
	1.000000	0.000000	0.000000	0.000000	0.000000	0.963915	-0.070806	-0.051382	0.194301	-0.104464
	1.000000	0.000000	0.000000	0.000000	0.000000	0.873830	-0.049536	-0.016316	-0.026397	0.202750
	1.000000	0.000000	0.000000	0.000000	0.000000	0.956375	-0.081449	-0.015625	-0.021761	0.058046
	1.000000	0.000000	0.000000	0.000000	0.000000	0.876517	-0.066690	-0.065494	0.189496	0.011672
	1.000000	0.000000	0.000000	0.000000	0.000000	0.366002	0.129538	0.052558	-0.006701	0.439983
	0.000000	1.000000	0.000000	0.000000	0.000000	-0.006149	1.010418	0.010689	-0.033359	0.006488
	0.000000	1.000000	0.000000	0.000000	0.000000	-0.031150	1.014198	-0.020992	0.056129	-0.015899
	0.000000	1.000000	0.000000	0.000000	0.000000	-0.025203	1.034598	0.016644	-0.034509	0.005814
	0.000000	1.000000	0.000000	0.000000	0.000000	-0.043214	1.008294	-0.031185	0.084274	-0.000902
	0.000000	1.000000	0.000000	0.000000	0.000000	0.012710	1.034759	0.003770	-0.046196	-0.004821
	0.000000	1.000000	0.000000	0.000000	0.000000	-0.027324	0.970186	-0.032977	0.072733	0.005856
	0.000000	1.000000	0.000000	0.000000	0.000000	-0.015346	0.894078	-0.038677	0.042882	0.102208
	0.000000	1.000000	0.000000	0.000000	0.000000	-0.039049	0.914363	-0.041202	0.138867	0.023948
	0.000000	1.000000	0.000000	0.000000	0.000000	-0.043737	1.042527	-0.004077	0.061178	-0.045093
	0.000000	1.000000	0.000000	0.000000	0.000000	-0.026160	1.013282	-0.023158	0.066964	-0.046778
	0.000000	1.000000	0.000000	0.000000	0.000000	-0.001640	0.983645	0.003942	-0.012202	0.025779
	0.000000	1.000000	0.000000	0.000000	0.000000	-0.017582	1.047010	-0.024194	0.038427	-0.052715
	0.000000	1.000000	0.000000	0.000000	0.000000	-0.038455	1.008156	0.019085	-0.004669	0.020418
	0.000000	1.000000	0.000000	0.000000	0.000000	-0.018788	1.018101	-0.015612	0.016667	0.001433
	0.000000	1.000000	0.000000	0.000000	0.000000	0.004184	0.978369	-0.027929	-0.005142	0.038150
	0.000000	1.000000	0.000000	0.000000	0.000000	-0.018616	1.042797	0.003095	-0.005162	-0.022687
	0.000000	1.000000	0.000000	0.000000	0.000000	0.041666	0.803129	-0.040483	-0.033007	0.183249
	0.000000	1.000000	0.000000	0.000000	0.000000	0.023841	0.920165	-0.047635	-0.007293	0.076601
	0.000000	1.000000	0.000000	0.000000	0.000000	-0.041611	0.975607	0.060959	0.013775	-0.014041
	0.000000	1.000000	0.000000	0.000000	0.000000	0.017172	0.969755	-0.044147	-0.004102	0.034891
	0.000000	1.000000	0.000000	0.000000	0.000000	-0.014610	1.055379	0.054526	-0.058239	-0.031772
	0.000000	1.000000	0.000000	0.000000	0.000000	-0.038581	0.800027	-0.055440	0.113011	0.184761
	0.000000	1.000000	0.000000	0.000000	0.000000	-0.041480	0.793771	-0.031114	0.077548	0.217790
	0.000000	1.000000	0.000000	0.000000	0.000000	0.001318	0.883797	0.125536	-0.128220	0.132531
	0.000000	1.000000	0.000000	0.000000	0.000000	0.005081	1.060031	-0.007850	-0.029497	-0.030814
	0.000000	1.000000	0.000000	0.000000	0.000000	0.093100	1.041519	-0.004404	-0.127003	-0.006238
	0.000000	1.000000	0.000000	0.000000	0.000000	0.021012	1.019933	0.061659	-0.094523	-0.001898
	0.000000	1.000000	0.000000	0.000000	0.000000	-0.094036	0.953504	0.005818	0.135091	0.011693
	0.000000	1.000000	0.000000	0.000000	0.000000	0.026649	0.859004	0.008654	0.017879	0.047213
	0.000000	1.000000	0.000000	0.000000	0.000000	-0.011167	0.897688	0.001587	0.024080	0.045980
	0.000000	1.000000	0.000000	0.000000	0.000000	-0.000084	0.977750	0.049279	-0.005517	-0.040898
	0.000000	1.000000	0.000000	0.000000	0.000000	0.060126	0.960596	-0.039501	-0.072085	0.063661
	0.000000	1.000000	0.000000	0.000000	0.000000	-0.035954	1.083331	-0.002338	0.026565	-0.056041
	0.000000	1.000000	0.000000	0.000000	0.000000	-0.052076	0.996274	0.038156	0.021329	-0.016954
	0.000000	1.000000	0.000000	0.000000	0.000000	-0.028478	0.346712	0.092637	0.362470	0.104612
	0.000000	1.000000	0.000000	0.000000	0.000000	0.001721	0.963085	-0.028827	-0.004461	0.058937
	0.000000	1.000000	0.000000	0.000000	0.000000	-0.016213	0.995012	-0.029949	0.064328	-0.015242
	0.000000	1.000000	0.000000	0.000000	0.000000	-0.018460	1.040852	0.010722	-0.009906	-0.029605
	0.000000	1.000000	0.000000	0.000000	0.000000	-0.026827	1.073279	-0.011742	0.026111	-0.052522
	0.000000	0.000000	1.000000	0.000000	0.000000	-0.006253	0.027823	1.013469	-0.037489	-0.016911
	0.000000	0.000000	1.000000	0.000000	0.000000	-0.095836	0.060186	0.984369	0.011066	-0.009769
	0.000000	0.000000	1.000000	0.000000	0.000000	-0.034084	-0.001725	1.030939	-0.023066	0.011074
	0.000000	0.000000	1.000000	0.000000	0.000000	-0.062251	0.008142	0.876545	0.147967	0.018516
	0.000000	0.000000	1.000000	0.000000	0.000000	-0.014684	-0.005341	1.046506	-0.046468	0.009639
	0.000000	0.000000	1.000000	0.000000	0.000000	-0.124684	-0.022055	0.874348	0.243719	0.060143
	0.000000	0.000000	1.000000	0.000000	0.000000	-0.002167	-0.020682	1.012186	-0.017031	0.018669
	0.000000	0.000000	1.000000	0.000000	0.000000	0.019460	-0.003504	0.945638	0.040556	-0.007884
	0.000000	0.000000	1.000000	0.000000	0.000000	0.053191	0.031619	1.032154	-0.104329	-0.011146
	0.000000	0.000000	1.000000	0.000000	0.000000	-0.081714	-0.044291	0.937783	0.152408	0.054918
	0.000000	0.000000	1.000000	0.000000	0.000000	0.007982	0.035908	0.883879	0.064316	-0.018518
	0.000000	0.000000	1.000000	0.000000	0.000000	-0.046111	-0.038640	1.022964	0.014403	0.043102
	0.000000	0.000000	1.000000	0.000000	0.000000	-0.026581	-0.028130	1.004908	-0.035151	0.082887
	0.000000	0.000000	0.000000	1.000000	0.000000	-0.135954	0.046237	-0.019395	1.044795	0.028509
	0.000000	0.000000	0.000000	1.000000	0.000000	0.076592	0.047166	0.013258	0.811383	-0.003497
	0.000000	0.000000	0.000000	1.000000	0.000000	0.171313	0.106280	-0.043589	0.638028	0.104506
	0.000000	0.000000	0.000000	1.000000	0.000000	-0.155648	0.167770	-0.066182	0.924402	0.192993
	0.000000	0.000000	0.000000	1.000000	0.000000	0.061333	-0.025742	0.043285	0.860134	0.001930
	0.000000	0.000000	0.000000	1.000000	0.000000	0.032460	0.013457	-0.023372	0.743747	0.134245
	0.000000	0.000000	0.000000	1.000000	0.000000	0.015505	-0.026120	0.126577	0.965675	-0.065484
	0.000000	0.000000	0.000000	1.000000	0.000000	-0.113930	0.250627	-0.077881	0.855299	0.112310
	0.000000	0.000000	0.000000	1.000000	0.000000	-0.117136	0.006896	-0.034711	0.984842	0.127167
	0.000000	0.000000	0.000000	1.000000	0.000000	-0.140152	0.006617	-0.068919	0.900382	0.315895
	0.000000	0.000000	0.000000	1.000000	0.000000	0.157390	-0.016999	0.160557	0.909146	-0.125422
	0.000000	0.000000	0.000000	1.000000	0.000000	-0.012094	-0.011814	0.098711	0.993720	-0.066410
	0.000000	0.000000	0.000000	1.000000	0.000000	-0.061577	0.038023	-0.012028	0.989913	-0.003826
	0.000000	0.000000	0.000000	1.000000	0.000000	0.194959	-0.025445	0.138147	0.978110	-0.148078
	0.000000	0.000000	0.000000	1.000000	0.000000	-0.106860	0.004115	-0.006969	1.075770	-0.007924
	0.000000	0.000000	0.000000	1.000000	0.000000	0.007238	-0.001129	0.074898	1.016768	-0.085914
	0.000000	0.000000	0.000000	0.000000	1.000000	-0.012886	-0.018528	0.008083	0.017695	1.024692
	0.000000	0.000000	0.000000	0.000000	1.000000	0.034268	-0.039852	-0.003527	0.051856	0.975203
	0.000000	0.000000	0.000000	0.000000	1.000000	0.024225	0.027001	0.035241	-0.012616	0.951529
	0.000000	0.000000	0.000000	0.000000	1.000000	0.003535	-0.077277	-0.032127	0.141839	0.957272
	0.000000	0.000000	0.000000	0.000000	1.000000	0.082101	-0.009825	0.001199	-0.015008	0.943254
	0.000000	0.000000	0.000000	0.000000	1.000000	0.019478	0.063727	0.000962	-0.064718	0.975496
	0.000000	0.000000	0.000000	0.000000	1.000000	-0.022661	0.001440	-0.005025	-0.011935	1.038028
	0.000000	0.000000	0.000000	0.000000	1.000000	0.011148	-0.043729	0.001207	0.010419	1.027674
	0.000000	0.000000	0.000000	0.000000	1.000000	-0.043028	-0.054396	-0.008788	0.026409	1.086773
	0.000000	0.000000	0.000000	0.000000	1.000000	-0.011547	0.040233	-0.023419	-0.004123	0.985436
	0.000000	0.000000	0.000000	0.000000	1.000000	-0.042228	-0.014757	-0.016749	0.056294	1.021283
	0.000000	0.000000	0.000000	0.000000	1.000000	-0.029336	-0.033474	-0.006111	0.005947	1.065380
	0.000000	0.000000	0.000000	0.000000	1.000000	-0.001745	0.026166	-0.012691	-0.033019	1.014772
	0.000000	0.000000	0.000000	0.000000	1.000000	-0.026920	-0.030387	-0.002403	-0.001341	1.064936
	0.000000	0.000000	0.000000	0.000000	1.000000	-0.011425	-0.026968	-0.005256	-0.001656	1.047557
	0.000000	0.000000	0.000000	0.000000	1.000000	-0.016902	-0.015971	-0.011591	0.039660	1.008904
	0.000000	0.000000	0.000000	0.000000	1.000000	-0.020164	0.069968	-0.020586	0.014811	0.953092
	0.000000	0.000000	0.000000	0.000000	1.000000	0.045484	-0.039145	-0.014260	0.091683	0.915908
	0.000000	0.000000	0.000000	0.000000	1.000000	-0.011016	-0.031724	-0.012168	0.112068	0.954422
	0.000000	0.000000	0.000000	0.000000	1.000000	0.000077	0.033958	0.000705	0.015603	0.952440
	0.000000	0.000000	0.000000	0.000000	1.000000	-0.022478	-0.007188	0.005435	-0.019075	1.051659
	0.000000	0.000000	0.000000	0.000000	1.000000	-0.009627	-0.049677	0.006547	-0.007217	1.071587
	0.000000	0.000000	0.000000	0.000000	1.000000	-0.021404	-0.009459	-0.006677	-0.013807	1.052059
	0.000000	0.000000	0.000000	0.000000	1.000000	0.048784	-0.034584	0.009711	-0.014085	1.014993
	0.000000	0.000000	0.000000	0.000000	1.000000	-0.012810	-0.023660	0.006329	-0.016010	1.052979
	0.000000	0.000000	0.000000	0.000000	1.000000	-0.035504	-0.040051	0.000247	0.013837	1.069721
	0.000000	0.000000	0.000000	0.000000	1.000000	0.016955	-0.012579	0.012282	-0.045219	1.038466
	0.000000	0.000000	0.000000	0.000000	1.000000	0.002447	0.077326	-0.016999	-0.020872	0.946395
	0.000000	0.000000	0.000000	0.000000	1.000000	-0.008102	-0.041958	0.006312	0.023534	1.033994
	0.000000	0.000000	0.000000	0.000000	1.000000	-0.045052	-0.065440	-0.000445	0.038302	1.070718
	0.000000	0.000000	0.000000	0.000000	1.000000	-0.007661	-0.020295	0.011420	-0.010461	1.040278
	0.000000	0.000000	0.000000	0.000000	1.000000	-0.030746	-0.070280	-0.007159	0.029428	1.087518
	0.000000	0.000000	0.000000	0.000000	1.000000	-0.036582	-0.030841	-0.015662	0.021803	1.064165
	0.000000	0.000000	0.000000	0.000000	1.000000	-0.006879	0.013863	-0.012659	-0.010290	1.014166
	0.000000	0.000000	0.000000	0.000000	1.000000	0.223746	-0.030175	-0.006730	0.073502	0.743674
	0.000000	0.000000	0.000000	0.000000	1.000000	0.018107	0.037953	0.019580	-0.058778	0.998679
	0.000000	0.000000	0.000000	0.000000	1.000000	-0.015940	-0.048912	0.002768	0.003967	1.066388
	0.000000	0.000000	0.000000	0.000000	1.000000	-0.043296	-0.047856	-0.012732	0.026358	1.081721
	0.000000	0.000000	0.000000	0.000000	1.000000	-0.003491	0.008483	-0.017749	-0.027829	1.030400
	0.000000	0.000000	0.000000	0.000000	1.000000	-0.008957	-0.059634	-0.002398	0.010863	1.070104
	0.000000	0.000000	0.000000	0.000000	1.000000	0.019125	0.116089	-0.011718	-0.040088	0.904651
	0.000000	0.000000	0.000000	0.000000	1.000000	-0.003876	0.049911	-0.007972	0.015725	0.938215
	0.000000	0.000000	0.000000	0.000000	1.000000	-0.043013	-0.049822	-0.006233	0.033584	1.076435
	0.000000	0.000000	0.000000	0.000000	1.000000	-0.021882	-0.013785	-0.003679	-0.004001	1.048831
	0.000000	0.000000	0.000000	0.000000	1.000000	-0.029703	-0.010018	-0.008532	0.008559	1.045509
	0.000000	0.000000	0.000000	0.000000	1.000000	-0.007677	-0.000542	0.010947	0.016835	0.995834
	0.000000	0.000000	0.000000	0.000000	1.000000	-0.004109	0.044331	0.007803	-0.042851	1.001344
	0.000000	0.000000	0.000000	0.000000	1.000000	0.016174	-0.028203	0.000024	0.004315	1.005837
	0.000000	0.000000	0.000000	0.000000	1.000000	-0.043517	0.106223	0.004008	0.059409	0.904117
	0.000000	0.000000	0.000000	0.000000	1.000000	-0.011401	0.034395	-0.012234	-0.005818	0.982882
	0.000000	0.000000	0.000000	0.000000	1.000000	-0.018847	0.024374	-0.017609	0.020797	0.979945
	0.000000	0.000000	0.000000	0.000000	1.000000	0.279697	-0.016662	-0.009328	0.188122	0.545690
	0.000000	0.000000	0.000000	0.000000	1.000000	-0.051668	0.024724	0.053187	0.057012	0.930126
	0.000000	0.000000	0.000000	0.000000	1.000000	0.103452	-0.011612	0.050934	-0.069155	0.915955
	0.000000	0.000000	0.000000	0.000000	1.000000	-0.032093	0.135665	0.028786	-0.021042	0.922122
	0.000000	0.000000	0.000000	0.000000	1.000000	0.002256	-0.028913	0.039194	0.049528	0.911235
	0.000000	0.000000	0.000000	0.000000	1.000000	-0.069492	0.004376	0.010332	0.128748	0.982488
	0.000000	0.000000	0.000000	0.000000	1.000000	-0.025236	-0.018912	-0.004292	-0.010681	1.061708
	0.000000	0.000000	0.000000	0.000000	1.000000	0.021104	-0.052395	0.036512	-0.038219	1.021807
	0.000000	0.000000	0.000000	0.000000	1.000000	0.027801	-0.009167	0.015942	-0.069898	1.046112
	0.000000	0.000000	0.000000	0.000000	1.000000	0.138561	-0.001324	0.028467	-0.048128	0.909963
	0.000000	0.000000	0.000000	0.000000	1.000000	-0.026286	0.006580	-0.006461	0.003919	1.028041
	0.000000	0.000000	0.000000	0.000000	1.000000	0.045539	-0.035603	0.026915	-0.081997	1.063209
	0.000000	0.000000	0.000000	0.000000	1.000000	0.048773	-0.046845	0.021562	-0.068884	1.062619
	0.000000	0.000000	0.000000	0.000000	1.000000	-0.022344	0.057813	0.044805	0.128079	0.752683
	1.000000	0.000000	0.000000	0.000000	0.000000	0.491344	-0.071664	-0.068738	0.272822	0.314898
	1.000000	0.000000	0.000000	0.000000	0.000000	0.477033	-0.075893	-0.038919	0.098033	0.419167
	1.000000	0.000000	0.000000	0.000000	0.000000	0.634258	-0.060998	-0.056805	0.195092	0.247249
	1.000000	0.000000	0.000000	0.000000	0.000000	0.890187	-0.053891	0.003115	-0.078471	0.288849
	1.000000	0.000000	0.000000	0.000000	0.000000	0.719403	-0.084869	-0.071735	0.230626	0.122050
	1.000000	0.000000	0.000000	0.000000	0.000000	0.802530	-0.068532	-0.042697	0.077830	0.207504
	1.000000	0.000000	0.000000	0.000000	0.000000	0.791271	-0.079461	-0.054413	0.137513	0.158771
	1.000000	0.000000	0.000000	0.000000	0.000000	0.801587	-0.033671	-0.047163	0.266223	-0.007157
	1.000000	0.000000	0.000000	0.000000	0.000000	0.822681	-0.058944	-0.065087	0.219302	0.038504
	1.000000	0.000000	0.000000	0.000000	0.000000	0.287022	-0.054946	-0.025721	0.088621	0.712725
	1.000000	0.000000	0.000000	0.000000	0.000000	0.168014	0.374931	0.008441	0.332598	0.044790
	1.000000	0.000000	0.000000	0.000000	0.000000	0.554416	-0.072487	-0.025864	0.039499	0.514911
	1.000000	0.000000	0.000000	0.000000	0.000000	0.311423	-0.054597	0.003301	-0.040952	0.764828
	1.000000	0.000000	0.000000	0.000000	0.000000	0.330287	-0.013805	0.032063	0.000417	0.681201
	1.000000	0.000000	0.000000	0.000000	0.000000	0.655575	-0.076461	-0.036368	0.134948	0.186706
	1.000000	0.000000	0.000000	0.000000	0.000000	0.569187	-0.073833	0.017699	0.270821	0.066178
	0.000000	1.000000	0.000000	0.000000	0.000000	-0.012242	1.036425	0.020325	0.018534	-0.074487
	0.000000	1.000000	0.000000	0.000000	0.000000	-0.002823	0.900444	-0.074229	0.075551	0.069268
	0.000000	1.000000	0.000000	0.000000	0.000000	0.000436	0.874414	0.174558	0.005342	-0.114557
	0.000000	1.000000	0.000000	0.000000	0.000000	-0.047533	0.960360	0.026157	0.073792	-0.074937
	0.000000	1.000000	0.000000	0.000000	0.000000	-0.021963	0.958268	-0.058660	0.087106	0.023421
	0.000000	1.000000	0.000000	0.000000	0.000000	0.080175	0.700662	0.061950	-0.085347	0.247557
	0.000000	1.000000	0.000000	0.000000	0.000000	0.008828	0.624638	-0.049366	0.053255	0.294866
	0.000000	1.000000	0.000000	0.000000	0.000000	-0.091964	0.558660	-0.068863	0.236729	0.423623
	0.000000	1.000000	0.000000	0.000000	0.000000	-0.009312	1.013700	-0.025194	0.019636	-0.004068
	0.000000	1.000000	0.000000	0.000000	0.000000	-0.010284	1.033374	-0.022646	0.012749	-0.019169
	0.000000	1.000000	0.000000	0.000000	0.000000	0.015908	1.042363	0.041322	-0.073954	-0.023501
	0.000000	1.000000	0.000000	0.000000	0.000000	0.052028	0.905246	-0.054939	-0.043099	0.100883
	0.000000	1.000000	0.000000	0.000000	0.000000	-0.009374	0.990568	-0.044632	0.041422	0.010025
	0.000000	1.000000	0.000000	0.000000	0.000000	0.000072	0.963290	-0.042716	0.025514	0.037221
	0.000000	1.000000	0.000000	0.000000	0.000000	-0.156121	0.894537	-0.061361	0.451200	-0.008692
	0.000000	1.000000	0.000000	0.000000	0.000000	-0.154479	0.679100	0.440162	-0.143045	0.359730
	0.000000	1.000000	0.000000	0.000000	0.000000	-0.009296	1.023771	-0.022060	0.016365	-0.013603
	0.000000	1.000000	0.000000	0.000000	0.000000	-0.019283	1.025497	0.024270	-0.055054	0.018799
	0.000000	1.000000	0.000000	0.000000	0.000000	-0.042230	1.071013	0.008646	0.026660	-0.057071
	0.000000	1.000000	0.000000	0.000000	0.000000	0.156256	0.908269	0.002266	-0.075307	-0.003640
	0.000000	1.000000	0.000000	0.000000	0.000000	-0.015338	1.028602	-0.027045	0.032488	-0.027185
	0.000000	1.000000	0.000000	0.000000	0.000000	0.038650	0.922480	-0.037218	-0.039219	0.086129
	0.000000	1.000000	0.000000	0.000000	0.000000	-0.025667	1.018862	0.021415	-0.046507	0.024612
	0.000000	1.000000	0.000000	0.000000	0.000000	-0.023444	1.001391	-0.009276	0.016321	0.024182
	0.000000	1.000000	0.000000	0.000000	0.000000	-0.021929	1.061684	-0.008081	0.027763	-0.054076
	0.000000	1.000000	0.000000	0.000000	0.000000	-0.044308	0.834276	-0.050116	0.104052	0.169739
	0.000000	1.000000	0.000000	0.000000	0.000000	0.053350	0.966438	-0.003164	-0.111836	0.077672
	0.000000	1.000000	0.000000	0.000000	0.000000	0.001811	0.947710	-0.025617	0.020973	0.045159
	0.000000	1.000000	0.000000	0.000000	0.000000	-0.012091	1.036646	-0.021077	0.010908	-0.016254
	0.000000	1.000000	0.000000	0.000000	0.000000	-0.018646	0.889656	-0.016561	0.030282	0.105749
	0.000000	1.000000	0.000000	0.000000	0.000000	-0.086277	0.862696	-0.057136	0.279909	0.027926
	0.000000	1.000000	0.000000	0.000000	0.000000	-0.063879	0.854736	-0.021767	0.171815	0.042586
	0.000000	1.000000	0.000000	0.000000	0.000000	-0.020843	1.031500	0.002560	0.000893	-0.020397
	0.000000	1.000000	0.000000	0.000000	0.000000	-0.027034	1.078154	-0.003898	0.019069	-0.061153
	0.000000	1.000000	0.000000	0.000000	0.000000	-0.186986	0.681509	0.406224	-0.069629	0.249543
	0.000000	0.000000	1.000000	0.000000	0.000000	-0.115057	-0.028153	0.959068	0.032506	0.166412
	0.000000	0.000000	1.000000	0.000000	0.000000	-0.007730	-0.050816	0.928756	0.126491	0.008951
	0.000000	0.000000	1.000000	0.000000	0.000000	0.024547	0.045315	1.054439	-0.121127	-0.011526
	0.000000	0.000000	1.000000	0.000000	0.000000	0.013130	0.038303	0.882837	0.030701	0.000622
	0.000000	0.000000	1.000000	0.000000	0.000000	-0.129791	0.049798	0.921734	0.091436	0.036463
	0.000000	0.000000	1.000000	0.000000	0.000000	0.021918	0.028807	0.923994	0.053758	-0.040931
	0.000000	0.000000	1.000000	0.000000	0.000000	-0.062318	-0.018923	0.561610	0.556230	-0.001021
	0.000000	0.000000	1.000000	0.000000	0.000000	-0.056266	0.046916	0.990051	0.028343	-0.043979
	0.000000	0.000000	1.000000	0.000000	0.000000	-0.016600	-0.039189	1.011433	0.002082	0.032624
	0.000000	0.000000	1.000000	0.000000	0.000000	0.011130	-0.025872	0.831912	0.202101	-0.011740
	0.000000	0.000000	1.000000	0.000000	0.000000	0.221937	0.091180	0.844685	-0.052397	-0.068481
	0.000000	0.000000	1.000000	0.000000	0.000000	0.029149	-0.060465	0.807220	0.237161	-0.000801
	0.000000	0.000000	1.000000	0.000000	0.000000	0.017372	-0.000671	1.050390	-0.085522	0.008032
	0.000000	0.000000	1.000000	0.000000	0.000000	-0.269721	0.153765	0.141163	0.900316	0.284174
	0.000000	0.000000	1.000000	0.000000	0.000000	-0.041902	-0.029218	1.008948	0.006468	0.048685
	0.000000	0.000000	1.000000	0.000000	0.000000	0.028851	0.052557	1.054148	-0.135942	0.004632
	0.000000	0.000000	0.000000	1.000000	0.000000	0.163543	0.034009	0.204192	0.784266	-0.126829
	0.000000	0.000000	0.000000	1.000000	0.000000	-0.010014	-0.044618	-0.015073	0.630007	0.347451
	0.000000	0.000000	0.000000	1.000000	0.000000	-0.218948	0.136178	-0.061907	0.978968	0.293821
	0.000000	0.000000	0.000000	1.000000	0.000000	-0.163870	0.061618	-0.046842	1.073094	0.040031
	0.000000	0.000000	0.000000	1.000000	0.000000	0.030596	-0.049049	0.053382	0.902190	0.007345
	0.000000	0.000000	0.000000	1.000000	0.000000	-0.131507	0.021342	-0.065460	0.953709	0.213723
	0.000000	0.000000	0.000000	1.000000	0.000000	0.057677	0.008188	-0.024068	0.824682	0.048295
	0.000000	0.000000	0.000000	1.000000	0.000000	0.091845	0.002627	0.091405	0.939281	-0.099247
	0.000000	0.000000	0.000000	1.000000	0.000000	-0.153085	-0.010332	0.081641	1.034339	0.042447
	0.000000	0.000000	0.000000	1.000000	0.000000	-0.162355	0.036065	-0.056693	1.057511	0.101105
	0.000000	0.000000	0.000000	1.000000	0.000000	0.127707	-0.011964	0.226104	0.870050	-0.120950
	0.000000	0.000000	0.000000	1.000000	0.000000	-0.021483	-0.024267	0.094546	1.015476	-0.057579
	0.000000	0.000000	0.000000	1.000000	0.000000	-0.207542	0.001170	0.027591	1.111094	0.073690
	0.000000	0.000000	0.000000	1.000000	0.000000	0.045877	-0.072269	0.514619	0.688014	-0.067007
	0.000000	0.000000	0.000000	1.000000	0.000000	0.021935	0.012705	0.284641	0.765666	-0.063728
	0.000000	0.000000	0.000000	0.000000	1.000000	0.017535	-0.026863	0.011696	0.001852	1.019700
	0.000000	0.000000	0.000000	0.000000	1.000000	-0.048693	-0.012445	0.002218	0.095176	1.003601
	0.000000	0.000000	0.000000	0.000000	1.000000	-0.030818	-0.024573	-0.002658	0.007250	1.056741
	0.000000	0.000000	0.000000	0.000000	1.000000	0.024195	-0.004096	0.010748	-0.056701	1.032411
	0.000000	0.000000	0.000000	0.000000	1.000000	0.020682	0.035263	0.002659	-0.007763	0.947871
	0.000000	0.000000	0.000000	0.000000	1.000000	0.015422	-0.059606	0.007641	-0.022553	1.071812
	0.000000	0.000000	0.000000	0.000000	1.000000	-0.031175	-0.024114	-0.017637	0.131225	0.952825
	0.000000	0.000000	0.000000	0.000000	1.000000	-0.003671	-0.013347	0.001718	-0.018017	1.041067
	0.000000	0.000000	0.000000	0.000000	1.000000	0.143405	-0.014564	0.042622	-0.078473	0.951253
	0.000000	0.000000	0.000000	0.000000	1.000000	0.394319	-0.070556	-0.040956	0.130782	0.514589
	0.000000	0.000000	0.000000	0.000000	1.000000	-0.020534	0.000599	-0.014026	0.002195	1.029046
	0.000000	0.000000	0.000000	0.000000	1.000000	-0.009634	-0.029876	0.026309	-0.033741	1.065035
	0.000000	0.000000	0.000000	0.000000	1.000000	-0.014402	-0.001065	-0.003333	-0.024553	1.041588
	0.000000	0.000000	0.000000	0.000000	1.000000	-0.040472	-0.071250	-0.008892	0.039773	1.093291
	0.000000	0.000000	0.000000	0.000000	1.000000	-0.004643	0.011677	-0.007214	-0.024455	1.019743
	0.000000	0.000000	0.000000	0.000000	1.000000	-0.019895	-0.080593	-0.033811	0.142031	0.999922
	0.000000	0.000000	0.000000	0.000000	1.000000	-0.005796	-0.027538	0.009241	0.015848	1.025966
	0.000000	0.000000	0.000000	0.000000	1.000000	-0.069792	0.060804	-0.011098	0.098955	0.952783
	0.000000	0.000000	0.000000	0.000000	1.000000	0.000989	0.009113	0.011101	-0.060013	1.041963
	0.000000	0.000000	0.000000	0.000000	1.000000	-0.037809	-0.019672	-0.018238	0.136093	0.951110
	0.000000	0.000000	0.000000	0.000000	1.000000	0.012916	-0.030653	-0.003301	-0.017846	1.042663
	0.000000	0.000000	0.000000	0.000000	1.000000	-0.014159	-0.023430	-0.001587	-0.030822	1.067615
	0.000000	0.000000	0.000000	0.000000	1.000000	0.069025	-0.012991	0.032984	-0.095286	1.037984
	0.000000	0.000000	0.000000	0.000000	1.000000	0.018317	-0.038107	0.002927	0.021173	1.013880
	0.000000	0.000000	0.000000	0.000000	1.000000	0.001075	0.000838	0.004410	-0.047856	1.043597
	0.000000	0.000000	0.000000	0.000000	1.000000	0.017494	-0.030008	0.021469	-0.071354	1.066569
	0.000000	0.000000	0.000000	0.000000	1.000000	-0.004859	-0.049015	0.010716	-0.028727	1.080765
	0.000000	0.000000	0.000000	0.000000	1.000000	0.088857	-0.041261	-0.023277	0.136034	0.825165
	0.000000	0.000000	0.000000	0.000000	1.000000	0.001186	-0.066050	0.004676	-0.015898	1.083964
	0.000000	0.000000	0.000000	0.000000	1.000000	-0.032222	-0.043426	-0.004345	0.015413	1.073572
	0.000000	0.000000	0.000000	0.000000	1.000000	-0.052358	-0.068923	-0.016101	0.083857	1.075274
	0.000000	0.000000	0.000000	0.000000	1.000000	-0.012656	-0.013580	-0.013533	0.008368	1.030730
	0.000000	0.000000	0.000000	0.000000	1.000000	-0.012782	-0.040680	-0.001145	-0.018846	1.078040
	0.000000	0.000000	0.000000	0.000000	1.000000	-0.032207	-0.026334	-0.010737	0.003125	1.065722
	0.000000	0.000000	0.000000	0.000000	1.000000	0.027438	-0.048509	0.004098	0.018538	1.016668
	0.000000	0.000000	0.000000	0.000000	1.000000	-0.004995	0.106945	-0.016959	-0.007874	0.911497
	0.000000	0.000000	0.000000	0.000000	1.000000	0.015812	0.023841	0.009655	-0.068406	1.023674
	0.000000	0.000000	0.000000	0.000000	1.000000	-0.000362	0.118820	-0.011348	-0.024256	0.912138
	0.000000	0.000000	0.000000	0.000000	1.000000	-0.010074	0.068208	-0.009667	-0.023270	0.972726
	0.000000	0.000000	0.000000	0.000000	1.000000	-0.009783	0.020633	0.009985	-0.016035	1.001654
	0.000000	0.000000	0.000000	0.000000	1.000000	0.019076	0.075506	-0.032911	-0.045435	0.962133
	0.000000	0.000000	0.000000	0.000000	1.000000	-0.020346	0.029497	-0.007532	0.016373	0.987619
	0.000000	0.000000	0.000000	0.000000	1.000000	-0.021377	-0.067723	-0.011783	0.045589	1.065354
	0.000000	0.000000	0.000000	0.000000	1.000000	0.043566	-0.004953	0.017177	-0.051961	1.011299
	0.000000	0.000000	0.000000	0.000000	1.000000	-0.051600	-0.032867	-0.003322	0.040026	1.067349
	0.000000	0.000000	0.000000	0.000000	1.000000	-0.002644	-0.003366	0.010404	-0.058852	1.056307
	0.000000	0.000000	0.000000	0.000000	1.000000	-0.018427	-0.045975	-0.003335	0.008982	1.067531
	0.000000	0.000000	0.000000	0.000000	1.000000	-0.020186	0.004551	0.000331	0.006049	1.015007
	0.000000	0.000000	0.000000	0.000000	1.000000	0.032840	0.071183	-0.004229	-0.080575	0.978190
	0.000000	0.000000	0.000000	0.000000	1.000000	-0.029206	-0.044602	-0.000892	0.027523	1.057876
	0.000000	0.000000	0.000000	0.000000	1.000000	0.045239	-0.034071	0.019777	-0.067889	1.056797
	0.000000	0.000000	0.000000	0.000000	1.000000	-0.028010	-0.002185	-0.004569	-0.011364	1.047608
	0.000000	0.000000	0.000000	0.000000	1.000000	-0.000607	0.005496	-0.008910	-0.016679	1.005490
	0.000000	0.000000	0.000000	0.000000	1.000000	-0.018113	-0.015076	-0.005568	-0.014805	1.051183
	0.000000	0.000000	0.000000	0.000000	1.000000	-0.075656	-0.022828	0.041962	0.069939	1.015266
	0.000000	0.000000	0.000000	0.000000	1.000000	-0.016445	-0.016731	-0.002770	0.019227	1.022107
	0.000000	0.000000	0.000000	0.000000	1.000000	0.017734	0.015043	0.008985	-0.053024	1.019010
	0.000000	0.000000	0.000000	0.000000	1.000000	-0.015171	-0.053893	0.000229	0.019413	1.056629
	0.000000	0.000000	0.000000	0.000000	1.000000	0.117046	-0.028636	0.050090	-0.132566	1.051799
	0.000000	0.000000	0.000000	0.000000	1.000000	0.036140	-0.038224	0.020562	-0.072202	1.069656
	0.000000	0.000000	0.000000	0.000000	1.000000	0.018078	-0.034896	0.014147	-0.036730	1.053831
