	1.000000	0.000000	0.000000	0.000000	0.000000	0.972117	-0.038535	0.006031	-0.044801	0.062960
	1.000000	0.000000	0.000000	0.000000	0.000000	0.932903	-0.065011	-0.047877	0.079143	0.051760
	1.000000	0.000000	0.000000	0.000000	0.000000	1.065953	-0.072012	-0.020148	-0.015077	-0.079658
	1.000000	0.000000	0.000000	0.000000	0.000000	1.051537	-0.053716	-0.051244	0.052789	-0.070293
	1.000000	0.000000	0.000000	0.000000	0.000000	0.874602	-0.057279	-0.051239	0.129076	0.066365
	1.000000	0.000000	0.000000	0.000000	0.000000	0.923005	-0.039491	-0.024582	0.020774	0.080204
	1.000000	0.000000	0.000000	0.000000	0.000000	0.836662	-0.047191	-0.046441	0.156731	0.065009
	1.000000	0.000000	0.000000	0.000000	0.000000	1.006182	-0.043708	-0.045455	0.101293	-0.082187
	1.000000	0.000000	0.000000	0.000000	0.000000	0.918750	-0.045922	-0.013955	-0.038173	0.160284
	1.000000	0.000000	0.000000	0.000000	0.000000	0.987872	-0.043638	-0.040357	0.181874	-0.132297
	1.000000	0.000000	0.000000	0.000000	0.000000	0.910380	-0.033460	-0.016160	-0.022575	0.127474
	1.000000	0.000000	0.000000	0.000000	0.000000	0.988984	-0.057992	-0.011253	-0.024203	0.002081
	1.000000	0.000000	0.000000	0.000000	0.000000	0.906041	-0.050277	-0.061598	0.194796	-0.036887
	1.000000	0.000000	0.000000	0.000000	0.000000	0.423848	0.151679	0.051924	0.005491	0.335973
	0.000000	1.000000	0.000000	0.000000	0.000000	0.003561	1.019438	0.014774	-0.032138	-0.020408
	0.000000	1.000000	0.000000	0.000000	0.000000	-0.023376	1.019347	-0.015627	0.052839	-0.036301
	0.000000	1.000000	0.000000	0.000000	0.000000	-0.018891	1.042921	0.020767	-0.032790	-0.017746
	0.000000	1.000000	0.000000	0.000000	0.000000	-0.036486	1.015463	-0.026351	0.080368	-0.023192
	0.000000	1.000000	0.000000	0.000000	0.000000	0.013954	1.039832	0.010044	-0.040125	-0.023582
	0.000000	1.000000	0.000000	0.000000	0.000000	-0.018071	0.979472	-0.028133	0.070177	-0.021672
	0.000000	1.000000	0.000000	0.000000	0.000000	-0.009439	0.911559	-0.033552	0.044031	0.064487
	0.000000	1.000000	0.000000	0.000000	0.000000	-0.030769	0.924839	-0.038566	0.140556	-0.007487
	0.000000	1.000000	0.000000	0.000000	0.000000	-0.033814	1.043035	-0.000422	0.056594	-0.061360
	0.000000	1.000000	0.000000	0.000000	0.000000	-0.013005	1.017796	-0.019191	0.062691	-0.069659
	0.000000	1.000000	0.000000	0.000000	0.000000	0.007870	0.998862	0.005888	-0.012394	-0.006443
	0.000000	1.000000	0.000000	0.000000	0.000000	-0.006963	1.049850	-0.018058	0.033440	-0.070964
	0.000000	1.000000	0.000000	0.000000	0.000000	-0.024800	1.019790	0.022049	-0.011332	-0.009031
	0.000000	1.000000	0.000000	0.000000	0.000000	-0.015708	1.023469	-0.008827	0.019322	-0.018588
	0.000000	1.000000	0.000000	0.000000	0.000000	0.004633	0.988510	-0.020642	0.000530	0.012572
	0.000000	1.000000	0.000000	0.000000	0.000000	-0.011718	1.045772	0.008851	-0.005327	-0.040234
	0.000000	1.000000	0.000000	0.000000	0.000000	0.045711	0.823839	-0.033536	-0.028993	0.140584
	0.000000	1.000000	0.000000	0.000000	0.000000	0.024168	0.934764	-0.039874	-0.001423	0.045030
	0.000000	1.000000	0.000000	0.000000	0.000000	-0.029154	0.980590	0.058357	0.018011	-0.042634
	0.000000	1.000000	0.000000	0.000000	0.000000	0.017803	0.982268	-0.036031	0.000546	0.007252
	0.000000	1.000000	0.000000	0.000000	0.000000	-0.005996	1.057539	0.056963	-0.056442	-0.048824
	0.000000	1.000000	0.000000	0.000000	0.000000	-0.043334	0.813287	-0.051069	0.132631	0.148071
	0.000000	1.000000	0.000000	0.000000	0.000000	-0.039312	0.818157	-0.028051	0.084931	0.169328
	0.000000	1.000000	0.000000	0.000000	0.000000	0.022179	0.903134	0.122032	-0.121536	0.079703
	0.000000	1.000000	0.000000	0.000000	0.000000	0.007879	1.062891	-0.000295	-0.027200	-0.046191
	0.000000	1.000000	0.000000	0.000000	0.000000	0.082807	1.053922	0.004865	-0.113345	-0.030974
	0.000000	1.000000	0.000000	0.000000	0.000000	0.029819	1.027362	0.063781	-0.087860	-0.027412
	0.000000	1.000000	0.000000	0.000000	0.000000	-0.076806	0.964829	0.003128	0.125444	-0.025125
	0.000000	1.000000	0.000000	0.000000	0.000000	0.042651	0.882698	0.008450	0.023046	0.000231
	0.000000	1.000000	0.000000	0.000000	0.000000	0.003240	0.909567	0.003498	0.029261	0.006159
	0.000000	1.000000	0.000000	0.000000	0.000000	0.017453	0.981306	0.048628	0.002332	-0.070228
	0.000000	1.000000	0.000000	0.000000	0.000000	0.051298	0.975302	-0.030110	-0.058726	0.033913
	0.000000	1.000000	0.000000	0.000000	0.000000	-0.026336	1.082222	0.003725	0.018035	-0.066883
	0.000000	1.000000	0.000000	0.000000	0.000000	-0.038288	1.002568	0.038292	0.019104	-0.043483
	0.000000	1.000000	0.000000	0.000000	0.000000	0.041293	0.439132	0.073366	0.311056	-0.009400
	0.000000	1.000000	0.000000	0.000000	0.000000	0.004126	0.979561	-0.023171	0.000166	0.025160
	0.000000	1.000000	0.000000	0.000000	0.000000	-0.012790	0.999198	-0.025223	0.068291	-0.034787
	0.000000	1.000000	0.000000	0.000000	0.000000	-0.009890	1.043704	0.015683	-0.010457	-0.047777
	0.000000	1.000000	0.000000	0.000000	0.000000	-0.018191	1.074286	-0.004788	0.018993	-0.065712
	0.000000	0.000000	1.000000	0.000000	0.000000	0.023614	0.038021	1.025674	-0.062272	-0.039584
	0.000000	0.000000	1.000000	0.000000	0.000000	-0.052973	0.087423	0.993249	-0.034281	-0.055305
	0.000000	0.000000	1.000000	0.000000	0.000000	-0.008965	0.005153	1.042199	-0.046991	-0.009500
	0.000000	0.000000	1.000000	0.000000	0.000000	-0.025824	0.017826	0.891923	0.111293	-0.016652
	0.000000	0.000000	1.000000	0.000000	0.000000	0.010342	0.003144	1.059372	-0.072356	-0.008369
	0.000000	0.000000	1.000000	0.000000	0.000000	-0.088674	-0.012771	0.895858	0.185590	0.020826
	0.000000	0.000000	1.000000	0.000000	0.000000	0.016455	-0.016652	1.024691	-0.033664	0.003408
	0.000000	0.000000	1.000000	0.000000	0.000000	0.044533	0.004478	0.963056	0.012647	-0.025694
	0.000000	0.000000	1.000000	0.000000	0.000000	0.077991	0.041033	1.041994	-0.116223	-0.032004
	0.000000	0.000000	1.000000	0.000000	0.000000	-0.053553	-0.039084	0.957852	0.110667	0.029594
	0.000000	0.000000	1.000000	0.000000	0.000000	0.036273	0.044114	0.899099	0.041567	-0.044747
	0.000000	0.000000	1.000000	0.000000	0.000000	-0.028616	-0.035771	1.036113	-0.006889	0.027938
	0.000000	0.000000	1.000000	0.000000	0.000000	-0.008031	-0.023641	1.015033	-0.043680	0.056895
	0.000000	0.000000	0.000000	1.000000	0.000000	-0.109915	0.055906	-0.022253	1.044986	-0.024946
	0.000000	0.000000	0.000000	1.000000	0.000000	0.133580	0.068076	0.013727	0.807025	-0.059984
	0.000000	0.000000	0.000000	1.000000	0.000000	0.173222	0.113547	-0.048411	0.691747	0.047828
	0.000000	0.000000	0.000000	1.000000	0.000000	-0.146165	0.171784	-0.076249	0.958026	0.116424
	0.000000	0.000000	0.000000	1.000000	0.000000	0.103449	-0.014693	0.044325	0.869233	-0.047227
	0.000000	0.000000	0.000000	1.000000	0.000000	0.045019	0.028843	-0.027967	0.780470	0.072502
	0.000000	0.000000	0.000000	1.000000	0.000000	0.041477	-0.022227	0.130838	0.959655	-0.089099
	0.000000	0.000000	0.000000	1.000000	0.000000	-0.098774	0.259954	-0.086343	0.885581	0.039552
	0.000000	0.000000	0.000000	1.000000	0.000000	-0.094970	0.010019	-0.038956	1.003014	0.063131
	0.000000	0.000000	0.000000	1.000000	0.000000	-0.125528	0.009468	-0.074317	0.941080	0.221461
	0.000000	0.000000	0.000000	1.000000	0.000000	0.182502	-0.014960	0.171790	0.899967	-0.140725
	0.000000	0.000000	0.000000	1.000000	0.000000	0.012040	-0.010895	0.103696	0.994019	-0.092457
	0.000000	0.000000	0.000000	1.000000	0.000000	-0.026759	0.048578	-0.010960	0.989857	-0.053493
	0.000000	0.000000	0.000000	1.000000	0.000000	0.200479	-0.030148	0.154249	0.973750	-0.154589
	0.000000	0.000000	0.000000	1.000000	0.000000	-0.086374	0.000317	-0.004541	1.082826	-0.044231
	0.000000	0.000000	0.000000	1.000000	0.000000	0.032528	-0.001261	0.080982	1.016576	-0.109851
	0.000000	0.000000	0.000000	0.000000	1.000000	-0.006882	-0.016186	0.012120	0.022659	1.000336
	0.000000	0.000000	0.000000	0.000000	1.000000	0.045097	-0.039228	-0.000031	0.059862	0.942879
	0.000000	0.000000	0.000000	0.000000	1.000000	0.034559	0.036610	0.037636	-0.003299	0.909568
	0.000000	0.000000	0.000000	0.000000	1.000000	0.017482	-0.076373	-0.031539	0.153967	0.912926
	0.000000	0.000000	0.000000	0.000000	1.000000	0.098907	-0.003530	0.004655	-0.017199	0.907924
	0.000000	0.000000	0.000000	0.000000	1.000000	0.033914	0.077824	0.003006	-0.069453	0.939494
	0.000000	0.000000	0.000000	0.000000	1.000000	-0.011843	0.011691	-0.002586	-0.018699	1.010620
	0.000000	0.000000	0.000000	0.000000	1.000000	0.027734	-0.041541	0.005483	0.010061	0.997307
	0.000000	0.000000	0.000000	0.000000	1.000000	-0.036946	-0.055582	-0.002647	0.022119	1.072747
	0.000000	0.000000	0.000000	0.000000	1.000000	-0.000110	0.048640	-0.019711	-0.010863	0.954862
	0.000000	0.000000	0.000000	0.000000	1.000000	-0.033345	-0.013447	-0.012662	0.056032	0.994985
	0.000000	0.000000	0.000000	0.000000	1.000000	-0.021371	-0.034005	-0.000042	0.002443	1.048267
	0.000000	0.000000	0.000000	0.000000	1.000000	0.002003	0.027573	-0.008111	-0.033505	0.996306
	0.000000	0.000000	0.000000	0.000000	1.000000	-0.019952	-0.030156	0.002998	-0.003829	1.047863
	0.000000	0.000000	0.000000	0.000000	1.000000	-0.004704	-0.026863	0.000412	-0.003893	1.030230
	0.000000	0.000000	0.000000	0.000000	1.000000	-0.011633	-0.014603	-0.007480	0.041716	0.985436
	0.000000	0.000000	0.000000	0.000000	1.000000	-0.015383	0.077753	-0.016932	0.016788	0.922192
	0.000000	0.000000	0.000000	0.000000	1.000000	0.065150	-0.037627	-0.011744	0.100104	0.869572
	0.000000	0.000000	0.000000	0.000000	1.000000	0.000082	-0.030369	-0.009772	0.121841	0.916586
	0.000000	0.000000	0.000000	0.000000	1.000000	0.008078	0.040782	0.003055	0.022985	0.915270
	0.000000	0.000000	0.000000	0.000000	1.000000	-0.019747	-0.006400	0.009271	-0.016511	1.034519
	0.000000	0.000000	0.000000	0.000000	1.000000	-0.006663	-0.050428	0.011961	-0.007044	1.058413
	0.000000	0.000000	0.000000	0.000000	1.000000	-0.019545	-0.012095	-0.001070	-0.012576	1.038966
	0.000000	0.000000	0.000000	0.000000	1.000000	0.056181	-0.033817	0.014999	-0.011903	0.993989
	0.000000	0.000000	0.000000	0.000000	1.000000	-0.006582	-0.022286	0.011300	-0.017074	1.034679
	0.000000	0.000000	0.000000	0.000000	1.000000	-0.029708	-0.039315	0.005866	0.010566	1.053404
	0.000000	0.000000	0.000000	0.000000	1.000000	0.028160	-0.006890	0.016282	-0.047894	1.014260
	0.000000	0.000000	0.000000	0.000000	1.000000	0.008396	0.082351	-0.011878	-0.020073	0.918473
	0.000000	0.000000	0.000000	0.000000	1.000000	-0.001911	-0.038407	0.009722	0.027817	1.008419
	0.000000	0.000000	0.000000	0.000000	1.000000	-0.036232	-0.062017	0.004092	0.036109	1.048401
	0.000000	0.000000	0.000000	0.000000	1.000000	-0.002188	-0.018311	0.015859	-0.007733	1.019425
	0.000000	0.000000	0.000000	0.000000	1.000000	-0.023317	-0.071548	-0.000564	0.025017	1.073361
	0.000000	0.000000	0.000000	0.000000	1.000000	-0.029657	-0.029831	-0.010813	0.017170	1.046412
	0.000000	0.000000	0.000000	0.000000	1.000000	-0.002271	0.015795	-0.007997	-0.010634	0.994037
	0.000000	0.000000	0.000000	0.000000	1.000000	0.238261	-0.026588	-0.005771	0.086425	0.690735
	0.000000	0.000000	0.000000	0.000000	1.000000	0.020744	0.039595	0.025298	-0.054779	0.979047
	0.000000	0.000000	0.000000	0.000000	1.000000	-0.008348	-0.049282	0.008815	0.002372	1.049238
	0.000000	0.000000	0.000000	0.000000	1.000000	-0.036398	-0.047572	-0.007419	0.020791	1.066003
	0.000000	0.000000	0.000000	0.000000	1.000000	0.005552	0.014847	-0.015220	-0.033044	1.006666
	0.000000	0.000000	0.000000	0.000000	1.000000	0.000631	-0.060253	0.003884	0.007986	1.052741
	0.000000	0.000000	0.000000	0.000000	1.000000	0.024813	0.122408	-0.006058	-0.038426	0.874645
	0.000000	0.000000	0.000000	0.000000	1.000000	0.004303	0.051623	-0.003038	0.020469	0.906978
	0.000000	0.000000	0.000000	0.000000	1.000000	-0.038426	-0.050987	-0.000667	0.032612	1.061213
	0.000000	0.000000	0.000000	0.000000	1.000000	-0.013945	-0.009908	0.000235	-0.007583	1.027521
	0.000000	0.000000	0.000000	0.000000	1.000000	-0.027730	-0.010636	-0.003689	0.010078	1.029731
	0.000000	0.000000	0.000000	0.000000	1.000000	-0.000304	0.002789	0.014445	0.023879	0.966085
	0.000000	0.000000	0.000000	0.000000	1.000000	0.000785	0.049627	0.011926	-0.040383	0.976409
	0.000000	0.000000	0.000000	0.000000	1.000000	0.030328	-0.021986	0.003323	0.000659	0.975425
	0.000000	0.000000	0.000000	0.000000	1.000000	-0.045100	0.112610	0.007682	0.073986	0.871135
	0.000000	0.000000	0.000000	0.000000	1.000000	0.003434	0.041722	-0.008415	-0.011052	0.948619
	0.000000	0.000000	0.000000	0.000000	1.000000	-0.006184	0.029242	-0.013842	0.017783	0.947422
	0.000000	0.000000	0.000000	0.000000	1.000000	0.286066	-0.010729	-0.011842	0.225605	0.476027
	0.000000	0.000000	0.000000	0.000000	1.000000	-0.045904	0.043039	0.050923	0.074557	0.876945
	0.000000	0.000000	0.000000	0.000000	1.000000	0.130827	0.002713	0.051327	-0.066459	0.860030
	0.000000	0.000000	0.000000	0.000000	1.000000	-0.031966	0.149138	0.031795	-0.010507	0.885202
	0.000000	0.000000	0.000000	0.000000	1.000000	0.015104	-0.013833	0.041678	0.053708	0.863058
	0.000000	0.000000	0.000000	0.000000	1.000000	-0.064049	0.011580	0.011561	0.136278	0.946879
	0.000000	0.000000	0.000000	0.000000	1.000000	-0.021737	-0.018732	0.000057	-0.010775	1.046061
	0.000000	0.000000	0.000000	0.000000	1.000000	0.037708	-0.043664	0.039372	-0.039788	0.989956
	0.000000	0.000000	0.000000	0.000000	1.000000	0.036604	-0.004886	0.020279	-0.072696	1.026560
	0.000000	0.000000	0.000000	0.000000	1.000000	0.160252	0.009529	0.031298	-0.047830	0.864371
	0.000000	0.000000	0.000000	0.000000	1.000000	-0.021753	0.006542	-0.001262	0.005717	1.008432
	0.000000	0.000000	0.000000	0.000000	1.000000	0.059785	-0.031325	0.032932	-0.085823	1.043484
	0.000000	0.000000	0.000000	0.000000	1.000000	0.065848	-0.042831	0.028188	-0.074389	1.042021
	0.000000	0.000000	0.000000	0.000000	1.000000	-0.003423	0.077221	0.038574	0.151552	0.662526
	1.000000	0.000000	0.000000	0.000000	0.000000	0.535112	-0.065171	-0.069972	0.300793	0.222652
	1.000000	0.000000	0.000000	0.000000	0.000000	0.529577	-0.060542	-0.035744	0.094425	0.335595
	1.000000	0.000000	0.000000	0.000000	0.000000	0.678582	-0.052295	-0.055659	0.210634	0.166298
	1.000000	0.000000	0.000000	0.000000	0.000000	0.932433	-0.037866	0.005673	-0.081529	0.212131
	1.000000	0.000000	0.000000	0.000000	0.000000	0.773092	-0.071806	-0.067605	0.231366	0.053327
	1.000000	0.000000	0.000000	0.000000	0.000000	0.851974	-0.056485	-0.040996	0.080506	0.127923
	1.000000	0.000000	0.000000	0.000000	0.000000	0.839954	-0.067203	-0.051061	0.133408	0.091032
	1.000000	0.000000	0.000000	0.000000	0.000000	0.826514	-0.013321	-0.043003	0.282732	-0.054538
	1.000000	0.000000	0.000000	0.000000	0.000000	0.862979	-0.043665	-0.061314	0.222312	-0.017768
	1.000000	0.000000	0.000000	0.000000	0.000000	0.316826	-0.051316	-0.024144	0.097406	0.647630
	1.000000	0.000000	0.000000	0.000000	0.000000	0.224815	0.409341	0.000475	0.354028	-0.037522
	1.000000	0.000000	0.000000	0.000000	0.000000	0.618343	-0.063009	-0.023203	0.036252	0.423546
	1.000000	0.000000	0.000000	0.000000	0.000000	0.362359	-0.044008	0.005590	-0.043231	0.692173
	1.000000	0.000000	0.000000	0.000000	0.000000	0.381078	-0.004204	0.033509	0.006383	0.599719
	1.000000	0.000000	0.000000	0.000000	0.000000	0.707557	-0.056538	-0.031698	0.131785	0.114031
	1.000000	0.000000	0.000000	0.000000	0.000000	0.584242	-0.050206	0.020590	0.295075	0.014195
	0.000000	1.000000	0.000000	0.000000	0.000000	-0.001169	1.037493	0.021069	0.020808	-0.093583
	0.000000	1.000000	0.000000	0.000000	0.000000	-0.000488	0.916922	-0.067494	0.078871	0.034968
	0.000000	1.000000	0.000000	0.000000	0.000000	0.035381	0.889335	0.156418	0.013348	-0.155306
	0.000000	1.000000	0.000000	0.000000	0.000000	-0.019368	0.965399	0.021176	0.078027	-0.112081
	0.000000	1.000000	0.000000	0.000000	0.000000	-0.017100	0.970379	-0.052222	0.086616	-0.005214
	0.000000	1.000000	0.000000	0.000000	0.000000	0.093800	0.724326	0.064701	-0.073417	0.187869
	0.000000	1.000000	0.000000	0.000000	0.000000	0.023475	0.656211	-0.047809	0.058565	0.221367
	0.000000	1.000000	0.000000	0.000000	0.000000	-0.082913	0.615869	-0.072927	0.236404	0.331099
	0.000000	1.000000	0.000000	0.000000	0.000000	-0.005046	1.020619	-0.018825	0.020589	-0.025497
	0.000000	1.000000	0.000000	0.000000	0.000000	-0.005708	1.038173	-0.014936	0.012207	-0.037430
	0.000000	1.000000	0.000000	0.000000	0.000000	0.022141	1.045789	0.045157	-0.067669	-0.042497
	0.000000	1.000000	0.000000	0.000000	0.000000	0.050033	0.924145	-0.046630	-0.036328	0.065505
	0.000000	1.000000	0.000000	0.000000	0.000000	-0.006647	0.998142	-0.037905	0.043630	-0.012393
	0.000000	1.000000	0.000000	0.000000	0.000000	0.001121	0.974629	-0.036275	0.030583	0.010251
	0.000000	1.000000	0.000000	0.000000	0.000000	-0.142051	0.904802	-0.065269	0.432920	-0.042760
	0.000000	1.000000	0.000000	0.000000	0.000000	-0.119176	0.765029	0.408788	-0.163688	0.232966
	0.000000	1.000000	0.000000	0.000000	0.000000	-0.005163	1.027953	-0.015120	0.016762	-0.031492
	0.000000	1.000000	0.000000	0.000000	0.000000	-0.012895	1.035115	0.028229	-0.052455	-0.006627
	0.000000	1.000000	0.000000	0.000000	0.000000	-0.031176	1.070767	0.012994	0.019513	-0.070560
	0.000000	1.000000	0.000000	0.000000	0.000000	0.182212	0.932173	0.005735	-0.072504	-0.048323
	0.000000	1.000000	0.000000	0.000000	0.000000	-0.007918	1.033113	-0.020160	0.029395	-0.046174
	0.000000	1.000000	0.000000	0.000000	0.000000	0.037173	0.936127	-0.029062	-0.031864	0.055910
	0.000000	1.000000	0.000000	0.000000	0.000000	-0.018367	1.028635	0.024766	-0.045029	-0.001297
	0.000000	1.000000	0.000000	0.000000	0.000000	-0.019009	1.009881	-0.004379	0.019013	-0.000935
	0.000000	1.000000	0.000000	0.000000	0.000000	-0.014642	1.061786	-0.002323	0.024657	-0.067068
	0.000000	1.000000	0.000000	0.000000	0.000000	-0.049564	0.848987	-0.044782	0.122726	0.133346
	0.000000	1.000000	0.000000	0.000000	0.000000	0.053588	0.985597	0.003533	-0.104352	0.041460
	0.000000	1.000000	0.000000	0.000000	0.000000	0.000891	0.954662	-0.019610	0.030620	0.021784
	0.000000	1.000000	0.000000	0.000000	0.000000	-0.008263	1.041586	-0.013644	0.011237	-0.034580
	0.000000	1.000000	0.000000	0.000000	0.000000	-0.009995	0.907981	-0.012508	0.030513	0.065487
	0.000000	1.000000	0.000000	0.000000	0.000000	-0.073494	0.877178	-0.057402	0.276283	-0.012441
	0.000000	1.000000	0.000000	0.000000	0.000000	-0.051798	0.862959	-0.021966	0.180012	0.002631
	0.000000	1.000000	0.000000	0.000000	0.000000	-0.011765	1.036506	0.007622	-0.000866	-0.041042
	0.000000	1.000000	0.000000	0.000000	0.000000	-0.016840	1.078499	0.002341	0.011265	-0.073845
	0.000000	1.000000	0.000000	0.000000	0.000000	-0.167414	0.711571	0.383433	-0.071970	0.159933
	0.000000	0.000000	1.000000	0.000000	0.000000	-0.089747	-0.026994	0.966955	0.025789	0.120751
	0.000000	0.000000	1.000000	0.000000	0.000000	0.007773	-0.047036	0.946800	0.099772	-0.003546
	0.000000	0.000000	1.000000	0.000000	0.000000	0.057005	0.064183	1.061568	-0.138460	-0.040554
	0.000000	0.000000	1.000000	0.000000	0.000000	0.057030	0.050582	0.894149	0.010007	-0.038151
	0.000000	0.000000	1.000000	0.000000	0.000000	-0.089631	0.063349	0.932625	0.054112	-0.013890
	0.000000	0.000000	1.000000	0.000000	0.000000	0.051703	0.038446	0.938333	0.026071	-0.062714
	0.000000	0.000000	1.000000	0.000000	0.000000	-0.036483	-0.012237	0.573446	0.522768	-0.028710
	0.000000	0.000000	1.000000	0.000000	0.000000	-0.021203	0.064783	1.001717	-0.013214	-0.073439
	0.000000	0.000000	1.000000	0.000000	0.000000	0.002032	-0.033381	1.025342	-0.018755	0.016127
	0.000000	0.000000	1.000000	0.000000	0.000000	0.036576	-0.019064	0.851070	0.168991	-0.031163
	0.000000	0.000000	1.000000	0.000000	0.000000	0.251018	0.104140	0.853498	-0.056558	-0.092236
	0.000000	0.000000	1.000000	0.000000	0.000000	0.046119	-0.055184	0.824531	0.215483	-0.016332
	0.000000	0.000000	1.000000	0.000000	0.000000	0.038284	0.007912	1.061839	-0.101737	-0.009405
	0.000000	0.000000	1.000000	0.000000	0.000000	-0.262240	0.152875	0.124006	0.910614	0.201594
	0.000000	0.000000	1.000000	0.000000	0.000000	-0.020795	-0.026399	1.021662	-0.011398	0.029044
	0.000000	0.000000	1.000000	0.000000	0.000000	0.064430	0.072725	1.059888	-0.150275	-0.030656
	0.000000	0.000000	0.000000	1.000000	0.000000	0.196798	0.043111	0.215899	0.767859	-0.146247
	0.000000	0.000000	0.000000	1.000000	0.000000	0.012728	-0.037824	-0.020843	0.673671	0.255232
	0.000000	0.000000	0.000000	1.000000	0.000000	-0.209870	0.137276	-0.074246	1.007178	0.202120
	0.000000	0.000000	0.000000	1.000000	0.000000	-0.150525	0.055976	-0.048693	1.085961	-0.004390
	0.000000	0.000000	0.000000	1.000000	0.000000	0.065252	-0.037573	0.053912	0.904206	-0.035212
	0.000000	0.000000	0.000000	1.000000	0.000000	-0.122358	0.022545	-0.071666	0.984878	0.144859
	0.000000	0.000000	0.000000	1.000000	0.000000	0.100592	0.025947	-0.023348	0.832841	-0.012934
	0.000000	0.000000	0.000000	1.000000	0.000000	0.129578	0.007533	0.098124	0.934243	-0.125349
	0.000000	0.000000	0.000000	1.000000	0.000000	-0.132973	-0.009168	0.082368	1.033098	0.000763
	0.000000	0.000000	0.000000	1.000000	0.000000	-0.138482	0.037430	-0.059931	1.069355	0.033121
	0.000000	0.000000	0.000000	1.000000	0.000000	0.172593	-0.003176	0.236375	0.841192	-0.140704
	0.000000	0.000000	0.000000	1.000000	0.000000	0.003162	-0.024594	0.099454	1.015323	-0.083331
	0.000000	0.000000	0.000000	1.000000	0.000000	-0.198470	-0.001802	0.022784	1.114478	0.036571
	0.000000	0.000000	0.000000	1.000000	0.000000	0.059187	-0.072735	0.540589	0.653120	-0.074437
	0.000000	0.000000	0.000000	1.000000	0.000000	0.044359	0.015701	0.291785	0.755810	-0.084240
	0.000000	0.000000	0.000000	0.000000	1.000000	0.020947	-0.026856	0.016197	0.008880	0.999060
	0.000000	0.000000	0.000000	0.000000	1.000000	-0.044745	-0.009570	0.004653	0.106953	0.973236
	0.000000	0.000000	0.000000	0.000000	1.000000	-0.023362	-0.022917	0.002394	0.004555	1.037193
	0.000000	0.000000	0.000000	0.000000	1.000000	0.028422	-0.003434	0.016231	-0.056684	1.016310
	0.000000	0.000000	0.000000	0.000000	1.000000	0.035403	0.044261	0.005676	-0.008320	0.908908
	0.000000	0.000000	0.000000	0.000000	1.000000	0.026872	-0.059327	0.014488	-0.026452	1.054798
	0.000000	0.000000	0.000000	0.000000	1.000000	-0.019672	-0.021536	-0.016118	0.141853	0.911533
	0.000000	0.000000	0.000000	0.000000	1.000000	0.000903	-0.013389	0.007055	-0.016939	1.023999
	0.000000	0.000000	0.000000	0.000000	1.000000	0.164658	-0.004895	0.046275	-0.077317	0.912297
	0.000000	0.000000	0.000000	0.000000	1.000000	0.435678	-0.060014	-0.042162	0.144523	0.421643
	0.000000	0.000000	0.000000	0.000000	1.000000	-0.015695	0.002132	-0.009067	0.000434	1.010172
	0.000000	0.000000	0.000000	0.000000	1.000000	-0.006030	-0.029344	0.031208	-0.028913	1.047686
	0.000000	0.000000	0.000000	0.000000	1.000000	-0.006638	0.001684	0.001448	-0.027713	1.021167
	0.000000	0.000000	0.000000	0.000000	1.000000	-0.034667	-0.073660	-0.002006	0.036232	1.080769
	0.000000	0.000000	0.000000	0.000000	1.000000	0.005325	0.014736	-0.002129	-0.027779	0.996379
	0.000000	0.000000	0.000000	0.000000	1.000000	-0.007148	-0.081974	-0.031993	0.149878	0.964410
	0.000000	0.000000	0.000000	0.000000	1.000000	-0.000646	-0.026698	0.013457	0.022140	1.003028
	0.000000	0.000000	0.000000	0.000000	1.000000	-0.065868	0.075507	-0.010914	0.108592	0.909814
	0.000000	0.000000	0.000000	0.000000	1.000000	0.006847	0.013969	0.014246	-0.060431	1.021459
	0.000000	0.000000	0.000000	0.000000	1.000000	-0.029590	-0.019753	-0.016365	0.149766	0.913566
	0.000000	0.000000	0.000000	0.000000	1.000000	0.020463	-0.031066	0.003096	-0.020093	1.026150
	0.000000	0.000000	0.000000	0.000000	1.000000	-0.009828	-0.024288	0.004063	-0.032303	1.054089
	0.000000	0.000000	0.000000	0.000000	1.000000	0.084632	-0.003864	0.037760	-0.101667	1.014265
	0.000000	0.000000	0.000000	0.000000	1.000000	0.026318	-0.037609	0.007404	0.025326	0.989603
	0.000000	0.000000	0.000000	0.000000	1.000000	0.005008	0.002262	0.008448	-0.046934	1.026364
	0.000000	0.000000	0.000000	0.000000	1.000000	0.031921	-0.024819	0.027570	-0.078610	1.046755
	0.000000	0.000000	0.000000	0.000000	1.000000	0.007248	-0.046818	0.018407	-0.038182	1.065102
	0.000000	0.000000	0.000000	0.000000	1.000000	0.112866	-0.039007	-0.022734	0.151282	0.762706
	0.000000	0.000000	0.000000	0.000000	1.000000	0.006009	-0.065975	0.010971	-0.018042	1.071102
	0.000000	0.000000	0.000000	0.000000	1.000000	-0.028027	-0.044964	0.001870	0.013647	1.059917
	0.000000	0.000000	0.000000	0.000000	1.000000	-0.047700	-0.071950	-0.010480	0.084619	1.059650
	0.000000	0.000000	0.000000	0.000000	1.000000	-0.001258	-0.011430	-0.008625	0.004498	1.006948
	0.000000	0.000000	0.000000	0.000000	1.000000	-0.010250	-0.043357	0.004920	-0.019183	1.067360
	0.000000	0.000000	0.000000	0.000000	1.000000	-0.025827	-0.025668	-0.005524	-0.001228	1.049120
	0.000000	0.000000	0.000000	0.000000	1.000000	0.037417	-0.047805	0.008605	0.022061	0.990968
	0.000000	0.000000	0.000000	0.000000	1.000000	0.006207	0.122663	-0.014886	-0.008630	0.866603
	0.000000	0.000000	0.000000	0.000000	1.000000	0.021325	0.027361	0.013423	-0.068576	1.003906
	0.000000	0.000000	0.000000	0.000000	1.000000	0.010362	0.137231	-0.009812	-0.025311	0.866739
	0.000000	0.000000	0.000000	0.000000	1.000000	0.001648	0.084081	-0.008227	-0.028061	0.934410
	0.000000	0.000000	0.000000	0.000000	1.000000	0.001475	0.026933	0.014196	-0.017460	0.971908
	0.000000	0.000000	0.000000	0.000000	1.000000	0.028356	0.083978	-0.029677	-0.050805	0.933606
	0.000000	0.000000	0.000000	0.000000	1.000000	-0.016332	0.032316	-0.004457	0.024161	0.959329
	0.000000	0.000000	0.000000	0.000000	1.000000	-0.010956	-0.068668	-0.006219	0.042784	1.045651
	0.000000	0.000000	0.000000	0.000000	1.000000	0.051912	-0.000180	0.021067	-0.052025	0.987885
	0.000000	0.000000	0.000000	0.000000	1.000000	-0.051647	-0.033027	0.001092	0.045230	1.051657
	0.000000	0.000000	0.000000	0.000000	1.000000	0.002051	-0.002047	0.014678	-0.059316	1.040275
	0.000000	0.000000	0.000000	0.000000	1.000000	-0.007016	-0.043486	0.001374	0.004372	1.046507
	0.000000	0.000000	0.000000	0.000000	1.000000	-0.011531	0.010256	0.003607	0.007501	0.985724
	0.000000	0.000000	0.000000	0.000000	1.000000	0.039100	0.078036	-0.001470	-0.080687	0.952415
	0.000000	0.000000	0.000000	0.000000	1.000000	-0.022170	-0.043693	0.003742	0.027774	1.037381
	0.000000	0.000000	0.000000	0.000000	1.000000	0.056567	-0.030680	0.025350	-0.070981	1.038319
	0.000000	0.000000	0.000000	0.000000	1.000000	-0.020798	0.003231	-0.000754	-0.015636	1.025645
	0.000000	0.000000	0.000000	0.000000	1.000000	0.019319	0.008696	-0.003355	-0.023360	0.973650
	0.000000	0.000000	0.000000	0.000000	1.000000	-0.009694	-0.014473	0.000445	-0.018804	1.032876
	0.000000	0.000000	0.000000	0.000000	1.000000	-0.071543	-0.014477	0.042345	0.084470	0.981818
	0.000000	0.000000	0.000000	0.000000	1.000000	-0.003953	-0.011513	0.000537	0.017761	0.991721
	0.000000	0.000000	0.000000	0.000000	1.000000	0.022736	0.018046	0.013109	-0.052185	0.998775
	0.000000	0.000000	0.000000	0.000000	1.000000	-0.003981	-0.053719	0.006001	0.017149	1.035617
	0.000000	0.000000	0.000000	0.000000	1.000000	0.132623	-0.022361	0.056901	-0.136741	1.033796
	0.000000	0.000000	0.000000	0.000000	1.000000	0.047194	-0.035568	0.026442	-0.075592	1.053020
	0.000000	0.000000	0.000000	0.000000	1.000000	0.021208	-0.034658	0.019294	-0.034631	1.038803
