	1.000000	0.000000	0.000000	0.000000	0.000000	1.033246	0.003910	0.019129	-0.074314	0.017995
	1.000000	0.000000	0.000000	0.000000	0.000000	1.004243	-0.023615	-0.030542	0.023166	0.006163
	1.000000	0.000000	0.000000	0.000000	0.000000	1.073429	-0.027826	-0.000126	-0.036134	-0.086094
	1.000000	0.000000	0.000000	0.000000	0.000000	1.101802	-0.004982	-0.037052	0.008222	-0.106341
	1.000000	0.000000	0.000000	0.000000	0.000000	0.952551	-0.022108	-0.038222	0.076067	0.017187
	1.000000	0.000000	0.000000	0.000000	0.000000	0.987965	0.011978	-0.012417	-0.023645	0.034740
	1.000000	0.000000	0.000000	0.000000	0.000000	0.916652	-0.010907	-0.030418	0.084825	0.034732
	1.000000	0.000000	0.000000	0.000000	0.000000	1.049083	0.007539	-0.029643	0.049340	-0.101797
	1.000000	0.000000	0.000000	0.000000	0.000000	0.992073	0.006497	-0.001985	-0.070585	0.091814
	1.000000	0.000000	0.000000	0.000000	0.000000	1.015407	-0.001314	-0.021599	0.115046	-0.133508
	1.000000	0.000000	0.000000	0.000000	0.000000	0.973333	0.013580	-0.011106	-0.045996	0.063483
	1.000000	0.000000	0.000000	0.000000	0.000000	1.012769	-0.008731	0.002498	-0.054640	-0.009251
	1.000000	0.000000	0.000000	0.000000	0.000000	0.975582	-0.017016	-0.048396	0.127323	-0.064076
	1.000000	0.000000	0.000000	0.000000	0.000000	0.606646	0.166502	0.064868	-0.033248	0.246540
	0.000000	1.000000	0.000000	0.000000	0.000000	0.021400	1.030045	0.009625	-0.036758	-0.028233
	0.000000	1.000000	0.000000	0.000000	0.000000	-0.005251	1.027845	-0.012958	0.019259	-0.031696
	0.000000	1.000000	0.000000	0.000000	0.000000	-0.016175	1.043298	0.009016	-0.027939	-0.010396
	0.000000	1.000000	0.000000	0.000000	0.000000	-0.015219	1.031062	-0.024732	0.035079	-0.025370
	0.000000	1.000000	0.000000	0.000000	0.000000	0.018965	1.041341	0.006285	-0.041194	-0.018254
	0.000000	1.000000	0.000000	0.000000	0.000000	0.006245	0.996915	-0.022462	0.028023	-0.024784
	0.000000	1.000000	0.000000	0.000000	0.000000	0.019112	0.946494	-0.030493	-0.001716	0.044584
	0.000000	1.000000	0.000000	0.000000	0.000000	-0.006759	0.946136	-0.032553	0.085433	-0.008121
	0.000000	1.000000	0.000000	0.000000	0.000000	-0.013644	1.043501	-0.002825	0.029878	-0.056706
	0.000000	1.000000	0.000000	0.000000	0.000000	0.015197	1.025372	-0.013787	0.025550	-0.067192
	0.000000	1.000000	0.000000	0.000000	0.000000	0.024428	1.014038	-0.000598	-0.033388	-0.006511
	0.000000	1.000000	0.000000	0.000000	0.000000	0.012264	1.051879	-0.013348	0.010225	-0.065262
	0.000000	1.000000	0.000000	0.000000	0.000000	-0.002598	1.026530	0.019928	-0.036004	-0.003238
	0.000000	1.000000	0.000000	0.000000	0.000000	-0.009362	1.029354	-0.008293	0.009013	-0.015550
	0.000000	1.000000	0.000000	0.000000	0.000000	0.016147	1.005384	-0.018245	-0.019473	0.007489
	0.000000	1.000000	0.000000	0.000000	0.000000	-0.000695	1.046396	0.006244	-0.013294	-0.034786
	0.000000	1.000000	0.000000	0.000000	0.000000	0.073754	0.859085	-0.024990	-0.065508	0.125609
	0.000000	1.000000	0.000000	0.000000	0.000000	0.034201	0.960878	-0.033884	-0.022444	0.035717
	0.000000	1.000000	0.000000	0.000000	0.000000	-0.015894	0.979947	0.040635	0.025744	-0.048592
	0.000000	1.000000	0.000000	0.000000	0.000000	0.025801	1.004447	-0.030929	-0.016762	-0.001020
	0.000000	1.000000	0.000000	0.000000	0.000000	0.000738	1.052990	0.040534	-0.045968	-0.042940
	0.000000	1.000000	0.000000	0.000000	0.000000	-0.029985	0.844343	-0.051037	0.093986	0.134328
	0.000000	1.000000	0.000000	0.000000	0.000000	-0.004865	0.876459	-0.034095	0.024910	0.123958
	0.000000	1.000000	0.000000	0.000000	0.000000	0.078577	0.932353	0.094915	-0.103362	0.019055
	0.000000	1.000000	0.000000	0.000000	0.000000	0.015111	1.061852	-0.000829	-0.034263	-0.038252
	0.000000	1.000000	0.000000	0.000000	0.000000	0.054470	1.059837	-0.001405	-0.080481	-0.030411
	0.000000	1.000000	0.000000	0.000000	0.000000	0.041625	1.031996	0.045817	-0.066507	-0.039527
	0.000000	1.000000	0.000000	0.000000	0.000000	-0.051214	0.973415	0.001655	0.078583	-0.020145
	0.000000	1.000000	0.000000	0.000000	0.000000	0.045426	0.893709	0.014934	0.007607	0.025252
	0.000000	1.000000	0.000000	0.000000	0.000000	0.037961	0.921753	0.008355	0.009602	-0.006019
	0.000000	1.000000	0.000000	0.000000	0.000000	0.060307	0.980656	0.036659	0.013748	-0.091265
	0.000000	1.000000	0.000000	0.000000	0.000000	0.047807	0.998100	-0.027480	-0.058220	0.022145
	0.000000	1.000000	0.000000	0.000000	0.000000	-0.010550	1.075897	0.001653	-0.004120	-0.053330
	0.000000	1.000000	0.000000	0.000000	0.000000	-0.014630	1.011891	0.025551	0.005547	-0.050625
	0.000000	1.000000	0.000000	0.000000	0.000000	0.142559	0.641561	0.047006	0.160123	-0.086937
	0.000000	1.000000	0.000000	0.000000	0.000000	0.030199	1.002689	-0.022665	-0.037727	0.013372
	0.000000	1.000000	0.000000	0.000000	0.000000	-0.002799	1.006330	-0.022170	0.039122	-0.024036
	0.000000	1.000000	0.000000	0.000000	0.000000	0.003817	1.044046	0.011558	-0.018547	-0.042898
	0.000000	1.000000	0.000000	0.000000	0.000000	-0.005029	1.071558	-0.004625	-0.000367	-0.055000
	0.000000	0.000000	1.000000	0.000000	0.000000	0.027686	0.027933	1.030733	-0.064892	-0.023838
	0.000000	0.000000	1.000000	0.000000	0.000000	-0.000999	0.118811	0.995540	-0.078982	-0.082596
	0.000000	0.000000	1.000000	0.000000	0.000000	-0.008509	-0.002307	1.041341	-0.044697	0.006374
	0.000000	0.000000	1.000000	0.000000	0.000000	0.006718	0.017205	0.898434	0.087816	-0.024254
	0.000000	0.000000	1.000000	0.000000	0.000000	0.016517	0.008187	1.061424	-0.083894	0.001107
	0.000000	0.000000	1.000000	0.000000	0.000000	-0.032946	0.000615	0.920382	0.101215	-0.002979
	0.000000	0.000000	1.000000	0.000000	0.000000	0.009454	-0.015239	1.018024	-0.023391	0.015431
	0.000000	0.000000	1.000000	0.000000	0.000000	0.035630	0.003992	0.975754	0.000355	-0.008369
	0.000000	0.000000	1.000000	0.000000	0.000000	0.061451	0.027427	1.039130	-0.098500	-0.009861
	0.000000	0.000000	1.000000	0.000000	0.000000	-0.023064	-0.028686	0.970917	0.064099	0.021992
	0.000000	0.000000	1.000000	0.000000	0.000000	0.028316	0.024023	0.910003	0.047675	-0.024243
	0.000000	0.000000	1.000000	0.000000	0.000000	-0.026314	-0.028652	1.033802	-0.012701	0.033163
	0.000000	0.000000	1.000000	0.000000	0.000000	-0.007619	-0.015497	1.002463	-0.027567	0.051062
	0.000000	0.000000	0.000000	1.000000	0.000000	-0.064214	0.065878	-0.033157	1.034517	-0.065736
	0.000000	0.000000	0.000000	1.000000	0.000000	0.204870	0.091435	0.004785	0.797784	-0.093018
	0.000000	0.000000	0.000000	1.000000	0.000000	0.195696	0.092576	-0.050234	0.700145	0.046023
	0.000000	0.000000	0.000000	1.000000	0.000000	-0.132161	0.151063	-0.081344	0.968330	0.104310
	0.000000	0.000000	0.000000	1.000000	0.000000	0.160471	-0.020969	0.035615	0.864207	-0.060788
	0.000000	0.000000	0.000000	1.000000	0.000000	0.051249	0.039554	-0.040598	0.802272	0.067041
	0.000000	0.000000	0.000000	1.000000	0.000000	0.043074	-0.030008	0.111441	0.960019	-0.075262
	0.000000	0.000000	0.000000	1.000000	0.000000	-0.060142	0.251658	-0.088123	0.878838	0.004156
	0.000000	0.000000	0.000000	1.000000	0.000000	-0.036878	-0.012540	-0.043533	0.992993	0.037942
	0.000000	0.000000	0.000000	1.000000	0.000000	-0.064417	-0.003558	-0.076420	0.937073	0.158277
	0.000000	0.000000	0.000000	1.000000	0.000000	0.164481	-0.041297	0.166424	0.896030	-0.114615
	0.000000	0.000000	0.000000	1.000000	0.000000	0.005295	-0.039123	0.088579	1.014004	-0.076385
	0.000000	0.000000	0.000000	1.000000	0.000000	0.022853	0.044519	-0.014381	0.985210	-0.080796
	0.000000	0.000000	0.000000	1.000000	0.000000	0.145994	-0.064929	0.145108	0.982675	-0.116747
	0.000000	0.000000	0.000000	1.000000	0.000000	-0.066341	-0.042568	-0.006810	1.097228	-0.041991
	0.000000	0.000000	0.000000	1.000000	0.000000	0.038661	-0.033399	0.076986	1.026821	-0.099304
	0.000000	0.000000	0.000000	0.000000	1.000000	0.014078	-0.012386	0.007959	0.009123	0.991576
	0.000000	0.000000	0.000000	0.000000	1.000000	0.078007	-0.037910	0.003366	0.041625	0.933680
	0.000000	0.000000	0.000000	0.000000	1.000000	0.072791	0.046411	0.031441	-0.016179	0.885173
	0.000000	0.000000	0.000000	0.000000	1.000000	0.044969	-0.064738	-0.020351	0.096663	0.925592
	0.000000	0.000000	0.000000	0.000000	1.000000	0.113882	0.008261	0.008943	-0.046132	0.924668
	0.000000	0.000000	0.000000	0.000000	1.000000	0.061141	0.098620	-0.004504	-0.086666	0.918557
	0.000000	0.000000	0.000000	0.000000	1.000000	0.021481	0.054618	-0.017506	-0.055117	0.971365
	0.000000	0.000000	0.000000	0.000000	1.000000	0.082513	-0.028314	0.009164	-0.017506	0.969059
	0.000000	0.000000	0.000000	0.000000	1.000000	-0.027449	-0.052326	-0.004779	0.010332	1.067437
	0.000000	0.000000	0.000000	0.000000	1.000000	0.029181	0.073987	-0.024864	-0.041344	0.927146
	0.000000	0.000000	0.000000	0.000000	1.000000	-0.009370	-0.013093	-0.009841	0.032761	0.987283
	0.000000	0.000000	0.000000	0.000000	1.000000	-0.000676	-0.031699	0.000174	-0.010411	1.037321
	0.000000	0.000000	0.000000	0.000000	1.000000	0.011709	0.042504	-0.018928	-0.046210	0.981825
	0.000000	0.000000	0.000000	0.000000	1.000000	-0.005241	-0.025664	-0.000672	-0.014935	1.039166
	0.000000	0.000000	0.000000	0.000000	1.000000	0.003672	-0.024832	-0.000515	-0.015574	1.030534
	0.000000	0.000000	0.000000	0.000000	1.000000	-0.002898	-0.012891	-0.007965	0.020231	0.991098
	0.000000	0.000000	0.000000	0.000000	1.000000	0.007784	0.096505	-0.022590	-0.014887	0.904130
	0.000000	0.000000	0.000000	0.000000	1.000000	0.119655	-0.035340	0.000153	0.059087	0.864643
	0.000000	0.000000	0.000000	0.000000	1.000000	0.031702	-0.032254	-0.002019	0.080657	0.926874
	0.000000	0.000000	0.000000	0.000000	1.000000	0.035925	0.045102	0.000145	0.007143	0.900851
	0.000000	0.000000	0.000000	0.000000	1.000000	-0.013572	-0.002843	-0.001263	-0.022469	1.028867
	0.000000	0.000000	0.000000	0.000000	1.000000	-0.014886	-0.053085	0.008230	-0.005557	1.067964
	0.000000	0.000000	0.000000	0.000000	1.000000	-0.020590	-0.014445	-0.007463	-0.012926	1.039130
	0.000000	0.000000	0.000000	0.000000	1.000000	0.069657	-0.030097	0.014547	-0.019580	0.991959
	0.000000	0.000000	0.000000	0.000000	1.000000	0.002085	-0.017144	0.005282	-0.025037	1.029752
	0.000000	0.000000	0.000000	0.000000	1.000000	-0.021785	-0.033110	0.001960	-0.005598	1.050944
	0.000000	0.000000	0.000000	0.000000	1.000000	0.047005	0.009060	0.006001	-0.053834	0.995846
	0.000000	0.000000	0.000000	0.000000	1.000000	0.020219	0.082144	-0.011159	-0.032989	0.918546
	0.000000	0.000000	0.000000	0.000000	1.000000	0.011354	-0.026962	0.005261	0.006414	1.006869
	0.000000	0.000000	0.000000	0.000000	1.000000	-0.019252	-0.047123	0.001819	0.008776	1.043390
	0.000000	0.000000	0.000000	0.000000	1.000000	0.009465	-0.014898	0.010450	-0.015384	1.014807
	0.000000	0.000000	0.000000	0.000000	1.000000	-0.013327	-0.066732	0.001806	0.008038	1.072991
	0.000000	0.000000	0.000000	0.000000	1.000000	-0.012332	-0.015356	-0.018441	-0.001723	1.027389
	0.000000	0.000000	0.000000	0.000000	1.000000	0.005639	0.024102	-0.015270	-0.021942	0.986271
	0.000000	0.000000	0.000000	0.000000	1.000000	0.264141	-0.023089	0.000102	0.057189	0.705250
	0.000000	0.000000	0.000000	0.000000	1.000000	0.027039	0.033008	0.023771	-0.059086	0.985328
	0.000000	0.000000	0.000000	0.000000	1.000000	0.004798	-0.046362	0.008582	-0.007697	1.045058
	0.000000	0.000000	0.000000	0.000000	1.000000	-0.024984	-0.038705	-0.012525	0.005456	1.055528
	0.000000	0.000000	0.000000	0.000000	1.000000	0.022652	0.042977	-0.029813	-0.049261	0.977406
	0.000000	0.000000	0.000000	0.000000	1.000000	0.023427	-0.053310	0.005199	-0.007079	1.041799
	0.000000	0.000000	0.000000	0.000000	1.000000	0.037780	0.120351	-0.002657	-0.053546	0.880658
	0.000000	0.000000	0.000000	0.000000	1.000000	0.032275	0.039856	0.005721	-0.000985	0.912200
	0.000000	0.000000	0.000000	0.000000	1.000000	-0.033487	-0.050040	-0.003881	0.023994	1.059671
	0.000000	0.000000	0.000000	0.000000	1.000000	0.010676	0.011958	-0.011078	-0.029991	1.001271
	0.000000	0.000000	0.000000	0.000000	1.000000	-0.021442	-0.004932	-0.011783	-0.002257	1.023631
	0.000000	0.000000	0.000000	0.000000	1.000000	0.026017	0.002746	0.012846	0.009922	0.957595
	0.000000	0.000000	0.000000	0.000000	1.000000	0.013448	0.055940	0.003512	-0.045983	0.964684
	0.000000	0.000000	0.000000	0.000000	1.000000	0.049264	-0.007384	0.002748	-0.027280	0.976542
	0.000000	0.000000	0.000000	0.000000	1.000000	-0.025334	0.109163	0.004917	0.040160	0.874340
	0.000000	0.000000	0.000000	0.000000	1.000000	0.047971	0.050556	-0.003757	-0.040332	0.925969
	0.000000	0.000000	0.000000	0.000000	1.000000	0.029302	0.033483	-0.009169	-0.012629	0.935289
	0.000000	0.000000	0.000000	0.000000	1.000000	0.336489	-0.009341	-0.004941	0.175153	0.496389
	0.000000	0.000000	0.000000	0.000000	1.000000	-0.043041	0.058567	0.041767	0.041886	0.912174
	0.000000	0.000000	0.000000	0.000000	1.000000	0.155290	0.023979	0.053150	-0.089981	0.881947
	0.000000	0.000000	0.000000	0.000000	1.000000	-0.015891	0.143422	0.026578	-0.032101	0.889819
	0.000000	0.000000	0.000000	0.000000	1.000000	0.015585	0.016060	0.043529	0.007033	0.906099
	0.000000	0.000000	0.000000	0.000000	1.000000	-0.021360	0.032734	-0.001144	0.064473	0.926117
	0.000000	0.000000	0.000000	0.000000	1.000000	-0.015512	-0.010416	-0.010197	-0.018354	1.035866
	0.000000	0.000000	0.000000	0.000000	1.000000	0.042959	-0.023058	0.039500	-0.065791	1.012477
	0.000000	0.000000	0.000000	0.000000	1.000000	0.050538	0.013295	0.008638	-0.079535	1.010019
	0.000000	0.000000	0.000000	0.000000	1.000000	0.199954	0.034625	0.027309	-0.069479	0.848103
	0.000000	0.000000	0.000000	0.000000	1.000000	0.003393	0.010579	-0.004886	-0.012271	0.992227
	0.000000	0.000000	0.000000	0.000000	1.000000	0.085465	-0.013989	0.029124	-0.092461	1.028810
	0.000000	0.000000	0.000000	0.000000	1.000000	0.102330	-0.022970	0.028854	-0.088316	1.024601
	0.000000	0.000000	0.000000	0.000000	1.000000	0.039456	0.079296	0.040124	0.095258	0.687105
	1.000000	0.000000	0.000000	0.000000	0.000000	0.688364	-0.049523	-0.060367	0.244945	0.130780
	1.000000	0.000000	0.000000	0.000000	0.000000	0.579331	-0.016123	-0.021255	0.033717	0.332626
	1.000000	0.000000	0.000000	0.000000	0.000000	0.800397	-0.028880	-0.044679	0.164166	0.087641
	1.000000	0.000000	0.000000	0.000000	0.000000	0.989446	0.019905	0.024552	-0.116841	0.172636
	1.000000	0.000000	0.000000	0.000000	0.000000	0.884569	-0.039453	-0.048410	0.151292	0.007086
	1.000000	0.000000	0.000000	0.000000	0.000000	0.956077	-0.015014	-0.022431	0.018143	0.064185
	1.000000	0.000000	0.000000	0.000000	0.000000	0.935141	-0.030011	-0.027348	0.044119	0.061363
	1.000000	0.000000	0.000000	0.000000	0.000000	0.877530	0.022931	-0.030624	0.220543	-0.062396
	1.000000	0.000000	0.000000	0.000000	0.000000	0.962032	-0.008992	-0.046164	0.139118	-0.056763
	1.000000	0.000000	0.000000	0.000000	0.000000	0.388862	-0.036103	-0.011852	0.054057	0.622401
	1.000000	0.000000	0.000000	0.000000	0.000000	0.386476	0.428549	0.005112	0.321771	-0.101363
	1.000000	0.000000	0.000000	0.000000	0.000000	0.754885	-0.019471	-0.001103	-0.030663	0.347651
	1.000000	0.000000	0.000000	0.000000	0.000000	0.432198	-0.002851	0.022680	-0.087813	0.689559
	1.000000	0.000000	0.000000	0.000000	0.000000	0.524756	0.013870	0.049930	-0.048472	0.559626
	1.000000	0.000000	0.000000	0.000000	0.000000	0.770199	-0.009961	-0.016720	0.071423	0.095898
	1.000000	0.000000	0.000000	0.000000	0.000000	0.527514	-0.030643	0.021904	0.273674	0.064353
	0.000000	1.000000	0.000000	0.000000	0.000000	0.013162	1.032468	0.010593	0.023025	-0.093437
	0.000000	1.000000	0.000000	0.000000	0.000000	0.013146	0.953287	-0.060621	0.042310	0.019424
	0.000000	1.000000	0.000000	0.000000	0.000000	0.068597	0.889225	0.109523	0.064935	-0.187454
	0.000000	1.000000	0.000000	0.000000	0.000000	0.056868	0.970466	0.018255	0.061407	-0.139587
	0.000000	1.000000	0.000000	0.000000	0.000000	-0.002838	0.996437	-0.046455	0.051564	-0.014847
	0.000000	1.000000	0.000000	0.000000	0.000000	0.146444	0.742078	0.066378	-0.070846	0.143911
	0.000000	1.000000	0.000000	0.000000	0.000000	0.089769	0.707976	-0.041140	0.005946	0.161009
	0.000000	1.000000	0.000000	0.000000	0.000000	-0.044235	0.743634	-0.091699	0.153205	0.215335
	0.000000	1.000000	0.000000	0.000000	0.000000	0.011780	1.030376	-0.016332	-0.008860	-0.022755
	0.000000	1.000000	0.000000	0.000000	0.000000	0.002502	1.043994	-0.011718	-0.002089	-0.033251
	0.000000	1.000000	0.000000	0.000000	0.000000	0.030760	1.043613	0.032749	-0.051080	-0.043590
	0.000000	1.000000	0.000000	0.000000	0.000000	0.065161	0.957195	-0.041070	-0.062565	0.050709
	0.000000	1.000000	0.000000	0.000000	0.000000	0.009732	1.013350	-0.032939	0.008082	-0.012210
	0.000000	1.000000	0.000000	0.000000	0.000000	0.017204	0.995607	-0.033940	-0.001997	0.005138
	0.000000	1.000000	0.000000	0.000000	0.000000	-0.124897	0.943875	-0.051107	0.291986	-0.017407
	0.000000	1.000000	0.000000	0.000000	0.000000	-0.115721	0.867904	0.360125	-0.187979	0.214437
	0.000000	1.000000	0.000000	0.000000	0.000000	0.009687	1.033282	-0.011411	-0.010333	-0.024405
	0.000000	1.000000	0.000000	0.000000	0.000000	-0.009271	1.039007	0.016415	-0.047359	-0.002031
	0.000000	1.000000	0.000000	0.000000	0.000000	-0.015148	1.065962	0.008386	0.001000	-0.058825
	0.000000	1.000000	0.000000	0.000000	0.000000	0.259785	0.966464	0.012033	-0.094141	-0.080036
	0.000000	1.000000	0.000000	0.000000	0.000000	0.007985	1.039876	-0.015157	0.003530	-0.041777
	0.000000	1.000000	0.000000	0.000000	0.000000	0.052376	0.958188	-0.023239	-0.056121	0.049803
	0.000000	1.000000	0.000000	0.000000	0.000000	-0.010438	1.032428	0.012489	-0.048828	0.005787
	0.000000	1.000000	0.000000	0.000000	0.000000	-0.004461	1.016897	-0.006102	-0.001925	0.000225
	0.000000	1.000000	0.000000	0.000000	0.000000	-0.003786	1.057958	-0.002212	0.007258	-0.053605
	0.000000	1.000000	0.000000	0.000000	0.000000	-0.046050	0.881202	-0.045714	0.106029	0.113641
	0.000000	1.000000	0.000000	0.000000	0.000000	0.046552	1.003296	-0.001445	-0.091045	0.033089
	0.000000	1.000000	0.000000	0.000000	0.000000	0.006864	0.959708	-0.015974	0.012200	0.033860
	0.000000	1.000000	0.000000	0.000000	0.000000	0.000732	1.046894	-0.011746	-0.004197	-0.030488
	0.000000	1.000000	0.000000	0.000000	0.000000	0.020744	0.937454	-0.009960	-0.013134	0.050760
	0.000000	1.000000	0.000000	0.000000	0.000000	-0.046312	0.910678	-0.050488	0.199861	-0.021123
	0.000000	1.000000	0.000000	0.000000	0.000000	-0.027548	0.866959	-0.013692	0.147621	0.002374
	0.000000	1.000000	0.000000	0.000000	0.000000	0.001727	1.040079	0.005851	-0.012896	-0.036742
	0.000000	1.000000	0.000000	0.000000	0.000000	-0.002556	1.073796	0.001275	-0.007381	-0.060855
	0.000000	1.000000	0.000000	0.000000	0.000000	-0.167139	0.716617	0.349618	-0.070631	0.175500
	0.000000	0.000000	1.000000	0.000000	0.000000	-0.060840	-0.025946	0.946214	0.052329	0.087436
	0.000000	0.000000	1.000000	0.000000	0.000000	-0.011963	-0.042139	0.939426	0.111661	0.011774
	0.000000	0.000000	1.000000	0.000000	0.000000	0.056744	0.069375	1.058737	-0.136245	-0.033048
	0.000000	0.000000	1.000000	0.000000	0.000000	0.093152	0.047545	0.888263	0.015523	-0.047043
	0.000000	0.000000	1.000000	0.000000	0.000000	-0.032658	0.055211	0.940788	0.031250	-0.040081
	0.000000	0.000000	1.000000	0.000000	0.000000	0.043980	0.021649	0.944053	0.031546	-0.042247
	0.000000	0.000000	1.000000	0.000000	0.000000	-0.042121	-0.011047	0.558576	0.513398	-0.016513
	0.000000	0.000000	1.000000	0.000000	0.000000	0.001701	0.067122	1.010254	-0.045443	-0.070624
	0.000000	0.000000	1.000000	0.000000	0.000000	-0.000164	-0.022034	1.018675	-0.016287	0.019813
	0.000000	0.000000	1.000000	0.000000	0.000000	0.042143	-0.011898	0.851550	0.152839	-0.024042
	0.000000	0.000000	1.000000	0.000000	0.000000	0.226304	0.087129	0.832840	-0.012831	-0.075392
	0.000000	0.000000	1.000000	0.000000	0.000000	0.031263	-0.041448	0.803759	0.233309	-0.008977
	0.000000	0.000000	1.000000	0.000000	0.000000	0.029378	0.010607	1.057044	-0.093348	0.002962
	0.000000	0.000000	1.000000	0.000000	0.000000	-0.255594	0.104974	0.110243	0.922071	0.188247
	0.000000	0.000000	1.000000	0.000000	0.000000	-0.012010	-0.023141	1.017808	-0.010012	0.030603
	0.000000	0.000000	1.000000	0.000000	0.000000	0.060441	0.071330	1.056456	-0.141626	-0.022641
	0.000000	0.000000	0.000000	1.000000	0.000000	0.165434	0.019027	0.221069	0.775763	-0.121607
	0.000000	0.000000	0.000000	1.000000	0.000000	0.062939	-0.059586	-0.022548	0.630430	0.268918
	0.000000	0.000000	0.000000	1.000000	0.000000	-0.191437	0.107394	-0.080881	1.013846	0.169429
	0.000000	0.000000	0.000000	1.000000	0.000000	-0.140634	-0.003026	-0.045263	1.102298	0.010268
	0.000000	0.000000	0.000000	1.000000	0.000000	0.094423	-0.032600	0.034017	0.895880	-0.035792
	0.000000	0.000000	0.000000	1.000000	0.000000	-0.111374	-0.014641	-0.075762	0.975563	0.177047
	0.000000	0.000000	0.000000	1.000000	0.000000	0.211349	0.051574	-0.025354	0.793245	-0.061017
	0.000000	0.000000	0.000000	1.000000	0.000000	0.153327	-0.016819	0.094694	0.932958	-0.118380
	0.000000	0.000000	0.000000	1.000000	0.000000	-0.114064	-0.023710	0.069210	1.035056	-0.007156
	0.000000	0.000000	0.000000	1.000000	0.000000	-0.081434	0.006787	-0.063020	1.076432	-0.015510
	0.000000	0.000000	0.000000	1.000000	0.000000	0.205334	0.000087	0.228844	0.798727	-0.135161
	0.000000	0.000000	0.000000	1.000000	0.000000	0.003977	-0.050873	0.086261	1.025822	-0.066419
	0.000000	0.000000	0.000000	1.000000	0.000000	-0.209227	-0.031022	-0.000427	1.132225	0.061896
	0.000000	0.000000	0.000000	1.000000	0.000000	0.024609	-0.074557	0.526454	0.647831	-0.044816
	0.000000	0.000000	0.000000	1.000000	0.000000	-0.012040	-0.015289	0.276542	0.802849	-0.039258
	0.000000	0.000000	0.000000	0.000000	1.000000	0.030033	-0.030183	0.013734	0.006131	1.001783
	0.000000	0.000000	0.000000	0.000000	1.000000	-0.016484	-0.005041	-0.002236	0.077107	0.958740
	0.000000	0.000000	0.000000	0.000000	1.000000	-0.004369	-0.014078	-0.002269	-0.012064	1.023756
	0.000000	0.000000	0.000000	0.000000	1.000000	0.023016	-0.005424	0.012182	-0.055913	1.024396
	0.000000	0.000000	0.000000	0.000000	1.000000	0.081398	0.061984	0.004410	-0.041181	0.884756
	0.000000	0.000000	0.000000	0.000000	1.000000	0.054758	-0.049289	0.017720	-0.041408	1.043254
	0.000000	0.000000	0.000000	0.000000	1.000000	0.014905	-0.021446	-0.010125	0.101654	0.914028
	0.000000	0.000000	0.000000	0.000000	1.000000	0.010723	-0.010882	0.002362	-0.023460	1.019371
	0.000000	0.000000	0.000000	0.000000	1.000000	0.209837	0.017189	0.047488	-0.097622	0.904044
	0.000000	0.000000	0.000000	0.000000	1.000000	0.523707	-0.023337	-0.026838	0.062794	0.400153
	0.000000	0.000000	0.000000	0.000000	1.000000	-0.008826	0.008568	-0.013980	-0.014766	1.007012
	0.000000	0.000000	0.000000	0.000000	1.000000	-0.001602	-0.033572	0.023725	-0.021606	1.047231
	0.000000	0.000000	0.000000	0.000000	1.000000	0.010765	0.012604	-0.005010	-0.041173	1.005562
	0.000000	0.000000	0.000000	0.000000	1.000000	-0.025957	-0.072538	0.000204	0.022920	1.080300
	0.000000	0.000000	0.000000	0.000000	1.000000	0.029987	0.020042	-0.002940	-0.042527	0.983506
	0.000000	0.000000	0.000000	0.000000	1.000000	0.024623	-0.075274	-0.021971	0.100932	0.964653
	0.000000	0.000000	0.000000	0.000000	1.000000	0.010360	-0.028534	0.010449	0.016612	1.003116
	0.000000	0.000000	0.000000	0.000000	1.000000	-0.044883	0.103307	-0.023539	0.075334	0.881290
	0.000000	0.000000	0.000000	0.000000	1.000000	0.009557	0.025383	-0.000636	-0.059928	1.011308
	0.000000	0.000000	0.000000	0.000000	1.000000	-0.001721	-0.027915	-0.010525	0.119288	0.916819
	0.000000	0.000000	0.000000	0.000000	1.000000	0.025019	-0.030793	0.004158	-0.026483	1.030157
	0.000000	0.000000	0.000000	0.000000	1.000000	-0.012027	-0.024305	-0.001665	-0.030632	1.054325
	0.000000	0.000000	0.000000	0.000000	1.000000	0.114394	0.031323	0.024152	-0.116730	0.987547
	0.000000	0.000000	0.000000	0.000000	1.000000	0.046145	-0.035995	0.007641	0.013383	0.985040
	0.000000	0.000000	0.000000	0.000000	1.000000	0.006158	0.009986	-0.004085	-0.045169	1.018129
	0.000000	0.000000	0.000000	0.000000	1.000000	0.048726	-0.008924	0.022702	-0.088280	1.037964
	0.000000	0.000000	0.000000	0.000000	1.000000	0.036315	-0.027019	0.017201	-0.065234	1.050858
	0.000000	0.000000	0.000000	0.000000	1.000000	0.191585	-0.034255	-0.011242	0.102982	0.737818
	0.000000	0.000000	0.000000	0.000000	1.000000	0.004519	-0.058218	0.009867	-0.025260	1.074545
	0.000000	0.000000	0.000000	0.000000	1.000000	-0.020754	-0.042394	-0.000299	0.000777	1.057491
	0.000000	0.000000	0.000000	0.000000	1.000000	-0.037808	-0.074391	-0.007998	0.067708	1.061024
	0.000000	0.000000	0.000000	0.000000	1.000000	0.038659	0.002234	-0.009493	-0.020649	0.979034
	0.000000	0.000000	0.000000	0.000000	1.000000	-0.012944	-0.042570	-0.000820	-0.017735	1.067271
	0.000000	0.000000	0.000000	0.000000	1.000000	-0.015175	-0.016415	-0.012732	-0.012754	1.036654
	0.000000	0.000000	0.000000	0.000000	1.000000	0.063043	-0.043924	0.010233	0.006945	0.983874
	0.000000	0.000000	0.000000	0.000000	1.000000	0.046200	0.155005	-0.021400	-0.039071	0.822806
	0.000000	0.000000	0.000000	0.000000	1.000000	0.027722	0.036786	0.001270	-0.072810	0.996073
	0.000000	0.000000	0.000000	0.000000	1.000000	0.056494	0.185866	-0.023098	-0.061082	0.808136
	0.000000	0.000000	0.000000	0.000000	1.000000	0.049472	0.142065	-0.026176	-0.067779	0.868939
	0.000000	0.000000	0.000000	0.000000	1.000000	0.038554	0.036097	0.013619	-0.044690	0.955250
	0.000000	0.000000	0.000000	0.000000	1.000000	0.053075	0.124692	-0.044479	-0.073630	0.891804
	0.000000	0.000000	0.000000	0.000000	1.000000	0.005479	0.034829	-0.011447	0.015669	0.940471
	0.000000	0.000000	0.000000	0.000000	1.000000	0.014397	-0.061397	-0.003274	0.020244	1.034343
	0.000000	0.000000	0.000000	0.000000	1.000000	0.056085	0.007908	0.013270	-0.057319	0.989033
	0.000000	0.000000	0.000000	0.000000	1.000000	-0.049680	-0.027788	-0.009353	0.038333	1.045814
	0.000000	0.000000	0.000000	0.000000	1.000000	0.002468	0.003778	0.002529	-0.057435	1.034374
	0.000000	0.000000	0.000000	0.000000	1.000000	0.029496	-0.023951	-0.003485	-0.020525	1.018943
	0.000000	0.000000	0.000000	0.000000	1.000000	0.015222	0.020762	-0.001501	-0.010395	0.966411
	0.000000	0.000000	0.000000	0.000000	1.000000	0.048859	0.098441	-0.017974	-0.083984	0.929802
	0.000000	0.000000	0.000000	0.000000	1.000000	-0.006502	-0.035586	0.000168	0.010551	1.029156
	0.000000	0.000000	0.000000	0.000000	1.000000	0.071480	-0.015804	0.018657	-0.074395	1.026411
	0.000000	0.000000	0.000000	0.000000	1.000000	-0.002400	0.029413	-0.015048	-0.034918	0.997536
	0.000000	0.000000	0.000000	0.000000	1.000000	0.091836	0.008606	0.012782	-0.052732	0.945119
	0.000000	0.000000	0.000000	0.000000	1.000000	0.007919	-0.012936	0.000253	-0.029034	1.024272
	0.000000	0.000000	0.000000	0.000000	1.000000	-0.065820	-0.012433	0.035138	0.051785	1.013552
	0.000000	0.000000	0.000000	0.000000	1.000000	0.039038	0.006132	-0.002283	-0.013636	0.963499
	0.000000	0.000000	0.000000	0.000000	1.000000	0.033221	0.028243	0.003304	-0.060048	0.989061
	0.000000	0.000000	0.000000	0.000000	1.000000	0.025453	-0.048879	0.010200	-0.003135	1.025508
	0.000000	0.000000	0.000000	0.000000	1.000000	0.142680	0.000440	0.047378	-0.134857	1.024273
	0.000000	0.000000	0.000000	0.000000	1.000000	0.061936	-0.021952	0.020421	-0.077751	1.041615
	0.000000	0.000000	0.000000	0.000000	1.000000	0.013650	-0.034494	0.013418	-0.029170	1.044816
