	1.000000	0.000000	0.000000	0.000000	0.000000	0.599523	-0.159953	0.080576	0.181286	0.184885
	1.000000	0.000000	0.000000	0.000000	0.000000	0.706598	-0.195657	0.025997	0.196202	0.196791
	1.000000	0.000000	0.000000	0.000000	0.000000	0.716041	-0.203810	0.052691	0.253732	0.083994
	1.000000	0.000000	0.000000	0.000000	0.000000	0.719836	-0.186323	0.034513	0.249888	0.110415
	1.000000	0.000000	0.000000	0.000000	0.000000	0.688019	-0.184421	0.030423	0.196289	0.202606
	1.000000	0.000000	0.000000	0.000000	0.000000	0.670678	-0.186615	0.047941	0.167158	0.209879
	1.000000	0.000000	0.000000	0.000000	0.000000	0.646811	-0.165368	0.029338	0.259090	0.185344
	1.000000	0.000000	0.000000	0.000000	0.000000	0.676902	-0.166906	0.035383	0.338105	0.088116
	1.000000	0.000000	0.000000	0.000000	0.000000	0.589965	-0.175209	0.015364	0.185902	0.330866
	1.000000	0.000000	0.000000	0.000000	0.000000	0.665804	-0.149402	0.054024	0.441049	0.007828
	1.000000	0.000000	0.000000	0.000000	0.000000	0.622085	-0.165039	0.037905	0.191683	0.247642
	1.000000	0.000000	0.000000	0.000000	0.000000	0.654492	-0.179418	0.050882	0.294021	0.118115
	1.000000	0.000000	0.000000	0.000000	0.000000	0.663486	-0.157423	0.042729	0.310859	0.096634
	1.000000	0.000000	0.000000	0.000000	0.000000	0.218923	0.079420	0.137799	0.111483	0.282949
	0.000000	1.000000	0.000000	0.000000	0.000000	-0.080942	0.989210	0.060718	-0.010570	0.021076
	0.000000	1.000000	0.000000	0.000000	0.000000	-0.043755	1.028723	0.001032	0.045340	-0.041841
	0.000000	1.000000	0.000000	0.000000	0.000000	-0.101285	1.043954	0.028399	0.089281	0.055528
	0.000000	1.000000	0.000000	0.000000	0.000000	-0.041268	1.027813	-0.004818	0.037912	-0.009751
	0.000000	1.000000	0.000000	0.000000	0.000000	-0.025220	1.009963	0.042589	-0.085968	-0.036454
	0.000000	1.000000	0.000000	0.000000	0.000000	-0.049476	0.982806	-0.007371	0.090120	0.004786
	0.000000	1.000000	0.000000	0.000000	0.000000	-0.047023	0.908778	-0.012276	0.058338	0.126641
	0.000000	1.000000	0.000000	0.000000	0.000000	-0.013273	0.916333	0.006007	0.100347	-0.022500
	0.000000	1.000000	0.000000	0.000000	0.000000	-0.040327	1.042803	0.052401	-0.033073	-0.095338
	0.000000	1.000000	0.000000	0.000000	0.000000	-0.056729	1.026178	0.006417	0.091207	-0.059345
	0.000000	1.000000	0.000000	0.000000	0.000000	-0.041052	0.896959	0.084188	0.014280	0.018628
	0.000000	1.000000	0.000000	0.000000	0.000000	-0.060949	1.086278	-0.035994	0.133050	-0.054499
	0.000000	1.000000	0.000000	0.000000	0.000000	-0.106674	0.983242	0.069467	0.083458	0.074453
	0.000000	1.000000	0.000000	0.000000	0.000000	-0.044701	1.044366	-0.012135	0.018715	-0.013164
	0.000000	1.000000	0.000000	0.000000	0.000000	-0.030440	1.002347	-0.019202	0.002957	0.022588
	0.000000	1.000000	0.000000	0.000000	0.000000	-0.059468	1.051380	0.032239	-0.027143	-0.043182
	0.000000	1.000000	0.000000	0.000000	0.000000	-0.024212	0.832140	-0.024861	0.058039	0.158533
	0.000000	1.000000	0.000000	0.000000	0.000000	-0.029262	0.962309	-0.056638	0.093851	0.077053
	0.000000	1.000000	0.000000	0.000000	0.000000	-0.019883	0.890425	0.182014	-0.050729	-0.103447
	0.000000	1.000000	0.000000	0.000000	0.000000	-0.033007	1.008855	-0.061502	0.096461	0.050037
	0.000000	1.000000	0.000000	0.000000	0.000000	-0.057439	1.005224	0.145397	-0.107790	-0.092523
	0.000000	1.000000	0.000000	0.000000	0.000000	-0.006398	0.876266	-0.035485	0.047689	0.112846
	0.000000	1.000000	0.000000	0.000000	0.000000	-0.023046	0.808403	0.005207	0.002630	0.196032
	0.000000	1.000000	0.000000	0.000000	0.000000	-0.111891	0.784645	0.258603	-0.105381	0.095875
	0.000000	1.000000	0.000000	0.000000	0.000000	-0.035564	1.081364	0.004481	-0.057139	-0.054879
	0.000000	1.000000	0.000000	0.000000	0.000000	-0.030063	1.059638	-0.034439	0.028723	-0.018923
	0.000000	1.000000	0.000000	0.000000	0.000000	-0.056710	0.947727	0.147804	-0.105373	-0.050110
	0.000000	1.000000	0.000000	0.000000	0.000000	-0.137472	0.896264	0.127999	0.172162	0.096345
	0.000000	1.000000	0.000000	0.000000	0.000000	-0.014691	0.755179	0.065797	0.189502	0.010887
	0.000000	1.000000	0.000000	0.000000	0.000000	-0.058745	0.880952	0.059187	0.059975	0.023369
	0.000000	1.000000	0.000000	0.000000	0.000000	-0.038397	0.921549	0.142923	-0.043085	-0.093307
	0.000000	1.000000	0.000000	0.000000	0.000000	-0.014886	1.011954	-0.056618	-0.001119	0.058545
	0.000000	1.000000	0.000000	0.000000	0.000000	-0.057386	1.123204	0.013343	-0.020217	-0.086080
	0.000000	1.000000	0.000000	0.000000	0.000000	-0.078063	0.958864	0.133002	-0.020471	-0.054857
	0.000000	1.000000	0.000000	0.000000	0.000000	0.013976	0.227897	0.265542	0.368470	0.112360
	0.000000	1.000000	0.000000	0.000000	0.000000	-0.046128	0.960534	0.009894	-0.005312	0.092052
	0.000000	1.000000	0.000000	0.000000	0.000000	0.012893	1.002030	-0.009491	0.053608	-0.089831
	0.000000	1.000000	0.000000	0.000000	0.000000	-0.060638	1.042790	0.048777	-0.026887	-0.064316
	0.000000	1.000000	0.000000	0.000000	0.000000	-0.056019	1.120783	-0.026329	0.066789	-0.068282
	0.000000	0.000000	1.000000	0.000000	0.000000	0.021159	0.059515	0.950085	0.067079	-0.206639
	0.000000	0.000000	1.000000	0.000000	0.000000	-0.025307	0.094583	0.959152	0.086871	-0.199929
	0.000000	0.000000	1.000000	0.000000	0.000000	0.013908	0.045066	0.978761	0.055148	-0.211904
	0.000000	0.000000	1.000000	0.000000	0.000000	0.044051	0.065835	0.832114	0.146922	-0.173149
	0.000000	0.000000	1.000000	0.000000	0.000000	0.015817	0.038005	0.977293	0.073032	-0.211608
	0.000000	0.000000	1.000000	0.000000	0.000000	0.010173	0.064105	0.818003	0.220855	-0.151998
	0.000000	0.000000	1.000000	0.000000	0.000000	0.051313	0.018221	0.940510	0.061223	-0.205477
	0.000000	0.000000	1.000000	0.000000	0.000000	0.101262	0.040228	0.837183	0.156752	-0.199068
	0.000000	0.000000	1.000000	0.000000	0.000000	0.052017	0.036184	0.953133	0.016777	-0.210749
	0.000000	0.000000	1.000000	0.000000	0.000000	0.026438	0.018404	0.871063	0.170832	-0.164850
	0.000000	0.000000	1.000000	0.000000	0.000000	0.120743	0.084095	0.777732	0.146868	-0.198364
	0.000000	0.000000	1.000000	0.000000	0.000000	0.030242	0.019707	0.969667	0.047561	-0.208136
	0.000000	0.000000	1.000000	0.000000	0.000000	0.043956	-0.009845	0.950196	0.010713	-0.180497
	0.000000	0.000000	0.000000	1.000000	0.000000	0.159290	0.128127	0.202764	0.578499	0.003817
	0.000000	0.000000	0.000000	1.000000	0.000000	0.228537	0.028285	0.225575	0.466622	0.026357
	0.000000	0.000000	0.000000	1.000000	0.000000	0.420499	0.068558	0.124436	0.326810	0.001505
	0.000000	0.000000	0.000000	1.000000	0.000000	0.157720	0.237680	0.138241	0.427338	0.045603
	0.000000	0.000000	0.000000	1.000000	0.000000	0.354521	-0.022947	0.256490	0.441027	-0.045953
	0.000000	0.000000	0.000000	1.000000	0.000000	0.407525	-0.050896	0.185551	0.399614	0.009352
	0.000000	0.000000	0.000000	1.000000	0.000000	0.364583	0.012745	0.292610	0.578209	-0.118036
	0.000000	0.000000	0.000000	1.000000	0.000000	0.119803	0.326621	0.107831	0.392599	0.052972
	0.000000	0.000000	0.000000	1.000000	0.000000	0.279468	0.044987	0.225196	0.479965	-0.024286
	0.000000	0.000000	0.000000	1.000000	0.000000	0.141522	0.070476	0.105300	0.454057	0.212212
	0.000000	0.000000	0.000000	1.000000	0.000000	0.371358	0.055394	0.275766	0.637587	-0.140205
	0.000000	0.000000	0.000000	1.000000	0.000000	0.306254	0.061394	0.264771	0.604496	-0.103471
	0.000000	0.000000	0.000000	1.000000	0.000000	0.187546	0.103872	0.185108	0.591040	0.006534
	0.000000	0.000000	0.000000	1.000000	0.000000	0.449306	0.033305	0.229169	0.657203	-0.146176
	0.000000	0.000000	0.000000	1.000000	0.000000	0.249389	0.126471	0.196994	0.638404	-0.072063
	0.000000	0.000000	0.000000	1.000000	0.000000	0.313861	0.081942	0.248966	0.638922	-0.111465
	0.000000	0.000000	0.000000	0.000000	1.000000	0.076388	-0.010392	0.015630	-0.021274	0.908218
	0.000000	0.000000	0.000000	0.000000	1.000000	0.158483	-0.049345	0.007089	0.034041	0.810743
	0.000000	0.000000	0.000000	0.000000	1.000000	0.085569	0.014683	0.060285	0.001206	0.785579
	0.000000	0.000000	0.000000	0.000000	1.000000	0.273746	-0.122429	-0.004964	0.107269	0.718079
	0.000000	0.000000	0.000000	0.000000	1.000000	0.161311	-0.007545	-0.010548	0.114901	0.725958
	0.000000	0.000000	0.000000	0.000000	1.000000	0.008317	0.085713	-0.002266	0.000456	0.922960
	0.000000	0.000000	0.000000	0.000000	1.000000	0.020912	0.011194	-0.005078	-0.035881	1.008659
	0.000000	0.000000	0.000000	0.000000	1.000000	0.072610	-0.033703	-0.011575	0.034607	0.940463
	0.000000	0.000000	0.000000	0.000000	1.000000	0.023477	-0.020054	-0.040733	-0.001519	1.068262
	0.000000	0.000000	0.000000	0.000000	1.000000	0.010890	0.108613	-0.049092	0.037565	0.951956
	0.000000	0.000000	0.000000	0.000000	1.000000	0.003796	0.063598	-0.031364	0.066186	0.959766
	0.000000	0.000000	0.000000	0.000000	1.000000	0.020445	0.007299	-0.037741	-0.007458	1.039571
	0.000000	0.000000	0.000000	0.000000	1.000000	0.059730	0.085401	-0.051382	-0.044022	0.930446
	0.000000	0.000000	0.000000	0.000000	1.000000	0.026561	0.004167	-0.028028	-0.016241	1.024581
	0.000000	0.000000	0.000000	0.000000	1.000000	0.061241	0.003085	-0.030970	-0.003504	0.963382
	0.000000	0.000000	0.000000	0.000000	1.000000	0.082303	0.028128	-0.021188	0.039123	0.862467
	0.000000	0.000000	0.000000	0.000000	1.000000	0.031212	0.148601	-0.031261	0.004435	0.849212
	0.000000	0.000000	0.000000	0.000000	1.000000	0.151279	-0.028675	0.007750	0.103100	0.730008
	0.000000	0.000000	0.000000	0.000000	1.000000	0.111051	-0.003593	0.012175	0.094142	0.763536
	0.000000	0.000000	0.000000	0.000000	1.000000	0.052537	0.074761	0.007642	0.034326	0.806232
	0.000000	0.000000	0.000000	0.000000	1.000000	0.049231	0.015416	0.006942	-0.078371	0.968973
	0.000000	0.000000	0.000000	0.000000	1.000000	0.108692	-0.067866	0.010561	-0.057218	0.975621
	0.000000	0.000000	0.000000	0.000000	1.000000	0.051549	0.036111	-0.039485	-0.065163	0.990135
	0.000000	0.000000	0.000000	0.000000	1.000000	0.162801	-0.054080	-0.000774	-0.014131	0.872782
	0.000000	0.000000	0.000000	0.000000	1.000000	0.050317	-0.007531	-0.013733	-0.018206	0.980640
	0.000000	0.000000	0.000000	0.000000	1.000000	0.037960	-0.017466	-0.016018	-0.011802	1.011781
	0.000000	0.000000	0.000000	0.000000	1.000000	0.055665	-0.011098	-0.018485	-0.005191	0.984805
	0.000000	0.000000	0.000000	0.000000	1.000000	0.025070	0.154261	-0.038711	0.010050	0.857070
	0.000000	0.000000	0.000000	0.000000	1.000000	0.135371	-0.061196	0.018465	0.010521	0.871676
	0.000000	0.000000	0.000000	0.000000	1.000000	0.039826	-0.067687	-0.003324	0.036639	0.984571
	0.000000	0.000000	0.000000	0.000000	1.000000	0.071508	-0.016890	0.012887	-0.038874	0.936125
	0.000000	0.000000	0.000000	0.000000	1.000000	0.066032	-0.068245	-0.026309	-0.008691	1.037794
	0.000000	0.000000	0.000000	0.000000	1.000000	0.027937	0.011291	-0.048008	-0.008048	1.044840
	0.000000	0.000000	0.000000	0.000000	1.000000	0.060156	0.064385	-0.043153	-0.018904	0.925220
	0.000000	0.000000	0.000000	0.000000	1.000000	0.351057	-0.076015	0.034262	0.127089	0.491833
	0.000000	0.000000	0.000000	0.000000	1.000000	0.071959	0.059606	0.019431	-0.087390	0.862847
	0.000000	0.000000	0.000000	0.000000	1.000000	0.054232	-0.038422	-0.017605	-0.014684	1.010641
	0.000000	0.000000	0.000000	0.000000	1.000000	0.018131	-0.009837	-0.044326	0.006134	1.068724
	0.000000	0.000000	0.000000	0.000000	1.000000	0.046435	0.033894	-0.050307	-0.029157	1.004032
	0.000000	0.000000	0.000000	0.000000	1.000000	0.067269	-0.055479	-0.027177	-0.007936	1.020620
	0.000000	0.000000	0.000000	0.000000	1.000000	0.031900	0.194475	-0.026674	-0.005299	0.781028
	0.000000	0.000000	0.000000	0.000000	1.000000	0.031996	0.135738	-0.008987	0.039878	0.785607
	0.000000	0.000000	0.000000	0.000000	1.000000	0.034509	-0.020541	-0.029162	-0.002432	1.033274
	0.000000	0.000000	0.000000	0.000000	1.000000	0.040391	0.008219	-0.018747	-0.039590	1.003038
	0.000000	0.000000	0.000000	0.000000	1.000000	0.060085	0.038722	-0.026987	-0.052204	0.951868
	0.000000	0.000000	0.000000	0.000000	1.000000	0.061340	0.021201	0.022952	0.001718	0.856923
	0.000000	0.000000	0.000000	0.000000	1.000000	0.023271	0.085690	-0.008914	-0.040251	0.926876
	0.000000	0.000000	0.000000	0.000000	1.000000	0.091307	-0.018023	-0.007547	0.078275	0.854440
	0.000000	0.000000	0.000000	0.000000	1.000000	0.048402	0.199898	0.025619	0.003397	0.673927
	0.000000	0.000000	0.000000	0.000000	1.000000	-0.011869	0.115080	-0.025107	0.064463	0.933827
	0.000000	0.000000	0.000000	0.000000	1.000000	-0.000566	0.111576	-0.028008	0.068650	0.907666
	0.000000	0.000000	0.000000	0.000000	1.000000	0.480773	-0.093943	0.093051	0.155198	0.258104
	0.000000	0.000000	0.000000	0.000000	1.000000	0.087141	0.040372	0.095093	0.178652	0.539410
	0.000000	0.000000	0.000000	0.000000	1.000000	0.153439	-0.023640	0.063135	0.159793	0.556721
	0.000000	0.000000	0.000000	0.000000	1.000000	-0.007562	0.191752	0.069037	-0.031380	0.770951
	0.000000	0.000000	0.000000	0.000000	1.000000	0.147563	-0.040399	0.047660	0.215036	0.563823
	0.000000	0.000000	0.000000	0.000000	1.000000	0.059973	0.018723	0.055182	0.030863	0.835685
	0.000000	0.000000	0.000000	0.000000	1.000000	0.047611	0.005964	-0.020827	-0.075651	1.010206
	0.000000	0.000000	0.000000	0.000000	1.000000	0.124624	-0.067581	0.026913	0.099725	0.755981
	0.000000	0.000000	0.000000	0.000000	1.000000	0.075300	-0.017943	-0.011072	-0.055972	0.980227
	0.000000	0.000000	0.000000	0.000000	1.000000	0.167550	-0.036092	0.023293	0.070506	0.735041
	0.000000	0.000000	0.000000	0.000000	1.000000	0.029175	0.074995	-0.024605	-0.049565	0.948176
	0.000000	0.000000	0.000000	0.000000	1.000000	0.084980	-0.066709	0.005350	-0.052748	0.997233
	0.000000	0.000000	0.000000	0.000000	1.000000	0.105203	-0.080980	0.001847	-0.037712	0.986149
	0.000000	0.000000	0.000000	0.000000	1.000000	0.084762	0.102565	0.120629	0.263426	0.365275
	1.000000	0.000000	0.000000	0.000000	0.000000	0.564015	-0.158151	0.031589	0.186743	0.315669
	1.000000	0.000000	0.000000	0.000000	0.000000	0.448445	-0.143787	0.013448	0.275890	0.349771
	1.000000	0.000000	0.000000	0.000000	0.000000	0.535527	-0.139876	0.009580	0.237427	0.320309
	1.000000	0.000000	0.000000	0.000000	0.000000	0.604843	-0.174219	0.009109	0.194593	0.320513
	1.000000	0.000000	0.000000	0.000000	0.000000	0.589990	-0.154675	0.020545	0.320113	0.192808
	1.000000	0.000000	0.000000	0.000000	0.000000	0.611586	-0.165339	0.012573	0.235771	0.271956
	1.000000	0.000000	0.000000	0.000000	0.000000	0.639915	-0.172538	0.029728	0.249094	0.202860
	1.000000	0.000000	0.000000	0.000000	0.000000	0.622127	-0.129211	0.052767	0.369882	0.071674
	1.000000	0.000000	0.000000	0.000000	0.000000	0.621170	-0.143948	0.034944	0.314435	0.142979
	1.000000	0.000000	0.000000	0.000000	0.000000	0.361885	-0.103423	-0.007963	0.163022	0.559791
	1.000000	0.000000	0.000000	0.000000	0.000000	0.137930	0.294247	0.176960	0.247207	0.045927
	1.000000	0.000000	0.000000	0.000000	0.000000	0.493923	-0.164544	0.002625	0.156334	0.486194
	1.000000	0.000000	0.000000	0.000000	0.000000	0.294360	-0.102795	0.009089	0.186059	0.566858
	1.000000	0.000000	0.000000	0.000000	0.000000	0.334684	-0.073521	0.093129	0.103870	0.424993
	1.000000	0.000000	0.000000	0.000000	0.000000	0.537997	-0.150527	0.041255	0.326030	0.195687
	1.000000	0.000000	0.000000	0.000000	0.000000	0.584117	-0.149663	0.129956	0.343340	0.025091
	0.000000	1.000000	0.000000	0.000000	0.000000	-0.002949	0.984981	0.100491	-0.036102	-0.142876
	0.000000	1.000000	0.000000	0.000000	0.000000	-0.030582	0.956594	-0.091492	0.198061	0.114620
	0.000000	1.000000	0.000000	0.000000	0.000000	-0.010547	0.648138	0.442748	-0.046909	-0.147697
	0.000000	1.000000	0.000000	0.000000	0.000000	-0.109696	0.959458	0.121722	0.079064	-0.059447
	0.000000	1.000000	0.000000	0.000000	0.000000	-0.042439	0.995098	-0.072584	0.174829	0.068971
	0.000000	1.000000	0.000000	0.000000	0.000000	0.000738	0.616414	0.144962	-0.049276	0.144099
	0.000000	1.000000	0.000000	0.000000	0.000000	-0.047595	0.668185	-0.015883	0.170307	0.324952
	0.000000	1.000000	0.000000	0.000000	0.000000	-0.064591	0.578333	-0.028405	0.179514	0.588085
	0.000000	1.000000	0.000000	0.000000	0.000000	-0.029289	1.032142	-0.014759	0.028380	-0.028744
	0.000000	1.000000	0.000000	0.000000	0.000000	-0.046531	1.073221	-0.034523	0.063187	-0.028410
	0.000000	1.000000	0.000000	0.000000	0.000000	-0.047145	0.998095	0.110125	-0.104757	-0.074419
	0.000000	1.000000	0.000000	0.000000	0.000000	-0.021056	0.951324	-0.067248	0.074835	0.120026
	0.000000	1.000000	0.000000	0.000000	0.000000	-0.031439	1.034054	-0.040946	0.058873	-0.005074
	0.000000	1.000000	0.000000	0.000000	0.000000	-0.020584	0.995640	-0.040828	0.062234	0.014777
	0.000000	1.000000	0.000000	0.000000	0.000000	-0.128012	0.967973	0.048572	0.306804	-0.014826
	0.000000	1.000000	0.000000	0.000000	0.000000	-0.171222	0.445337	0.529147	0.073230	0.216156
	0.000000	1.000000	0.000000	0.000000	0.000000	-0.026532	1.046675	-0.008463	0.004281	-0.053489
	0.000000	1.000000	0.000000	0.000000	0.000000	-0.105742	1.034184	0.045771	0.058394	0.060690
	0.000000	1.000000	0.000000	0.000000	0.000000	-0.071360	1.088458	0.051767	-0.017221	-0.093503
	0.000000	1.000000	0.000000	0.000000	0.000000	0.006048	0.763598	0.079994	0.032102	0.031506
	0.000000	1.000000	0.000000	0.000000	0.000000	-0.049917	1.065043	-0.029350	0.080419	-0.037294
	0.000000	1.000000	0.000000	0.000000	0.000000	-0.018402	0.959319	-0.033278	0.019447	0.052658
	0.000000	1.000000	0.000000	0.000000	0.000000	-0.107370	1.030020	0.051653	0.051419	0.067760
	0.000000	1.000000	0.000000	0.000000	0.000000	-0.057145	0.977766	0.042157	-0.010456	0.047946
	0.000000	1.000000	0.000000	0.000000	0.000000	-0.026379	1.078022	0.004160	0.010222	-0.107612
	0.000000	1.000000	0.000000	0.000000	0.000000	-0.029538	0.927485	-0.049550	0.073894	0.137042
	0.000000	1.000000	0.000000	0.000000	0.000000	-0.085135	0.958822	0.010698	0.061031	0.162233
	0.000000	1.000000	0.000000	0.000000	0.000000	0.003316	0.955914	-0.006389	0.023106	-0.023535
	0.000000	1.000000	0.000000	0.000000	0.000000	-0.045086	1.071793	-0.024501	0.026838	-0.019035
	0.000000	1.000000	0.000000	0.000000	0.000000	-0.049879	0.871923	0.028235	0.048829	0.109190
	0.000000	1.000000	0.000000	0.000000	0.000000	-0.059193	0.884979	0.006216	0.195714	0.039450
	0.000000	1.000000	0.000000	0.000000	0.000000	-0.056516	0.873517	0.043567	0.134600	0.011767
	0.000000	1.000000	0.000000	0.000000	0.000000	-0.068545	1.034517	0.032432	0.017283	-0.032713
	0.000000	1.000000	0.000000	0.000000	0.000000	-0.060380	1.116038	-0.005859	0.049700	-0.090678
	0.000000	1.000000	0.000000	0.000000	0.000000	-0.168042	0.598587	0.498750	0.008798	0.072784
	0.000000	0.000000	1.000000	0.000000	0.000000	0.017865	0.016927	0.928649	0.018377	-0.161441
	0.000000	0.000000	1.000000	0.000000	0.000000	0.110758	0.014658	0.803284	0.230890	-0.192382
	0.000000	0.000000	1.000000	0.000000	0.000000	0.015883	0.042121	0.992244	0.015388	-0.211951
	0.000000	0.000000	1.000000	0.000000	0.000000	0.029806	0.067215	0.835221	0.085003	-0.155531
	0.000000	0.000000	1.000000	0.000000	0.000000	-0.027212	0.103155	0.926956	0.058883	-0.180543
	0.000000	0.000000	1.000000	0.000000	0.000000	0.085447	0.073129	0.837141	0.144501	-0.202231
	0.000000	0.000000	1.000000	0.000000	0.000000	0.179898	0.053637	0.616524	0.328900	-0.165760
	0.000000	0.000000	1.000000	0.000000	0.000000	0.015110	0.092701	0.938664	0.108777	-0.217026
	0.000000	0.000000	1.000000	0.000000	0.000000	0.036138	-0.010924	0.937755	0.092521	-0.190024
	0.000000	0.000000	1.000000	0.000000	0.000000	0.127207	0.027572	0.750328	0.239018	-0.177664
	0.000000	0.000000	1.000000	0.000000	0.000000	0.159243	0.046855	0.800976	0.048642	-0.194130
	0.000000	0.000000	1.000000	0.000000	0.000000	0.155343	-0.020350	0.743452	0.223023	-0.173542
	0.000000	0.000000	1.000000	0.000000	0.000000	0.043263	0.023751	0.953014	0.062788	-0.210979
	0.000000	0.000000	1.000000	0.000000	0.000000	-0.143796	0.419399	0.383754	0.318827	0.105749
	0.000000	0.000000	1.000000	0.000000	0.000000	0.028279	0.012037	0.960688	0.036269	-0.195021
	0.000000	0.000000	1.000000	0.000000	0.000000	0.000932	0.041200	0.985134	0.021505	-0.197962
	0.000000	0.000000	0.000000	1.000000	0.000000	0.352301	0.080107	0.303573	0.591936	-0.150451
	0.000000	0.000000	0.000000	1.000000	0.000000	0.329391	-0.026143	0.171370	0.356306	0.081397
	0.000000	0.000000	0.000000	1.000000	0.000000	-0.039872	0.333379	0.127047	0.453937	0.210483
	0.000000	0.000000	0.000000	1.000000	0.000000	0.196384	0.222578	0.171611	0.607544	-0.073010
	0.000000	0.000000	0.000000	1.000000	0.000000	0.392901	-0.068986	0.248777	0.468379	-0.042151
	0.000000	0.000000	0.000000	1.000000	0.000000	0.270795	0.074440	0.159727	0.506064	0.013229
	0.000000	0.000000	0.000000	1.000000	0.000000	0.334726	-0.024326	0.168096	0.469842	0.039327
	0.000000	0.000000	0.000000	1.000000	0.000000	0.313307	0.066125	0.261017	0.605423	-0.105328
	0.000000	0.000000	0.000000	1.000000	0.000000	0.229083	0.076033	0.281082	0.584636	-0.066393
	0.000000	0.000000	0.000000	1.000000	0.000000	0.072791	0.172484	0.169939	0.546615	0.085725
	0.000000	0.000000	0.000000	1.000000	0.000000	0.291485	0.039715	0.367126	0.592409	-0.132072
	0.000000	0.000000	0.000000	1.000000	0.000000	0.342056	0.046902	0.273313	0.612513	-0.117969
	0.000000	0.000000	0.000000	1.000000	0.000000	0.224441	0.109710	0.276013	0.626067	-0.085150
	0.000000	0.000000	0.000000	1.000000	0.000000	0.294048	0.033195	0.439250	0.579832	-0.165913
	0.000000	0.000000	0.000000	1.000000	0.000000	0.303380	0.074854	0.402241	0.507782	-0.159556
	0.000000	0.000000	0.000000	0.000000	1.000000	0.138308	-0.034486	0.015038	-0.021401	0.858671
	0.000000	0.000000	0.000000	0.000000	1.000000	0.076579	-0.001405	0.028278	-0.001343	0.873201
	0.000000	0.000000	0.000000	0.000000	1.000000	0.022313	0.012278	-0.026084	-0.005837	1.017656
	0.000000	0.000000	0.000000	0.000000	1.000000	0.089817	0.003942	-0.011939	-0.047469	0.919712
	0.000000	0.000000	0.000000	0.000000	1.000000	0.053272	0.066658	0.007117	0.032751	0.818716
	0.000000	0.000000	0.000000	0.000000	1.000000	0.103684	-0.077805	-0.014065	-0.025775	1.001824
	0.000000	0.000000	0.000000	0.000000	1.000000	0.064624	0.025537	0.003077	0.130393	0.781879
	0.000000	0.000000	0.000000	0.000000	1.000000	0.069974	0.011970	-0.020558	-0.042497	0.952266
	0.000000	0.000000	0.000000	0.000000	1.000000	0.238274	-0.073827	0.068457	0.008282	0.680595
	0.000000	0.000000	0.000000	0.000000	1.000000	0.592989	-0.176126	0.027780	0.186957	0.313008
	0.000000	0.000000	0.000000	0.000000	1.000000	0.046413	0.060472	-0.043527	-0.003630	0.942816
	0.000000	0.000000	0.000000	0.000000	1.000000	0.060161	-0.040321	0.029348	-0.065816	0.976183
	0.000000	0.000000	0.000000	0.000000	1.000000	0.025416	0.037596	-0.032737	-0.028213	1.001510
	0.000000	0.000000	0.000000	0.000000	1.000000	0.052078	-0.057667	-0.033311	-0.007858	1.056949
	0.000000	0.000000	0.000000	0.000000	1.000000	0.021230	0.063952	-0.038655	0.010079	0.973424
	0.000000	0.000000	0.000000	0.000000	1.000000	0.185840	-0.099698	-0.020827	0.084700	0.849410
	0.000000	0.000000	0.000000	0.000000	1.000000	0.090187	-0.025119	0.011708	-0.007652	0.899053
	0.000000	0.000000	0.000000	0.000000	1.000000	-0.004599	0.131903	0.005413	0.067429	0.844430
	0.000000	0.000000	0.000000	0.000000	1.000000	0.036461	0.019634	-0.007506	-0.057343	0.986091
	0.000000	0.000000	0.000000	0.000000	1.000000	0.081236	0.031997	0.012519	0.078604	0.756295
	0.000000	0.000000	0.000000	0.000000	1.000000	0.083422	-0.012121	-0.037310	-0.007957	0.958725
	0.000000	0.000000	0.000000	0.000000	1.000000	0.041111	-0.002932	-0.036293	-0.055086	1.035716
	0.000000	0.000000	0.000000	0.000000	1.000000	0.106278	-0.057124	0.012624	-0.054879	0.968294
	0.000000	0.000000	0.000000	0.000000	1.000000	0.126022	-0.042377	0.002412	0.002604	0.881982
	0.000000	0.000000	0.000000	0.000000	1.000000	0.055198	0.017179	-0.024380	-0.062503	0.984685
	0.000000	0.000000	0.000000	0.000000	1.000000	0.029276	-0.032765	-0.013237	-0.010339	1.028928
	0.000000	0.000000	0.000000	0.000000	1.000000	0.047788	-0.049385	-0.016218	-0.027280	1.046753
	0.000000	0.000000	0.000000	0.000000	1.000000	0.228111	-0.052670	0.026121	0.119480	0.612190
	0.000000	0.000000	0.000000	0.000000	1.000000	0.137114	-0.103718	0.000898	-0.053324	0.992056
	0.000000	0.000000	0.000000	0.000000	1.000000	0.061448	-0.020468	-0.025403	-0.043883	1.008436
	0.000000	0.000000	0.000000	0.000000	1.000000	0.063334	-0.044188	-0.032018	0.022630	1.009062
	0.000000	0.000000	0.000000	0.000000	1.000000	0.038625	0.024482	-0.033647	-0.015414	0.982471
	0.000000	0.000000	0.000000	0.000000	1.000000	0.071039	-0.024201	-0.032595	-0.069960	1.032108
	0.000000	0.000000	0.000000	0.000000	1.000000	0.022240	0.016858	-0.049910	-0.008102	1.051001
	0.000000	0.000000	0.000000	0.000000	1.000000	0.145400	-0.068853	0.009665	-0.000226	0.881284
	0.000000	0.000000	0.000000	0.000000	1.000000	-0.002803	0.173674	-0.021158	0.041577	0.856712
	0.000000	0.000000	0.000000	0.000000	1.000000	0.056282	0.040829	-0.010756	-0.060940	0.940618
	0.000000	0.000000	0.000000	0.000000	1.000000	0.002465	0.175619	-0.012383	0.011896	0.849172
	0.000000	0.000000	0.000000	0.000000	1.000000	0.007598	0.105028	-0.014528	-0.019781	0.940014
	0.000000	0.000000	0.000000	0.000000	1.000000	0.017121	0.060932	0.009188	-0.000297	0.911177
	0.000000	0.000000	0.000000	0.000000	1.000000	0.047938	0.143275	-0.080946	-0.009994	0.929314
	0.000000	0.000000	0.000000	0.000000	1.000000	0.031186	0.107881	-0.022216	0.012985	0.874848
	0.000000	0.000000	0.000000	0.000000	1.000000	0.070360	-0.059219	-0.031599	0.020070	1.012069
	0.000000	0.000000	0.000000	0.000000	1.000000	0.109343	-0.014140	0.004231	-0.005767	0.865891
	0.000000	0.000000	0.000000	0.000000	1.000000	0.057311	-0.006697	-0.008789	-0.049125	0.984558
	0.000000	0.000000	0.000000	0.000000	1.000000	0.040482	0.006953	-0.013013	-0.077647	1.009130
	0.000000	0.000000	0.000000	0.000000	1.000000	0.053780	-0.041374	-0.017637	-0.024481	1.024637
	0.000000	0.000000	0.000000	0.000000	1.000000	0.021897	0.047581	-0.010249	0.020348	0.936663
	0.000000	0.000000	0.000000	0.000000	1.000000	0.057379	0.106164	-0.047133	-0.041093	0.912285
	0.000000	0.000000	0.000000	0.000000	1.000000	0.053325	-0.029802	-0.012673	0.004776	0.986628
	0.000000	0.000000	0.000000	0.000000	1.000000	0.100430	-0.063472	-0.005368	-0.051416	0.994080
	0.000000	0.000000	0.000000	0.000000	1.000000	0.018537	0.031485	-0.033685	-0.023282	1.029032
	0.000000	0.000000	0.000000	0.000000	1.000000	-0.012740	0.087909	-0.029433	0.071648	0.965251
	0.000000	0.000000	0.000000	0.000000	1.000000	0.019955	0.029808	-0.042570	-0.006184	1.025017
	0.000000	0.000000	0.000000	0.000000	1.000000	0.045095	0.013425	0.061171	0.134000	0.712290
	0.000000	0.000000	0.000000	0.000000	1.000000	0.036523	0.018111	-0.010859	0.035090	0.937850
	0.000000	0.000000	0.000000	0.000000	1.000000	0.078377	0.027635	-0.005532	-0.058995	0.912609
	0.000000	0.000000	0.000000	0.000000	1.000000	0.056992	-0.043449	-0.011226	0.006014	0.988870
	0.000000	0.000000	0.000000	0.000000	1.000000	0.134933	-0.094688	0.021295	-0.080083	0.978505
	0.000000	0.000000	0.000000	0.000000	1.000000	0.086245	-0.068493	-0.001051	-0.069093	1.019884
	0.000000	0.000000	0.000000	0.000000	1.000000	0.114156	-0.054059	0.006353	-0.058928	0.948064
