	1.000000	0.000000	0.000000	0.000000	0.000000	1.021305	-0.008662	0.014104	-0.078410	0.039362
	1.000000	0.000000	0.000000	0.000000	0.000000	0.986876	-0.038117	-0.038144	0.028876	0.030528
	1.000000	0.000000	0.000000	0.000000	0.000000	1.086910	-0.041636	-0.015088	-0.038496	-0.090061
	1.000000	0.000000	0.000000	0.000000	0.000000	1.086625	-0.023576	-0.045181	0.011608	-0.086333
	1.000000	0.000000	0.000000	0.000000	0.000000	0.935575	-0.032932	-0.042862	0.076395	0.043404
	1.000000	0.000000	0.000000	0.000000	0.000000	0.979133	-0.007414	-0.015375	-0.025875	0.058685
	1.000000	0.000000	0.000000	0.000000	0.000000	0.899222	-0.022533	-0.036700	0.095263	0.050783
	1.000000	0.000000	0.000000	0.000000	0.000000	1.041952	-0.012769	-0.038910	0.055296	-0.092270
	1.000000	0.000000	0.000000	0.000000	0.000000	0.975915	-0.012833	-0.004216	-0.074130	0.127777
	1.000000	0.000000	0.000000	0.000000	0.000000	1.020767	-0.015900	-0.036362	0.132603	-0.138695
	1.000000	0.000000	0.000000	0.000000	0.000000	0.964816	-0.001422	-0.009234	-0.057697	0.097061
	1.000000	0.000000	0.000000	0.000000	0.000000	1.021742	-0.025168	-0.004236	-0.057557	-0.006974
	1.000000	0.000000	0.000000	0.000000	0.000000	0.960116	-0.026718	-0.055170	0.135079	-0.049975
	1.000000	0.000000	0.000000	0.000000	0.000000	0.565850	0.183079	0.058314	-0.044979	0.270036
	0.000000	1.000000	0.000000	0.000000	0.000000	0.021506	1.029639	0.009768	-0.044638	-0.024227
	0.000000	1.000000	0.000000	0.000000	0.000000	-0.007273	1.028841	-0.017005	0.027558	-0.035398
	0.000000	1.000000	0.000000	0.000000	0.000000	-0.011198	1.047827	0.014206	-0.039181	-0.013399
	0.000000	1.000000	0.000000	0.000000	0.000000	-0.019277	1.028565	-0.027945	0.047701	-0.025194
	0.000000	1.000000	0.000000	0.000000	0.000000	0.026846	1.046603	0.005856	-0.051101	-0.022331
	0.000000	1.000000	0.000000	0.000000	0.000000	0.003050	0.993310	-0.028531	0.038055	-0.024594
	0.000000	1.000000	0.000000	0.000000	0.000000	0.016657	0.934031	-0.035458	0.006226	0.053722
	0.000000	1.000000	0.000000	0.000000	0.000000	-0.006798	0.943527	-0.039452	0.098745	-0.012509
	0.000000	1.000000	0.000000	0.000000	0.000000	-0.018661	1.049389	-0.004424	0.037887	-0.061052
	0.000000	1.000000	0.000000	0.000000	0.000000	0.007879	1.026214	-0.019192	0.036079	-0.069229
	0.000000	1.000000	0.000000	0.000000	0.000000	0.031229	1.015452	-0.000262	-0.036990	-0.011847
	0.000000	1.000000	0.000000	0.000000	0.000000	0.008215	1.054856	-0.017686	0.014276	-0.067960
	0.000000	1.000000	0.000000	0.000000	0.000000	-0.005724	1.030471	0.017744	-0.034267	-0.008323
	0.000000	1.000000	0.000000	0.000000	0.000000	-0.004887	1.031820	-0.010885	0.004064	-0.017778
	0.000000	1.000000	0.000000	0.000000	0.000000	0.021177	1.001921	-0.022220	-0.022147	0.009646
	0.000000	1.000000	0.000000	0.000000	0.000000	0.000270	1.050911	0.005395	-0.016757	-0.037942
	0.000000	1.000000	0.000000	0.000000	0.000000	0.077497	0.848658	-0.033693	-0.062905	0.129421
	0.000000	1.000000	0.000000	0.000000	0.000000	0.042969	0.952288	-0.039385	-0.027632	0.040518
	0.000000	1.000000	0.000000	0.000000	0.000000	-0.007527	0.993114	0.046364	0.007510	-0.052091
	0.000000	1.000000	0.000000	0.000000	0.000000	0.033225	0.996894	-0.035282	-0.022311	0.004513
	0.000000	1.000000	0.000000	0.000000	0.000000	0.007994	1.062751	0.046597	-0.059511	-0.049442
	0.000000	1.000000	0.000000	0.000000	0.000000	-0.022989	0.835420	-0.054258	0.091888	0.139175
	0.000000	1.000000	0.000000	0.000000	0.000000	-0.008083	0.856622	-0.035286	0.035143	0.141570
	0.000000	1.000000	0.000000	0.000000	0.000000	0.065798	0.925727	0.106378	-0.127047	0.049369
	0.000000	1.000000	0.000000	0.000000	0.000000	0.017975	1.066510	-0.002315	-0.038510	-0.041540
	0.000000	1.000000	0.000000	0.000000	0.000000	0.080291	1.061887	0.002046	-0.108256	-0.029986
	0.000000	1.000000	0.000000	0.000000	0.000000	0.051030	1.037715	0.053210	-0.089330	-0.036504
	0.000000	1.000000	0.000000	0.000000	0.000000	-0.057472	0.978798	-0.001732	0.090575	-0.026371
	0.000000	1.000000	0.000000	0.000000	0.000000	0.070060	0.902935	0.009329	-0.007282	0.002055
	0.000000	1.000000	0.000000	0.000000	0.000000	0.033890	0.923753	0.002038	0.004080	-0.002161
	0.000000	1.000000	0.000000	0.000000	0.000000	0.052609	0.990274	0.041164	-0.005200	-0.083717
	0.000000	1.000000	0.000000	0.000000	0.000000	0.063898	0.990804	-0.030386	-0.073866	0.029691
	0.000000	1.000000	0.000000	0.000000	0.000000	-0.016351	1.083457	0.001076	0.003638	-0.059943
	0.000000	1.000000	0.000000	0.000000	0.000000	-0.017865	1.014349	0.029127	0.003269	-0.049363
	0.000000	1.000000	0.000000	0.000000	0.000000	0.135194	0.565552	0.054392	0.198836	-0.068153
	0.000000	1.000000	0.000000	0.000000	0.000000	0.029606	0.997310	-0.026131	-0.033683	0.017890
	0.000000	1.000000	0.000000	0.000000	0.000000	0.002508	1.008484	-0.026146	0.042840	-0.032128
	0.000000	1.000000	0.000000	0.000000	0.000000	0.004076	1.048989	0.011382	-0.021899	-0.046291
	0.000000	1.000000	0.000000	0.000000	0.000000	-0.008122	1.077261	-0.006062	0.003957	-0.060136
	0.000000	0.000000	1.000000	0.000000	0.000000	0.036913	0.046885	1.023494	-0.071868	-0.040192
	0.000000	0.000000	1.000000	0.000000	0.000000	-0.018364	0.119839	0.986966	-0.064703	-0.078329
	0.000000	0.000000	1.000000	0.000000	0.000000	0.000384	0.012248	1.038285	-0.054257	-0.008302
	0.000000	0.000000	1.000000	0.000000	0.000000	0.002634	0.029924	0.888019	0.088429	-0.028733
	0.000000	0.000000	1.000000	0.000000	0.000000	0.022006	0.015393	1.056966	-0.084284	-0.009609
	0.000000	0.000000	1.000000	0.000000	0.000000	-0.053405	0.002903	0.900028	0.136169	0.002008
	0.000000	0.000000	1.000000	0.000000	0.000000	0.020819	-0.010074	1.019390	-0.035578	0.006939
	0.000000	0.000000	1.000000	0.000000	0.000000	0.055783	0.015051	0.962983	-0.002234	-0.024759
	0.000000	0.000000	1.000000	0.000000	0.000000	0.083509	0.047628	1.037068	-0.116075	-0.028714
	0.000000	0.000000	1.000000	0.000000	0.000000	-0.031095	-0.028361	0.959480	0.080947	0.022681
	0.000000	0.000000	1.000000	0.000000	0.000000	0.047740	0.049023	0.897784	0.031491	-0.043508
	0.000000	0.000000	1.000000	0.000000	0.000000	-0.021927	-0.027477	1.032212	-0.014790	0.029102
	0.000000	0.000000	1.000000	0.000000	0.000000	0.002537	-0.013750	1.006663	-0.044586	0.053418
	0.000000	0.000000	0.000000	1.000000	0.000000	-0.075011	0.070291	-0.030503	1.028073	-0.050409
	0.000000	0.000000	0.000000	1.000000	0.000000	0.216342	0.093622	0.009190	0.763018	-0.085858
	0.000000	0.000000	0.000000	1.000000	0.000000	0.231606	0.121227	-0.048233	0.644957	0.037842
	0.000000	0.000000	0.000000	1.000000	0.000000	-0.123509	0.181068	-0.079974	0.933046	0.104630
	0.000000	0.000000	0.000000	1.000000	0.000000	0.170477	-0.010363	0.038853	0.837527	-0.062407
	0.000000	0.000000	0.000000	1.000000	0.000000	0.092829	0.044272	-0.031380	0.742468	0.063684
	0.000000	0.000000	0.000000	1.000000	0.000000	0.065720	-0.021083	0.120038	0.946073	-0.089838
	0.000000	0.000000	0.000000	1.000000	0.000000	-0.058117	0.281522	-0.090124	0.847899	0.010748
	0.000000	0.000000	0.000000	1.000000	0.000000	-0.041572	0.009240	-0.041427	0.973143	0.042743
	0.000000	0.000000	0.000000	1.000000	0.000000	-0.082662	0.009824	-0.074501	0.908444	0.198976
	0.000000	0.000000	0.000000	1.000000	0.000000	0.195129	-0.021954	0.169157	0.884903	-0.134831
	0.000000	0.000000	0.000000	1.000000	0.000000	0.027605	-0.017148	0.094884	0.991879	-0.092599
	0.000000	0.000000	0.000000	1.000000	0.000000	0.020902	0.059508	-0.015513	0.968291	-0.075116
	0.000000	0.000000	0.000000	1.000000	0.000000	0.192407	-0.043883	0.153143	0.968819	-0.142740
	0.000000	0.000000	0.000000	1.000000	0.000000	-0.063430	-0.012160	-0.007689	1.080045	-0.049606
	0.000000	0.000000	0.000000	1.000000	0.000000	0.054531	-0.008456	0.076320	1.011075	-0.112073
	0.000000	0.000000	0.000000	0.000000	1.000000	0.020769	-0.005222	0.009965	-0.001658	0.989354
	0.000000	0.000000	0.000000	0.000000	1.000000	0.084889	-0.030976	0.002823	0.031994	0.929983
	0.000000	0.000000	0.000000	0.000000	1.000000	0.084883	0.055734	0.036005	-0.036610	0.884655
	0.000000	0.000000	0.000000	0.000000	1.000000	0.047152	-0.068079	-0.024522	0.106777	0.921251
	0.000000	0.000000	0.000000	0.000000	1.000000	0.134981	0.013749	0.007385	-0.048991	0.901859
	0.000000	0.000000	0.000000	0.000000	1.000000	0.065516	0.105958	-0.003860	-0.093519	0.916196
	0.000000	0.000000	0.000000	0.000000	1.000000	0.014804	0.040670	-0.011640	-0.048655	0.987906
	0.000000	0.000000	0.000000	0.000000	1.000000	0.069610	-0.028687	0.008041	-0.018785	0.980657
	0.000000	0.000000	0.000000	0.000000	1.000000	-0.026512	-0.048610	-0.004896	0.006961	1.069519
	0.000000	0.000000	0.000000	0.000000	1.000000	0.025678	0.073910	-0.025425	-0.038843	0.932852
	0.000000	0.000000	0.000000	0.000000	1.000000	-0.013085	-0.004474	-0.014018	0.031429	0.987038
	0.000000	0.000000	0.000000	0.000000	1.000000	-0.004358	-0.025300	-0.001593	-0.014469	1.040742
	0.000000	0.000000	0.000000	0.000000	1.000000	0.019784	0.049082	-0.015937	-0.053327	0.979889
	0.000000	0.000000	0.000000	0.000000	1.000000	-0.003975	-0.020072	0.000040	-0.021104	1.040780
	0.000000	0.000000	0.000000	0.000000	1.000000	0.011576	-0.017113	-0.001459	-0.021764	1.024762
	0.000000	0.000000	0.000000	0.000000	1.000000	0.007381	-0.003862	-0.009551	0.016229	0.980087
	0.000000	0.000000	0.000000	0.000000	1.000000	0.010274	0.101100	-0.023362	-0.015063	0.903036
	0.000000	0.000000	0.000000	0.000000	1.000000	0.116866	-0.028849	-0.005328	0.059807	0.857381
	0.000000	0.000000	0.000000	0.000000	1.000000	0.034491	-0.024026	-0.006380	0.082479	0.914192
	0.000000	0.000000	0.000000	0.000000	1.000000	0.042196	0.057538	-0.000299	-0.005829	0.896352
	0.000000	0.000000	0.000000	0.000000	1.000000	-0.003781	0.007227	0.002484	-0.034811	1.025120
	0.000000	0.000000	0.000000	0.000000	1.000000	0.004348	-0.044245	0.010204	-0.021065	1.058535
	0.000000	0.000000	0.000000	0.000000	1.000000	-0.009629	-0.002120	-0.006211	-0.025678	1.033092
	0.000000	0.000000	0.000000	0.000000	1.000000	0.087036	-0.023701	0.016096	-0.031414	0.983469
	0.000000	0.000000	0.000000	0.000000	1.000000	0.011462	-0.009786	0.007687	-0.035761	1.026384
	0.000000	0.000000	0.000000	0.000000	1.000000	-0.016353	-0.029284	0.002993	-0.009627	1.049487
	0.000000	0.000000	0.000000	0.000000	1.000000	0.057748	0.013282	0.011567	-0.068296	0.996097
	0.000000	0.000000	0.000000	0.000000	1.000000	0.030796	0.099892	-0.015519	-0.042930	0.904839
	0.000000	0.000000	0.000000	0.000000	1.000000	0.022322	-0.026801	0.008882	-0.001307	1.004727
	0.000000	0.000000	0.000000	0.000000	1.000000	-0.019276	-0.052159	0.003975	0.005949	1.050750
	0.000000	0.000000	0.000000	0.000000	1.000000	0.020349	-0.006925	0.013042	-0.028280	1.010767
	0.000000	0.000000	0.000000	0.000000	1.000000	-0.010745	-0.065970	0.000097	0.007913	1.073099
	0.000000	0.000000	0.000000	0.000000	1.000000	-0.014375	-0.015911	-0.016175	-0.001977	1.035019
	0.000000	0.000000	0.000000	0.000000	1.000000	0.015380	0.032131	-0.013812	-0.029748	0.981305
	0.000000	0.000000	0.000000	0.000000	1.000000	0.299854	-0.013883	0.000425	0.045322	0.675573
	0.000000	0.000000	0.000000	0.000000	1.000000	0.044711	0.052204	0.022373	-0.073254	0.969383
	0.000000	0.000000	0.000000	0.000000	1.000000	0.009710	-0.041638	0.008625	-0.015014	1.044389
	0.000000	0.000000	0.000000	0.000000	1.000000	-0.025384	-0.037646	-0.011459	0.004351	1.060125
	0.000000	0.000000	0.000000	0.000000	1.000000	0.027968	0.043485	-0.025535	-0.054989	0.981763
	0.000000	0.000000	0.000000	0.000000	1.000000	0.022581	-0.052191	0.004651	-0.010242	1.045732
	0.000000	0.000000	0.000000	0.000000	1.000000	0.050450	0.140841	-0.008840	-0.062167	0.861146
	0.000000	0.000000	0.000000	0.000000	1.000000	0.034962	0.060597	-0.002394	-0.007512	0.897432
	0.000000	0.000000	0.000000	0.000000	1.000000	-0.028052	-0.044484	-0.003124	0.016803	1.058870
	0.000000	0.000000	0.000000	0.000000	1.000000	0.009735	0.010348	-0.006729	-0.031660	1.009348
	0.000000	0.000000	0.000000	0.000000	1.000000	-0.014285	0.002260	-0.009752	-0.008791	1.021135
	0.000000	0.000000	0.000000	0.000000	1.000000	0.031770	0.013767	0.012920	-0.002317	0.953290
	0.000000	0.000000	0.000000	0.000000	1.000000	0.023325	0.068988	0.005355	-0.060231	0.960001
	0.000000	0.000000	0.000000	0.000000	1.000000	0.058707	-0.005517	0.002613	-0.029117	0.967916
	0.000000	0.000000	0.000000	0.000000	1.000000	-0.016286	0.129273	0.001867	0.033797	0.856870
	0.000000	0.000000	0.000000	0.000000	1.000000	0.034905	0.059058	-0.009862	-0.038925	0.930742
	0.000000	0.000000	0.000000	0.000000	1.000000	0.021952	0.043284	-0.015105	-0.010744	0.933919
	0.000000	0.000000	0.000000	0.000000	1.000000	0.366544	-0.000236	-0.003684	0.161518	0.468895
	0.000000	0.000000	0.000000	0.000000	1.000000	-0.021975	0.062299	0.047801	0.025955	0.889475
	0.000000	0.000000	0.000000	0.000000	1.000000	0.177508	0.024395	0.055905	-0.100375	0.862565
	0.000000	0.000000	0.000000	0.000000	1.000000	-0.001365	0.173551	0.022979	-0.047240	0.867062
	0.000000	0.000000	0.000000	0.000000	1.000000	0.041615	0.007278	0.045679	0.004633	0.880408
	0.000000	0.000000	0.000000	0.000000	1.000000	-0.029120	0.027835	0.005969	0.077862	0.935503
	0.000000	0.000000	0.000000	0.000000	1.000000	-0.008191	-0.004178	-0.006915	-0.027569	1.035721
	0.000000	0.000000	0.000000	0.000000	1.000000	0.061975	-0.028347	0.041718	-0.069474	0.998085
	0.000000	0.000000	0.000000	0.000000	1.000000	0.062352	0.015796	0.014662	-0.090739	1.010193
	0.000000	0.000000	0.000000	0.000000	1.000000	0.220069	0.034563	0.032660	-0.079881	0.839066
	0.000000	0.000000	0.000000	0.000000	1.000000	0.000594	0.020159	-0.005847	-0.016167	0.994142
	0.000000	0.000000	0.000000	0.000000	1.000000	0.092998	-0.015307	0.032826	-0.103376	1.031432
	0.000000	0.000000	0.000000	0.000000	1.000000	0.104275	-0.027162	0.030307	-0.094858	1.029262
	0.000000	0.000000	0.000000	0.000000	1.000000	0.046213	0.096021	0.040097	0.083626	0.665614
	1.000000	0.000000	0.000000	0.000000	0.000000	0.648293	-0.050195	-0.062287	0.237456	0.176701
	1.000000	0.000000	0.000000	0.000000	0.000000	0.596787	-0.032427	-0.025035	0.037493	0.328163
	1.000000	0.000000	0.000000	0.000000	0.000000	0.768883	-0.032671	-0.047727	0.158004	0.125826
	1.000000	0.000000	0.000000	0.000000	0.000000	0.980368	-0.002578	0.018854	-0.115108	0.192527
	1.000000	0.000000	0.000000	0.000000	0.000000	0.851385	-0.050241	-0.058145	0.167365	0.030324
	1.000000	0.000000	0.000000	0.000000	0.000000	0.923796	-0.029510	-0.029546	0.027031	0.098445
	1.000000	0.000000	0.000000	0.000000	0.000000	0.910762	-0.043030	-0.038744	0.067427	0.073893
	1.000000	0.000000	0.000000	0.000000	0.000000	0.878305	0.011612	-0.035984	0.219118	-0.058964
	1.000000	0.000000	0.000000	0.000000	0.000000	0.931777	-0.019591	-0.053857	0.155490	-0.037048
	1.000000	0.000000	0.000000	0.000000	0.000000	0.391953	-0.035434	-0.014749	0.052792	0.622345
	1.000000	0.000000	0.000000	0.000000	0.000000	0.355795	0.456808	-0.000879	0.283241	-0.085225
	1.000000	0.000000	0.000000	0.000000	0.000000	0.720559	-0.036564	-0.008820	-0.016723	0.380147
	1.000000	0.000000	0.000000	0.000000	0.000000	0.434191	-0.018012	0.018201	-0.083232	0.682361
	1.000000	0.000000	0.000000	0.000000	0.000000	0.504500	0.015993	0.045990	-0.046481	0.559534
	1.000000	0.000000	0.000000	0.000000	0.000000	0.773038	-0.027402	-0.022865	0.075091	0.101448
	1.000000	0.000000	0.000000	0.000000	0.000000	0.621455	-0.031793	0.021549	0.243718	0.023407
	0.000000	1.000000	0.000000	0.000000	0.000000	0.017306	1.043907	0.013715	0.011808	-0.096881
	0.000000	1.000000	0.000000	0.000000	0.000000	0.018895	0.938096	-0.065596	0.041764	0.028965
	0.000000	1.000000	0.000000	0.000000	0.000000	0.087641	0.915441	0.129076	0.012561	-0.179526
	0.000000	1.000000	0.000000	0.000000	0.000000	0.020515	0.974609	0.016872	0.059422	-0.123975
	0.000000	1.000000	0.000000	0.000000	0.000000	-0.000499	0.987092	-0.050856	0.053839	-0.008882
	0.000000	1.000000	0.000000	0.000000	0.000000	0.154414	0.753575	0.060288	-0.094044	0.150311
	0.000000	1.000000	0.000000	0.000000	0.000000	0.073859	0.694342	-0.049331	0.008830	0.186730
	0.000000	1.000000	0.000000	0.000000	0.000000	-0.051363	0.686046	-0.085941	0.170586	0.269681
	0.000000	1.000000	0.000000	0.000000	0.000000	0.011969	1.030466	-0.019877	-0.004709	-0.024734
	0.000000	1.000000	0.000000	0.000000	0.000000	0.005320	1.045219	-0.015181	-0.004125	-0.034892
	0.000000	1.000000	0.000000	0.000000	0.000000	0.038529	1.051542	0.037523	-0.069496	-0.045395
	0.000000	1.000000	0.000000	0.000000	0.000000	0.072974	0.944211	-0.045871	-0.065437	0.059608
	0.000000	1.000000	0.000000	0.000000	0.000000	0.010269	1.009024	-0.037520	0.014264	-0.011356
	0.000000	1.000000	0.000000	0.000000	0.000000	0.020098	0.989994	-0.037281	0.000630	0.007176
	0.000000	1.000000	0.000000	0.000000	0.000000	-0.132460	0.926607	-0.061360	0.366062	-0.031298
	0.000000	1.000000	0.000000	0.000000	0.000000	-0.089845	0.842471	0.371353	-0.187683	0.191996
	0.000000	1.000000	0.000000	0.000000	0.000000	0.010199	1.035172	-0.015803	-0.005864	-0.028499
	0.000000	1.000000	0.000000	0.000000	0.000000	-0.004283	1.041227	0.021315	-0.058742	-0.003069
	0.000000	1.000000	0.000000	0.000000	0.000000	-0.019913	1.073286	0.008527	0.006789	-0.065505
	0.000000	1.000000	0.000000	0.000000	0.000000	0.261303	0.961718	0.006447	-0.102847	-0.074481
	0.000000	1.000000	0.000000	0.000000	0.000000	0.006814	1.040236	-0.019814	0.007814	-0.043647
	0.000000	1.000000	0.000000	0.000000	0.000000	0.059472	0.952447	-0.029427	-0.058128	0.051790
	0.000000	1.000000	0.000000	0.000000	0.000000	-0.007693	1.034114	0.017780	-0.055458	0.003721
	0.000000	1.000000	0.000000	0.000000	0.000000	-0.001137	1.021230	-0.008402	-0.005230	-0.003254
	0.000000	1.000000	0.000000	0.000000	0.000000	-0.003767	1.064913	-0.004235	0.010396	-0.061659
	0.000000	1.000000	0.000000	0.000000	0.000000	-0.035200	0.872110	-0.048194	0.092420	0.121996
	0.000000	1.000000	0.000000	0.000000	0.000000	0.062806	0.998250	-0.000431	-0.110210	0.039609
	0.000000	1.000000	0.000000	0.000000	0.000000	0.018337	0.965163	-0.020832	0.006275	0.023198
	0.000000	1.000000	0.000000	0.000000	0.000000	0.003109	1.048522	-0.014452	-0.005996	-0.031959
	0.000000	1.000000	0.000000	0.000000	0.000000	0.018990	0.930546	-0.015291	-0.007032	0.054607
	0.000000	1.000000	0.000000	0.000000	0.000000	-0.051467	0.901978	-0.058500	0.225153	-0.020870
	0.000000	1.000000	0.000000	0.000000	0.000000	-0.028569	0.876208	-0.022397	0.145950	-0.001593
	0.000000	1.000000	0.000000	0.000000	0.000000	0.002291	1.043593	0.004225	-0.015241	-0.039876
	0.000000	1.000000	0.000000	0.000000	0.000000	-0.006323	1.080622	0.000114	-0.002336	-0.067684
	0.000000	1.000000	0.000000	0.000000	0.000000	-0.153665	0.734542	0.361862	-0.086940	0.153961
	0.000000	0.000000	1.000000	0.000000	0.000000	-0.066579	-0.020393	0.956144	0.024996	0.104822
	0.000000	0.000000	1.000000	0.000000	0.000000	0.007253	-0.040975	0.942386	0.095163	0.001970
	0.000000	0.000000	1.000000	0.000000	0.000000	0.071591	0.084368	1.055371	-0.145128	-0.047480
	0.000000	0.000000	1.000000	0.000000	0.000000	0.088976	0.061549	0.887024	-0.000134	-0.048970
	0.000000	0.000000	1.000000	0.000000	0.000000	-0.050576	0.078683	0.928506	0.029260	-0.038854
	0.000000	0.000000	1.000000	0.000000	0.000000	0.062879	0.044839	0.935419	0.016708	-0.062118
	0.000000	0.000000	1.000000	0.000000	0.000000	-0.018504	-0.001446	0.559189	0.499049	-0.033736
	0.000000	0.000000	1.000000	0.000000	0.000000	-0.002105	0.080346	0.999703	-0.035976	-0.079935
	0.000000	0.000000	1.000000	0.000000	0.000000	0.007739	-0.023470	1.020055	-0.023676	0.016505
	0.000000	0.000000	1.000000	0.000000	0.000000	0.051265	-0.009207	0.847220	0.150341	-0.032018
	0.000000	0.000000	1.000000	0.000000	0.000000	0.263754	0.112835	0.840104	-0.051550	-0.091601
	0.000000	0.000000	1.000000	0.000000	0.000000	0.052638	-0.045901	0.812796	0.210570	-0.014761
	0.000000	0.000000	1.000000	0.000000	0.000000	0.042800	0.017941	1.057010	-0.103839	-0.008151
	0.000000	0.000000	1.000000	0.000000	0.000000	-0.254911	0.153551	0.106461	0.901151	0.181500
	0.000000	0.000000	1.000000	0.000000	0.000000	-0.009324	-0.019092	1.016893	-0.017280	0.027964
	0.000000	0.000000	1.000000	0.000000	0.000000	0.081307	0.093424	1.052928	-0.155584	-0.039484
	0.000000	0.000000	0.000000	1.000000	0.000000	0.212604	0.044185	0.215080	0.749069	-0.143405
	0.000000	0.000000	0.000000	1.000000	0.000000	0.070867	-0.038700	-0.020117	0.608015	0.256554
	0.000000	0.000000	0.000000	1.000000	0.000000	-0.195006	0.139247	-0.080735	0.988976	0.187526
	0.000000	0.000000	0.000000	1.000000	0.000000	-0.134033	0.040320	-0.049643	1.080929	-0.004826
	0.000000	0.000000	0.000000	1.000000	0.000000	0.120158	-0.030098	0.043257	0.874286	-0.046515
	0.000000	0.000000	0.000000	1.000000	0.000000	-0.097117	0.017233	-0.073928	0.952708	0.154221
	0.000000	0.000000	0.000000	1.000000	0.000000	0.194178	0.045794	-0.024105	0.777418	-0.041536
	0.000000	0.000000	0.000000	1.000000	0.000000	0.165586	0.004881	0.093966	0.918273	-0.129288
	0.000000	0.000000	0.000000	1.000000	0.000000	-0.109405	-0.008478	0.073382	1.021777	-0.011317
	0.000000	0.000000	0.000000	1.000000	0.000000	-0.096981	0.035566	-0.064026	1.056514	0.002270
	0.000000	0.000000	0.000000	1.000000	0.000000	0.213604	0.005235	0.227898	0.808190	-0.145066
	0.000000	0.000000	0.000000	1.000000	0.000000	0.023704	-0.031625	0.092495	1.008576	-0.082832
	0.000000	0.000000	0.000000	1.000000	0.000000	-0.192768	-0.006068	0.009281	1.113830	0.036165
	0.000000	0.000000	0.000000	1.000000	0.000000	0.055654	-0.073629	0.537605	0.636069	-0.063009
	0.000000	0.000000	0.000000	1.000000	0.000000	0.050425	0.013211	0.284127	0.749559	-0.076315
	0.000000	0.000000	0.000000	0.000000	1.000000	0.047444	-0.019475	0.016030	-0.010483	0.991809
	0.000000	0.000000	0.000000	0.000000	1.000000	-0.014744	0.000565	0.001048	0.071288	0.960753
	0.000000	0.000000	0.000000	0.000000	1.000000	-0.004898	-0.010450	-0.001076	-0.016176	1.027539
	0.000000	0.000000	0.000000	0.000000	1.000000	0.044818	0.008974	0.013140	-0.071482	1.009940
	0.000000	0.000000	0.000000	0.000000	1.000000	0.079583	0.066914	0.003234	-0.042029	0.883832
	0.000000	0.000000	0.000000	0.000000	1.000000	0.055426	-0.049670	0.017141	-0.045955	1.046653
	0.000000	0.000000	0.000000	0.000000	1.000000	0.012269	-0.013843	-0.014207	0.102456	0.907559
	0.000000	0.000000	0.000000	0.000000	1.000000	0.019883	-0.002312	0.003881	-0.033775	1.015227
	0.000000	0.000000	0.000000	0.000000	1.000000	0.227997	0.015651	0.050669	-0.106990	0.895007
	0.000000	0.000000	0.000000	0.000000	1.000000	0.524431	-0.036963	-0.029561	0.071319	0.410252
	0.000000	0.000000	0.000000	0.000000	1.000000	-0.001409	0.016191	-0.014019	-0.019385	1.001801
	0.000000	0.000000	0.000000	0.000000	1.000000	0.014019	-0.021892	0.029342	-0.045508	1.043374
	0.000000	0.000000	0.000000	0.000000	1.000000	0.012740	0.018484	-0.003742	-0.047189	1.007529
	0.000000	0.000000	0.000000	0.000000	1.000000	-0.024383	-0.069915	-0.001637	0.021789	1.080928
	0.000000	0.000000	0.000000	0.000000	1.000000	0.029362	0.029928	-0.004817	-0.048631	0.982699
	0.000000	0.000000	0.000000	0.000000	1.000000	0.019178	-0.076225	-0.026814	0.112433	0.966214
	0.000000	0.000000	0.000000	0.000000	1.000000	0.023208	-0.019031	0.012615	0.000922	0.996960
	0.000000	0.000000	0.000000	0.000000	1.000000	-0.043405	0.099227	-0.020113	0.071216	0.890952
	0.000000	0.000000	0.000000	0.000000	1.000000	0.023179	0.033723	0.005418	-0.075745	1.008259
	0.000000	0.000000	0.000000	0.000000	1.000000	-0.001449	-0.016124	-0.015311	0.115615	0.910187
	0.000000	0.000000	0.000000	0.000000	1.000000	0.038062	-0.022286	0.002811	-0.035446	1.021207
	0.000000	0.000000	0.000000	0.000000	1.000000	-0.000772	-0.014517	-0.000211	-0.043760	1.049801
	0.000000	0.000000	0.000000	0.000000	1.000000	0.127919	0.024027	0.033488	-0.124887	0.990920
	0.000000	0.000000	0.000000	0.000000	1.000000	0.056354	-0.029120	0.008251	0.003103	0.979869
	0.000000	0.000000	0.000000	0.000000	1.000000	0.019504	0.018198	0.001210	-0.060467	1.015277
	0.000000	0.000000	0.000000	0.000000	1.000000	0.054941	-0.008657	0.025556	-0.096155	1.038243
	0.000000	0.000000	0.000000	0.000000	1.000000	0.032745	-0.032759	0.018788	-0.062252	1.056796
	0.000000	0.000000	0.000000	0.000000	1.000000	0.181927	-0.028706	-0.015754	0.102520	0.740295
	0.000000	0.000000	0.000000	0.000000	1.000000	0.018925	-0.058296	0.011377	-0.034082	1.071634
	0.000000	0.000000	0.000000	0.000000	1.000000	-0.015784	-0.037174	-0.000332	-0.003265	1.056182
	0.000000	0.000000	0.000000	0.000000	1.000000	-0.036722	-0.069680	-0.010202	0.067504	1.060539
	0.000000	0.000000	0.000000	0.000000	1.000000	0.027863	0.003809	-0.011288	-0.018524	0.988509
	0.000000	0.000000	0.000000	0.000000	1.000000	-0.001200	-0.035695	0.001517	-0.029633	1.064034
	0.000000	0.000000	0.000000	0.000000	1.000000	-0.013009	-0.012530	-0.010716	-0.018136	1.039839
	0.000000	0.000000	0.000000	0.000000	1.000000	0.072995	-0.039022	0.011172	-0.003081	0.980434
	0.000000	0.000000	0.000000	0.000000	1.000000	0.041936	0.155522	-0.021991	-0.041411	0.833078
	0.000000	0.000000	0.000000	0.000000	1.000000	0.041600	0.047416	0.006001	-0.086013	0.989802
	0.000000	0.000000	0.000000	0.000000	1.000000	0.050599	0.179061	-0.020037	-0.060713	0.824621
	0.000000	0.000000	0.000000	0.000000	1.000000	0.038662	0.126034	-0.019982	-0.062254	0.893723
	0.000000	0.000000	0.000000	0.000000	1.000000	0.034801	0.044294	0.011531	-0.046461	0.955175
	0.000000	0.000000	0.000000	0.000000	1.000000	0.056836	0.123509	-0.040655	-0.076604	0.897468
	0.000000	0.000000	0.000000	0.000000	1.000000	0.009213	0.047447	-0.010109	0.001197	0.941172
	0.000000	0.000000	0.000000	0.000000	1.000000	0.010428	-0.061415	-0.005015	0.021700	1.039620
	0.000000	0.000000	0.000000	0.000000	1.000000	0.078256	0.016304	0.017554	-0.071537	0.976790
	0.000000	0.000000	0.000000	0.000000	1.000000	-0.042553	-0.023823	-0.005102	0.028682	1.047202
	0.000000	0.000000	0.000000	0.000000	1.000000	0.015050	0.013460	0.007410	-0.072540	1.030947
	0.000000	0.000000	0.000000	0.000000	1.000000	0.020524	-0.028821	-0.001392	-0.018837	1.031674
	0.000000	0.000000	0.000000	0.000000	1.000000	0.015533	0.026964	-0.000591	-0.018301	0.969693
	0.000000	0.000000	0.000000	0.000000	1.000000	0.064905	0.110269	-0.012207	-0.099633	0.924213
	0.000000	0.000000	0.000000	0.000000	1.000000	-0.003723	-0.033995	0.002006	0.005697	1.031685
	0.000000	0.000000	0.000000	0.000000	1.000000	0.085461	-0.015186	0.023526	-0.086964	1.025770
	0.000000	0.000000	0.000000	0.000000	1.000000	-0.001816	0.026696	-0.009444	-0.038543	1.007035
	0.000000	0.000000	0.000000	0.000000	1.000000	0.057907	0.019572	0.000418	-0.048096	0.956963
	0.000000	0.000000	0.000000	0.000000	1.000000	0.007838	-0.003623	-0.001682	-0.035690	1.024123
	0.000000	0.000000	0.000000	0.000000	1.000000	-0.054822	-0.007408	0.040090	0.045132	0.997347
	0.000000	0.000000	0.000000	0.000000	1.000000	0.029759	0.005798	-0.001935	-0.012771	0.973517
	0.000000	0.000000	0.000000	0.000000	1.000000	0.046549	0.037166	0.007089	-0.071562	0.983336
	0.000000	0.000000	0.000000	0.000000	1.000000	0.021687	-0.045881	0.007714	-0.005062	1.028490
	0.000000	0.000000	0.000000	0.000000	1.000000	0.171480	-0.002779	0.056720	-0.150581	1.020125
	0.000000	0.000000	0.000000	0.000000	1.000000	0.074106	-0.021052	0.024864	-0.090643	1.042041
	0.000000	0.000000	0.000000	0.000000	1.000000	0.035832	-0.026022	0.017042	-0.047054	1.035493
