	1.000000	0.000000	0.000000	0.000000	0.000000	0.973806	-0.020197	0.016049	-0.084145	0.111862
	1.000000	0.000000	0.000000	0.000000	0.000000	0.928281	-0.048429	-0.037908	0.026391	0.107695
	1.000000	0.000000	0.000000	0.000000	0.000000	1.068377	-0.057685	-0.018101	-0.047315	-0.055214
	1.000000	0.000000	0.000000	0.000000	0.000000	1.056452	-0.036312	-0.045231	0.007024	-0.041642
	1.000000	0.000000	0.000000	0.000000	0.000000	0.868896	-0.041936	-0.042094	0.071208	0.126041
	1.000000	0.000000	0.000000	0.000000	0.000000	0.919664	-0.020671	-0.013023	-0.032353	0.144743
	1.000000	0.000000	0.000000	0.000000	0.000000	0.828848	-0.032313	-0.036803	0.092474	0.130986
	1.000000	0.000000	0.000000	0.000000	0.000000	1.009841	-0.028367	-0.040575	0.048538	-0.050117
	1.000000	0.000000	0.000000	0.000000	0.000000	0.910766	-0.025681	-0.002158	-0.078730	0.226347
	1.000000	0.000000	0.000000	0.000000	0.000000	0.998945	-0.034176	-0.042463	0.128803	-0.113810
	1.000000	0.000000	0.000000	0.000000	0.000000	0.900207	-0.013530	-0.005051	-0.067228	0.196657
	1.000000	0.000000	0.000000	0.000000	0.000000	0.982988	-0.040917	-0.002684	-0.068226	0.056471
	1.000000	0.000000	0.000000	0.000000	0.000000	0.906442	-0.037275	-0.056567	0.132312	0.006018
	1.000000	0.000000	0.000000	0.000000	0.000000	0.453049	0.170350	0.054806	-0.040644	0.376648
	0.000000	1.000000	0.000000	0.000000	0.000000	0.012798	1.025792	0.006762	-0.042512	-0.012676
	0.000000	1.000000	0.000000	0.000000	0.000000	-0.015630	1.025952	-0.021608	0.037473	-0.027402
	0.000000	1.000000	0.000000	0.000000	0.000000	-0.012014	1.046262	0.012300	-0.041623	-0.007810
	0.000000	1.000000	0.000000	0.000000	0.000000	-0.027549	1.023306	-0.032414	0.061300	-0.015941
	0.000000	1.000000	0.000000	0.000000	0.000000	0.022234	1.045008	0.001819	-0.049137	-0.015986
	0.000000	1.000000	0.000000	0.000000	0.000000	-0.008104	0.987775	-0.033267	0.049286	-0.011847
	0.000000	1.000000	0.000000	0.000000	0.000000	0.004730	0.922348	-0.040147	0.019380	0.072466
	0.000000	1.000000	0.000000	0.000000	0.000000	-0.020171	0.936576	-0.042970	0.111343	0.004498
	0.000000	1.000000	0.000000	0.000000	0.000000	-0.028054	1.049105	-0.007300	0.046063	-0.053508
	0.000000	1.000000	0.000000	0.000000	0.000000	-0.005034	1.024185	-0.023686	0.045878	-0.059243
	0.000000	1.000000	0.000000	0.000000	0.000000	0.020907	1.008658	-0.001964	-0.031982	0.002230
	0.000000	1.000000	0.000000	0.000000	0.000000	-0.000408	1.054160	-0.023145	0.022008	-0.061907
	0.000000	1.000000	0.000000	0.000000	0.000000	-0.013422	1.026500	0.015126	-0.029611	0.001400
	0.000000	1.000000	0.000000	0.000000	0.000000	-0.008942	1.029101	-0.015793	0.008534	-0.010675
	0.000000	1.000000	0.000000	0.000000	0.000000	0.015481	0.995715	-0.027687	-0.015468	0.020280
	0.000000	1.000000	0.000000	0.000000	0.000000	-0.005861	1.050259	0.001300	-0.012574	-0.032224
	0.000000	1.000000	0.000000	0.000000	0.000000	0.063863	0.835926	-0.039857	-0.053083	0.151028
	0.000000	1.000000	0.000000	0.000000	0.000000	0.036794	0.943048	-0.045593	-0.021070	0.054775
	0.000000	1.000000	0.000000	0.000000	0.000000	-0.021983	0.991481	0.049207	0.005137	-0.032762
	0.000000	1.000000	0.000000	0.000000	0.000000	0.028557	0.989104	-0.041601	-0.016507	0.016306
	0.000000	1.000000	0.000000	0.000000	0.000000	0.000243	1.063070	0.046252	-0.060515	-0.041756
	0.000000	1.000000	0.000000	0.000000	0.000000	-0.030931	0.823981	-0.057932	0.103301	0.159146
	0.000000	1.000000	0.000000	0.000000	0.000000	-0.021555	0.836430	-0.037365	0.052011	0.171005
	0.000000	1.000000	0.000000	0.000000	0.000000	0.038881	0.915469	0.108279	-0.129530	0.083532
	0.000000	1.000000	0.000000	0.000000	0.000000	0.014011	1.066286	-0.007471	-0.034442	-0.038049
	0.000000	1.000000	0.000000	0.000000	0.000000	0.088204	1.057678	-0.002547	-0.117728	-0.021838
	0.000000	1.000000	0.000000	0.000000	0.000000	0.039151	1.034767	0.052802	-0.092886	-0.021678
	0.000000	1.000000	0.000000	0.000000	0.000000	-0.068292	0.976282	-0.002062	0.098871	-0.012594
	0.000000	1.000000	0.000000	0.000000	0.000000	0.053473	0.894624	0.006720	-0.008051	0.024593
	0.000000	1.000000	0.000000	0.000000	0.000000	0.015554	0.918953	-0.001733	0.008193	0.019011
	0.000000	1.000000	0.000000	0.000000	0.000000	0.027802	0.989240	0.040471	-0.006716	-0.063199
	0.000000	1.000000	0.000000	0.000000	0.000000	0.063507	0.981932	-0.036859	-0.072876	0.042183
	0.000000	1.000000	0.000000	0.000000	0.000000	-0.022152	1.085208	-0.003322	0.012041	-0.058943
	0.000000	1.000000	0.000000	0.000000	0.000000	-0.030508	1.011306	0.029450	0.006996	-0.034977
	0.000000	1.000000	0.000000	0.000000	0.000000	0.060677	0.496995	0.070129	0.222290	0.012911
	0.000000	1.000000	0.000000	0.000000	0.000000	0.020531	0.988082	-0.030698	-0.023458	0.032084
	0.000000	1.000000	0.000000	0.000000	0.000000	-0.005551	1.005779	-0.030580	0.051232	-0.023590
	0.000000	1.000000	0.000000	0.000000	0.000000	-0.003464	1.048553	0.007921	-0.018180	-0.039645
	0.000000	1.000000	0.000000	0.000000	0.000000	-0.013500	1.077764	-0.011082	0.011490	-0.057647
	0.000000	0.000000	1.000000	0.000000	0.000000	0.024686	0.048502	1.015928	-0.067635	-0.031992
	0.000000	0.000000	1.000000	0.000000	0.000000	-0.050533	0.105981	0.980066	-0.045555	-0.052013
	0.000000	0.000000	1.000000	0.000000	0.000000	-0.009557	0.014635	1.032386	-0.051709	-0.000517
	0.000000	0.000000	1.000000	0.000000	0.000000	-0.025121	0.028456	0.878449	0.099654	-0.005798
	0.000000	0.000000	1.000000	0.000000	0.000000	0.012393	0.014271	1.050841	-0.078665	-0.001849
	0.000000	0.000000	1.000000	0.000000	0.000000	-0.085697	-0.001860	0.885729	0.164852	0.031212
	0.000000	0.000000	1.000000	0.000000	0.000000	0.015763	-0.008133	1.014865	-0.037876	0.013562
	0.000000	0.000000	1.000000	0.000000	0.000000	0.045091	0.015118	0.954388	0.001095	-0.014973
	0.000000	0.000000	1.000000	0.000000	0.000000	0.078142	0.050906	1.031797	-0.118997	-0.022566
	0.000000	0.000000	1.000000	0.000000	0.000000	-0.051386	-0.029852	0.948618	0.095667	0.040732
	0.000000	0.000000	1.000000	0.000000	0.000000	0.032277	0.053182	0.887660	0.031956	-0.030126
	0.000000	0.000000	1.000000	0.000000	0.000000	-0.029540	-0.026659	1.027179	-0.013421	0.038361
	0.000000	0.000000	1.000000	0.000000	0.000000	-0.011214	-0.013896	1.005319	-0.051640	0.076477
	0.000000	0.000000	0.000000	1.000000	0.000000	-0.112591	0.063779	-0.029498	1.029088	-0.001683
	0.000000	0.000000	0.000000	1.000000	0.000000	0.133094	0.079138	0.009886	0.757915	-0.027051
	0.000000	0.000000	0.000000	1.000000	0.000000	0.171419	0.122237	-0.046688	0.628065	0.101897
	0.000000	0.000000	0.000000	1.000000	0.000000	-0.145987	0.184476	-0.074429	0.915185	0.169838
	0.000000	0.000000	0.000000	1.000000	0.000000	0.100616	-0.015056	0.035722	0.834662	-0.014109
	0.000000	0.000000	0.000000	1.000000	0.000000	0.040898	0.035749	-0.026689	0.708014	0.144245
	0.000000	0.000000	0.000000	1.000000	0.000000	0.027046	-0.021871	0.117053	0.948524	-0.065248
	0.000000	0.000000	0.000000	1.000000	0.000000	-0.092989	0.279114	-0.086152	0.836681	0.074216
	0.000000	0.000000	0.000000	1.000000	0.000000	-0.096160	0.010536	-0.040762	0.964768	0.119301
	0.000000	0.000000	0.000000	1.000000	0.000000	-0.120638	0.012091	-0.070352	0.880035	0.297880
	0.000000	0.000000	0.000000	1.000000	0.000000	0.174606	-0.016740	0.162432	0.885507	-0.125717
	0.000000	0.000000	0.000000	1.000000	0.000000	-0.003092	-0.012393	0.090821	0.988756	-0.070459
	0.000000	0.000000	0.000000	1.000000	0.000000	-0.028780	0.054727	-0.017720	0.967812	-0.029917
	0.000000	0.000000	0.000000	1.000000	0.000000	0.189037	-0.034471	0.146682	0.967024	-0.141050
	0.000000	0.000000	0.000000	1.000000	0.000000	-0.095905	-0.003290	-0.012658	1.076787	-0.016849
	0.000000	0.000000	0.000000	1.000000	0.000000	0.019471	-0.002958	0.070328	1.010112	-0.090590
	0.000000	0.000000	0.000000	0.000000	1.000000	-0.001769	-0.007575	0.007360	0.001874	1.014507
	0.000000	0.000000	0.000000	0.000000	1.000000	0.046419	-0.031633	-0.000915	0.034522	0.968791
	0.000000	0.000000	0.000000	0.000000	1.000000	0.047193	0.048510	0.034571	-0.034944	0.931067
	0.000000	0.000000	0.000000	0.000000	1.000000	0.013265	-0.068572	-0.025393	0.105896	0.964348
	0.000000	0.000000	0.000000	0.000000	1.000000	0.098921	0.008556	0.003641	-0.042404	0.936378
	0.000000	0.000000	0.000000	0.000000	1.000000	0.045569	0.095568	-0.004933	-0.087292	0.943499
	0.000000	0.000000	0.000000	0.000000	1.000000	-0.003696	0.026963	-0.010823	-0.037109	1.013966
	0.000000	0.000000	0.000000	0.000000	1.000000	0.031960	-0.032085	0.004389	-0.013490	1.016005
	0.000000	0.000000	0.000000	0.000000	1.000000	-0.036985	-0.048489	-0.008212	0.011557	1.081187
	0.000000	0.000000	0.000000	0.000000	1.000000	0.008086	0.064420	-0.026935	-0.028863	0.958752
	0.000000	0.000000	0.000000	0.000000	1.000000	-0.028889	-0.004665	-0.016949	0.035824	1.007687
	0.000000	0.000000	0.000000	0.000000	1.000000	-0.019204	-0.025728	-0.005638	-0.009061	1.055977
	0.000000	0.000000	0.000000	0.000000	1.000000	0.007543	0.042421	-0.016882	-0.046618	0.998754
	0.000000	0.000000	0.000000	0.000000	1.000000	-0.017737	-0.021460	-0.003050	-0.016023	1.055835
	0.000000	0.000000	0.000000	0.000000	1.000000	-0.002942	-0.017827	-0.005172	-0.016963	1.039975
	0.000000	0.000000	0.000000	0.000000	1.000000	-0.008626	-0.005128	-0.011762	0.020258	1.001155
	0.000000	0.000000	0.000000	0.000000	1.000000	-0.005161	0.092644	-0.024819	-0.005958	0.928432
	0.000000	0.000000	0.000000	0.000000	1.000000	0.069190	-0.029315	-0.009367	0.063543	0.906322
	0.000000	0.000000	0.000000	0.000000	1.000000	0.004164	-0.023365	-0.009100	0.084901	0.949513
	0.000000	0.000000	0.000000	0.000000	1.000000	0.017606	0.052956	-0.001791	-0.003495	0.931060
	0.000000	0.000000	0.000000	0.000000	1.000000	-0.015055	0.004459	0.001237	-0.030726	1.040471
	0.000000	0.000000	0.000000	0.000000	1.000000	-0.007227	-0.043312	0.006797	-0.019610	1.070467
	0.000000	0.000000	0.000000	0.000000	1.000000	-0.017895	-0.002465	-0.008827	-0.022107	1.044733
	0.000000	0.000000	0.000000	0.000000	1.000000	0.056085	-0.025679	0.011059	-0.026761	1.010178
	0.000000	0.000000	0.000000	0.000000	1.000000	-0.003512	-0.012207	0.005319	-0.031723	1.043759
	0.000000	0.000000	0.000000	0.000000	1.000000	-0.027796	-0.030787	0.000412	-0.004619	1.063342
	0.000000	0.000000	0.000000	0.000000	1.000000	0.033571	0.005945	0.010097	-0.063583	1.022359
	0.000000	0.000000	0.000000	0.000000	1.000000	0.016877	0.096356	-0.019049	-0.037578	0.925439
	0.000000	0.000000	0.000000	0.000000	1.000000	0.000310	-0.030091	0.007899	-0.000016	1.031480
	0.000000	0.000000	0.000000	0.000000	1.000000	-0.031772	-0.054014	0.004126	0.003483	1.070585
	0.000000	0.000000	0.000000	0.000000	1.000000	0.001942	-0.009100	0.010435	-0.025080	1.031253
	0.000000	0.000000	0.000000	0.000000	1.000000	-0.025254	-0.065508	-0.004442	0.012914	1.085925
	0.000000	0.000000	0.000000	0.000000	1.000000	-0.027507	-0.019940	-0.017823	0.005545	1.051983
	0.000000	0.000000	0.000000	0.000000	1.000000	0.002083	0.028000	-0.015746	-0.024096	0.999880
	0.000000	0.000000	0.000000	0.000000	1.000000	0.230777	-0.016363	-0.001751	0.045963	0.750658
	0.000000	0.000000	0.000000	0.000000	1.000000	0.027957	0.050682	0.017748	-0.068866	0.986985
	0.000000	0.000000	0.000000	0.000000	1.000000	-0.007609	-0.041875	0.004654	-0.011466	1.061301
	0.000000	0.000000	0.000000	0.000000	1.000000	-0.035855	-0.039296	-0.013733	0.010075	1.073171
	0.000000	0.000000	0.000000	0.000000	1.000000	0.012330	0.032409	-0.024574	-0.046907	1.005882
	0.000000	0.000000	0.000000	0.000000	1.000000	0.000353	-0.053061	0.000001	-0.004924	1.064897
	0.000000	0.000000	0.000000	0.000000	1.000000	0.035151	0.137075	-0.013295	-0.056530	0.882567
	0.000000	0.000000	0.000000	0.000000	1.000000	0.013544	0.061864	-0.007388	-0.002955	0.922080
	0.000000	0.000000	0.000000	0.000000	1.000000	-0.038154	-0.044004	-0.005871	0.019579	1.071622
	0.000000	0.000000	0.000000	0.000000	1.000000	-0.008522	0.002636	-0.007554	-0.022606	1.031888
	0.000000	0.000000	0.000000	0.000000	1.000000	-0.024573	-0.000303	-0.011419	-0.003309	1.036023
	0.000000	0.000000	0.000000	0.000000	1.000000	0.006871	0.011965	0.010261	-0.000010	0.982527
	0.000000	0.000000	0.000000	0.000000	1.000000	0.009052	0.063334	0.003596	-0.056248	0.981431
	0.000000	0.000000	0.000000	0.000000	1.000000	0.033203	-0.010524	0.000927	-0.024150	0.996139
	0.000000	0.000000	0.000000	0.000000	1.000000	-0.032034	0.124969	-0.000009	0.040646	0.884146
	0.000000	0.000000	0.000000	0.000000	1.000000	0.012704	0.054709	-0.013654	-0.030996	0.957097
	0.000000	0.000000	0.000000	0.000000	1.000000	0.001516	0.040749	-0.018625	-0.003370	0.958719
	0.000000	0.000000	0.000000	0.000000	1.000000	0.284103	-0.002326	-0.003787	0.155106	0.564337
	0.000000	0.000000	0.000000	0.000000	1.000000	-0.033908	0.053731	0.054202	0.010527	0.928896
	0.000000	0.000000	0.000000	0.000000	1.000000	0.135167	0.016639	0.057744	-0.105941	0.914536
	0.000000	0.000000	0.000000	0.000000	1.000000	-0.014406	0.166047	0.021820	-0.041822	0.892097
	0.000000	0.000000	0.000000	0.000000	1.000000	0.019652	-0.002040	0.049541	-0.007071	0.926528
	0.000000	0.000000	0.000000	0.000000	1.000000	-0.053190	0.020302	0.008076	0.088702	0.971642
	0.000000	0.000000	0.000000	0.000000	1.000000	-0.018634	-0.007651	-0.008122	-0.022491	1.050570
	0.000000	0.000000	0.000000	0.000000	1.000000	0.038746	-0.033512	0.042578	-0.073097	1.026531
	0.000000	0.000000	0.000000	0.000000	1.000000	0.041013	0.008401	0.012802	-0.084899	1.032209
	0.000000	0.000000	0.000000	0.000000	1.000000	0.163151	0.023893	0.030722	-0.075733	0.896666
	0.000000	0.000000	0.000000	0.000000	1.000000	-0.015739	0.017366	-0.008711	-0.009255	1.013910
	0.000000	0.000000	0.000000	0.000000	1.000000	0.063145	-0.020741	0.028196	-0.098701	1.054084
	0.000000	0.000000	0.000000	0.000000	1.000000	0.068433	-0.032725	0.024572	-0.088490	1.054436
	0.000000	0.000000	0.000000	0.000000	1.000000	0.011195	0.089883	0.046317	0.068322	0.739482
	1.000000	0.000000	0.000000	0.000000	0.000000	0.531539	-0.054866	-0.062614	0.232011	0.295964
	1.000000	0.000000	0.000000	0.000000	0.000000	0.507347	-0.045062	-0.025104	0.032062	0.437177
	1.000000	0.000000	0.000000	0.000000	0.000000	0.671294	-0.039345	-0.048512	0.153243	0.229585
	1.000000	0.000000	0.000000	0.000000	0.000000	0.922154	-0.016277	0.019469	-0.117370	0.285053
	1.000000	0.000000	0.000000	0.000000	0.000000	0.767939	-0.060013	-0.061694	0.170000	0.108237
	1.000000	0.000000	0.000000	0.000000	0.000000	0.846038	-0.039615	-0.030046	0.026157	0.193052
	1.000000	0.000000	0.000000	0.000000	0.000000	0.833390	-0.052575	-0.041073	0.073254	0.156009
	1.000000	0.000000	0.000000	0.000000	0.000000	0.825608	-0.000862	-0.036554	0.207160	-0.005763
	1.000000	0.000000	0.000000	0.000000	0.000000	0.865494	-0.030059	-0.055455	0.156462	0.026535
	1.000000	0.000000	0.000000	0.000000	0.000000	0.303392	-0.039865	-0.018036	0.056006	0.713997
	1.000000	0.000000	0.000000	0.000000	0.000000	0.252281	0.438721	0.000876	0.281726	-0.015315
	1.000000	0.000000	0.000000	0.000000	0.000000	0.605768	-0.047174	-0.012036	-0.010461	0.503002
	1.000000	0.000000	0.000000	0.000000	0.000000	0.350668	-0.028000	0.015972	-0.082791	0.767080
	1.000000	0.000000	0.000000	0.000000	0.000000	0.389560	0.008357	0.041545	-0.039659	0.664135
	1.000000	0.000000	0.000000	0.000000	0.000000	0.696029	-0.042628	-0.024272	0.067943	0.188480
	1.000000	0.000000	0.000000	0.000000	0.000000	0.571319	-0.045634	0.021330	0.218486	0.084408
	0.000000	1.000000	0.000000	0.000000	0.000000	0.004833	1.044714	0.013888	0.010786	-0.084659
	0.000000	1.000000	0.000000	0.000000	0.000000	0.011472	0.926205	-0.071659	0.052941	0.045461
	0.000000	1.000000	0.000000	0.000000	0.000000	0.043769	0.910574	0.143159	-0.001815	-0.146828
	0.000000	1.000000	0.000000	0.000000	0.000000	-0.008220	0.973837	0.016214	0.060910	-0.103004
	0.000000	1.000000	0.000000	0.000000	0.000000	-0.007596	0.978573	-0.056602	0.064777	0.004127
	0.000000	1.000000	0.000000	0.000000	0.000000	0.116911	0.741078	0.055898	-0.092749	0.195855
	0.000000	1.000000	0.000000	0.000000	0.000000	0.046854	0.674885	-0.052618	0.019147	0.233405
	0.000000	1.000000	0.000000	0.000000	0.000000	-0.063900	0.643576	-0.082702	0.187057	0.326449
	0.000000	1.000000	0.000000	0.000000	0.000000	0.004687	1.026618	-0.024934	0.003923	-0.016492
	0.000000	1.000000	0.000000	0.000000	0.000000	0.000761	1.042929	-0.021040	0.001790	-0.029069
	0.000000	1.000000	0.000000	0.000000	0.000000	0.029617	1.051116	0.035465	-0.071629	-0.036073
	0.000000	1.000000	0.000000	0.000000	0.000000	0.066135	0.932246	-0.052397	-0.057666	0.075464
	0.000000	1.000000	0.000000	0.000000	0.000000	0.002761	1.003980	-0.043512	0.025945	-0.002834
	0.000000	1.000000	0.000000	0.000000	0.000000	0.012892	0.982461	-0.042394	0.009996	0.019135
	0.000000	1.000000	0.000000	0.000000	0.000000	-0.140818	0.918833	-0.063968	0.394381	-0.021114
	0.000000	1.000000	0.000000	0.000000	0.000000	-0.107328	0.803221	0.389661	-0.183859	0.250454
	0.000000	1.000000	0.000000	0.000000	0.000000	0.003053	1.033065	-0.021475	0.003319	-0.022574
	0.000000	1.000000	0.000000	0.000000	0.000000	-0.005486	1.038662	0.019329	-0.061081	0.003573
	0.000000	1.000000	0.000000	0.000000	0.000000	-0.026782	1.074684	0.005507	0.013198	-0.062251
	0.000000	1.000000	0.000000	0.000000	0.000000	0.211069	0.947331	0.001194	-0.096531	-0.041141
	0.000000	1.000000	0.000000	0.000000	0.000000	-0.000741	1.038008	-0.025694	0.016781	-0.037156
	0.000000	1.000000	0.000000	0.000000	0.000000	0.051716	0.944131	-0.035762	-0.050783	0.065232
	0.000000	1.000000	0.000000	0.000000	0.000000	-0.010441	1.031628	0.016027	-0.055349	0.009992
	0.000000	1.000000	0.000000	0.000000	0.000000	-0.008007	1.017371	-0.012152	0.001768	0.006104
	0.000000	1.000000	0.000000	0.000000	0.000000	-0.010007	1.065754	-0.008721	0.016842	-0.058248
	0.000000	1.000000	0.000000	0.000000	0.000000	-0.038589	0.860187	-0.052192	0.097974	0.140909
	0.000000	1.000000	0.000000	0.000000	0.000000	0.065513	0.990306	-0.004504	-0.115400	0.052299
	0.000000	1.000000	0.000000	0.000000	0.000000	0.011140	0.961681	-0.026040	0.012511	0.032869
	0.000000	1.000000	0.000000	0.000000	0.000000	-0.001310	1.046219	-0.020046	0.000233	-0.026367
	0.000000	1.000000	0.000000	0.000000	0.000000	0.005350	0.919687	-0.019236	0.004211	0.074789
	0.000000	1.000000	0.000000	0.000000	0.000000	-0.064780	0.892677	-0.060502	0.239818	0.000518
	0.000000	1.000000	0.000000	0.000000	0.000000	-0.042753	0.874168	-0.025416	0.150518	0.018500
	0.000000	1.000000	0.000000	0.000000	0.000000	-0.004624	1.042030	0.000518	-0.011222	-0.032472
	0.000000	1.000000	0.000000	0.000000	0.000000	-0.012261	1.081893	-0.004206	0.004331	-0.065485
	0.000000	1.000000	0.000000	0.000000	0.000000	-0.164115	0.729909	0.372983	-0.091947	0.194159
	0.000000	0.000000	1.000000	0.000000	0.000000	-0.093158	-0.018737	0.954746	0.017411	0.146977
	0.000000	0.000000	1.000000	0.000000	0.000000	0.006485	-0.039283	0.937017	0.091516	0.006981
	0.000000	0.000000	1.000000	0.000000	0.000000	0.057875	0.079453	1.051465	-0.142926	-0.034361
	0.000000	0.000000	1.000000	0.000000	0.000000	0.061489	0.061119	0.880441	0.001142	-0.028227
	0.000000	0.000000	1.000000	0.000000	0.000000	-0.086782	0.076343	0.918214	0.044356	-0.006904
	0.000000	0.000000	1.000000	0.000000	0.000000	0.052142	0.048089	0.926777	0.018868	-0.054420
	0.000000	0.000000	1.000000	0.000000	0.000000	-0.045611	-0.003607	0.555094	0.506280	-0.007493
	0.000000	0.000000	1.000000	0.000000	0.000000	-0.021384	0.076863	0.990842	-0.021102	-0.067351
	0.000000	0.000000	1.000000	0.000000	0.000000	0.002157	-0.024112	1.015559	-0.024093	0.025120
	0.000000	0.000000	1.000000	0.000000	0.000000	0.038013	-0.009926	0.839402	0.154354	-0.020250
	0.000000	0.000000	1.000000	0.000000	0.000000	0.254168	0.115467	0.838383	-0.062277	-0.080776
	0.000000	0.000000	1.000000	0.000000	0.000000	0.047799	-0.046996	0.810063	0.203046	-0.005144
	0.000000	0.000000	1.000000	0.000000	0.000000	0.038284	0.018051	1.052611	-0.104669	-0.001710
	0.000000	0.000000	1.000000	0.000000	0.000000	-0.261475	0.165858	0.115953	0.887793	0.232958
	0.000000	0.000000	1.000000	0.000000	0.000000	-0.021516	-0.017861	1.011446	-0.016915	0.040810
	0.000000	0.000000	1.000000	0.000000	0.000000	0.065556	0.089303	1.049798	-0.155593	-0.022357
	0.000000	0.000000	0.000000	1.000000	0.000000	0.184551	0.046132	0.207522	0.746763	-0.129638
	0.000000	0.000000	0.000000	1.000000	0.000000	0.012558	-0.037185	-0.016467	0.585756	0.351578
	0.000000	0.000000	0.000000	1.000000	0.000000	-0.207661	0.147315	-0.073562	0.970738	0.252497
	0.000000	0.000000	0.000000	1.000000	0.000000	-0.156301	0.053760	-0.052767	1.074105	0.030793
	0.000000	0.000000	0.000000	1.000000	0.000000	0.058272	-0.037651	0.041199	0.875523	-0.000346
	0.000000	0.000000	0.000000	1.000000	0.000000	-0.125374	0.023744	-0.070003	0.934627	0.223177
	0.000000	0.000000	0.000000	1.000000	0.000000	0.105848	0.032021	-0.025374	0.770920	0.031526
	0.000000	0.000000	0.000000	1.000000	0.000000	0.122590	0.007506	0.088128	0.919585	-0.108694
	0.000000	0.000000	0.000000	1.000000	0.000000	-0.140752	-0.007389	0.071297	1.022859	0.031017
	0.000000	0.000000	0.000000	1.000000	0.000000	-0.137239	0.039850	-0.064703	1.051639	0.063227
	0.000000	0.000000	0.000000	1.000000	0.000000	0.175655	0.001849	0.223167	0.821869	-0.130953
	0.000000	0.000000	0.000000	1.000000	0.000000	-0.012467	-0.027308	0.087436	1.008706	-0.058146
	0.000000	0.000000	0.000000	1.000000	0.000000	-0.207470	-0.000798	0.011689	1.110740	0.072827
	0.000000	0.000000	0.000000	1.000000	0.000000	0.055760	-0.070617	0.528669	0.639419	-0.061053
	0.000000	0.000000	0.000000	1.000000	0.000000	0.024084	0.018063	0.280117	0.740289	-0.056241
	0.000000	0.000000	0.000000	0.000000	1.000000	0.022706	-0.019646	0.012017	-0.008493	1.015723
	0.000000	0.000000	0.000000	0.000000	1.000000	-0.038137	-0.001973	0.000425	0.076072	0.992047
	0.000000	0.000000	0.000000	0.000000	1.000000	-0.019815	-0.013426	-0.003576	-0.010157	1.045259
	0.000000	0.000000	0.000000	0.000000	1.000000	0.030949	0.007693	0.009629	-0.068658	1.025052
	0.000000	0.000000	0.000000	0.000000	1.000000	0.046686	0.058719	0.000805	-0.033635	0.922085
	0.000000	0.000000	0.000000	0.000000	1.000000	0.026743	-0.051650	0.011137	-0.039691	1.067660
	0.000000	0.000000	0.000000	0.000000	1.000000	-0.014664	-0.013812	-0.015869	0.103185	0.943451
	0.000000	0.000000	0.000000	0.000000	1.000000	0.003669	-0.004131	0.000474	-0.029053	1.032389
	0.000000	0.000000	0.000000	0.000000	1.000000	0.169097	0.006961	0.046329	-0.103018	0.944284
	0.000000	0.000000	0.000000	0.000000	1.000000	0.415530	-0.046801	-0.030014	0.072207	0.532478
	0.000000	0.000000	0.000000	0.000000	1.000000	-0.012129	0.013325	-0.016159	-0.013808	1.017280
	0.000000	0.000000	0.000000	0.000000	1.000000	-0.002159	-0.021753	0.026449	-0.045678	1.060255
	0.000000	0.000000	0.000000	0.000000	1.000000	-0.001709	0.013925	-0.005877	-0.040981	1.025949
	0.000000	0.000000	0.000000	0.000000	1.000000	-0.036706	-0.068365	-0.006366	0.026147	1.091984
	0.000000	0.000000	0.000000	0.000000	1.000000	0.011322	0.026595	-0.008334	-0.042305	1.002880
	0.000000	0.000000	0.000000	0.000000	1.000000	-0.010404	-0.075172	-0.028494	0.113358	1.001585
	0.000000	0.000000	0.000000	0.000000	1.000000	0.002072	-0.019262	0.009627	0.002351	1.020012
	0.000000	0.000000	0.000000	0.000000	1.000000	-0.055274	0.088215	-0.018270	0.074524	0.922827
	0.000000	0.000000	0.000000	0.000000	1.000000	0.012191	0.027787	0.005505	-0.073097	1.025747
	0.000000	0.000000	0.000000	0.000000	1.000000	-0.025082	-0.013384	-0.017356	0.115801	0.942403
	0.000000	0.000000	0.000000	0.000000	1.000000	0.020760	-0.022539	-0.002085	-0.031062	1.036827
	0.000000	0.000000	0.000000	0.000000	1.000000	-0.008935	-0.014854	-0.003128	-0.041033	1.060354
	0.000000	0.000000	0.000000	0.000000	1.000000	0.091134	0.011080	0.031037	-0.116282	1.021833
	0.000000	0.000000	0.000000	0.000000	1.000000	0.027599	-0.029967	0.004422	0.006223	1.008020
	0.000000	0.000000	0.000000	0.000000	1.000000	0.008122	0.014138	0.000161	-0.057426	1.031533
	0.000000	0.000000	0.000000	0.000000	1.000000	0.035390	-0.013451	0.022379	-0.091596	1.055855
	0.000000	0.000000	0.000000	0.000000	1.000000	0.009865	-0.037581	0.013582	-0.051685	1.073822
	0.000000	0.000000	0.000000	0.000000	1.000000	0.117451	-0.029901	-0.018219	0.103897	0.812772
	0.000000	0.000000	0.000000	0.000000	1.000000	0.003575	-0.059090	0.007065	-0.030983	1.085077
	0.000000	0.000000	0.000000	0.000000	1.000000	-0.027613	-0.037474	-0.004037	0.002300	1.068803
	0.000000	0.000000	0.000000	0.000000	1.000000	-0.049254	-0.067096	-0.013802	0.069952	1.074340
	0.000000	0.000000	0.000000	0.000000	1.000000	0.003900	-0.000624	-0.014720	-0.009578	1.013397
	0.000000	0.000000	0.000000	0.000000	1.000000	-0.011044	-0.035539	-0.002001	-0.026435	1.074451
	0.000000	0.000000	0.000000	0.000000	1.000000	-0.023706	-0.015448	-0.012589	-0.012378	1.054425
	0.000000	0.000000	0.000000	0.000000	1.000000	0.038577	-0.040107	0.007293	-0.000310	1.012742
	0.000000	0.000000	0.000000	0.000000	1.000000	0.020258	0.141470	-0.022704	-0.032890	0.870694
	0.000000	0.000000	0.000000	0.000000	1.000000	0.027533	0.041703	0.004838	-0.081407	1.008015
	0.000000	0.000000	0.000000	0.000000	1.000000	0.026909	0.159486	-0.019332	-0.049978	0.866119
	0.000000	0.000000	0.000000	0.000000	1.000000	0.015511	0.105559	-0.018242	-0.049503	0.931917
	0.000000	0.000000	0.000000	0.000000	1.000000	0.011014	0.039088	0.008401	-0.038630	0.981738
	0.000000	0.000000	0.000000	0.000000	1.000000	0.038886	0.106795	-0.039720	-0.066089	0.928353
	0.000000	0.000000	0.000000	0.000000	1.000000	-0.008367	0.043900	-0.011240	0.003706	0.968239
	0.000000	0.000000	0.000000	0.000000	1.000000	-0.011893	-0.061800	-0.008935	0.026933	1.060608
	0.000000	0.000000	0.000000	0.000000	1.000000	0.054851	0.011593	0.015216	-0.067883	1.000968
	0.000000	0.000000	0.000000	0.000000	1.000000	-0.050006	-0.025402	-0.005983	0.030749	1.060885
	0.000000	0.000000	0.000000	0.000000	1.000000	0.005479	0.010188	0.006233	-0.069642	1.044659
	0.000000	0.000000	0.000000	0.000000	1.000000	-0.004257	-0.034110	-0.004157	-0.010033	1.055236
	0.000000	0.000000	0.000000	0.000000	1.000000	-0.003987	0.021828	-0.002050	-0.013918	0.996195
	0.000000	0.000000	0.000000	0.000000	1.000000	0.048656	0.097986	-0.011507	-0.094174	0.951043
	0.000000	0.000000	0.000000	0.000000	1.000000	-0.020434	-0.035720	-0.000204	0.009317	1.051279
	0.000000	0.000000	0.000000	0.000000	1.000000	0.057683	-0.020487	0.019343	-0.081753	1.047953
	0.000000	0.000000	0.000000	0.000000	1.000000	-0.014819	0.017464	-0.009129	-0.030866	1.028168
	0.000000	0.000000	0.000000	0.000000	1.000000	0.027673	0.019277	-0.006639	-0.040140	0.983076
	0.000000	0.000000	0.000000	0.000000	1.000000	-0.006512	-0.004750	-0.005625	-0.030404	1.039593
	0.000000	0.000000	0.000000	0.000000	1.000000	-0.063972	-0.009142	0.043505	0.033605	1.020009
	0.000000	0.000000	0.000000	0.000000	1.000000	0.003105	-0.000252	-0.003700	-0.005487	1.004288
	0.000000	0.000000	0.000000	0.000000	1.000000	0.028503	0.031398	0.005169	-0.066028	1.004568
	0.000000	0.000000	0.000000	0.000000	1.000000	-0.001619	-0.046270	0.003308	-0.000480	1.049892
	0.000000	0.000000	0.000000	0.000000	1.000000	0.133444	-0.010759	0.051171	-0.146282	1.045037
	0.000000	0.000000	0.000000	0.000000	1.000000	0.048643	-0.025655	0.020380	-0.085509	1.061495
	0.000000	0.000000	0.000000	0.000000	1.000000	0.020586	-0.026641	0.013551	-0.045711	1.050802
