	1.000000	0.000000	0.000000	0.000000	0.000000	0.910183	-0.065199	0.011733	-0.053046	0.142565
	1.000000	0.000000	0.000000	0.000000	0.000000	0.889849	-0.089054	-0.047225	0.071375	0.118427
	1.000000	0.000000	0.000000	0.000000	0.000000	1.037028	-0.113270	-0.028726	-0.012641	-0.039686
	1.000000	0.000000	0.000000	0.000000	0.000000	1.007824	-0.086596	-0.050366	0.050242	-0.015500
	1.000000	0.000000	0.000000	0.000000	0.000000	0.836025	-0.077076	-0.046919	0.108285	0.135734
	1.000000	0.000000	0.000000	0.000000	0.000000	0.879154	-0.068521	-0.018652	0.009047	0.150922
	1.000000	0.000000	0.000000	0.000000	0.000000	0.794393	-0.066576	-0.043835	0.144129	0.125521
	1.000000	0.000000	0.000000	0.000000	0.000000	0.962904	-0.079194	-0.047072	0.102178	-0.035567
	1.000000	0.000000	0.000000	0.000000	0.000000	0.854482	-0.075480	-0.011336	-0.044153	0.258625
	1.000000	0.000000	0.000000	0.000000	0.000000	0.947250	-0.082277	-0.049974	0.208198	-0.104342
	1.000000	0.000000	0.000000	0.000000	0.000000	0.865920	-0.060574	-0.005070	-0.043199	0.216703
	1.000000	0.000000	0.000000	0.000000	0.000000	0.957985	-0.095888	-0.012224	-0.024887	0.050220
	1.000000	0.000000	0.000000	0.000000	0.000000	0.866437	-0.072080	-0.058735	0.183653	0.011359
	1.000000	0.000000	0.000000	0.000000	0.000000	0.320078	0.153960	0.061353	-0.012864	0.430148
	0.000000	1.000000	0.000000	0.000000	0.000000	-0.005424	1.019116	0.011350	-0.038733	-0.006352
	0.000000	1.000000	0.000000	0.000000	0.000000	-0.028194	1.027591	-0.022297	0.053613	-0.033201
	0.000000	1.000000	0.000000	0.000000	0.000000	-0.020379	1.042399	0.016515	-0.041841	-0.006162
	0.000000	1.000000	0.000000	0.000000	0.000000	-0.040985	1.021865	-0.029920	0.080805	-0.015797
	0.000000	1.000000	0.000000	0.000000	0.000000	0.021814	1.047009	0.004516	-0.059739	-0.023386
	0.000000	1.000000	0.000000	0.000000	0.000000	-0.027923	0.984221	-0.034902	0.076414	-0.010594
	0.000000	1.000000	0.000000	0.000000	0.000000	-0.017479	0.911775	-0.039675	0.048522	0.082822
	0.000000	1.000000	0.000000	0.000000	0.000000	-0.035100	0.936253	-0.041246	0.133458	0.000945
	0.000000	1.000000	0.000000	0.000000	0.000000	-0.037108	1.056930	-0.003200	0.048603	-0.062349
	0.000000	1.000000	0.000000	0.000000	0.000000	-0.027428	1.025863	-0.025461	0.069754	-0.061469
	0.000000	1.000000	0.000000	0.000000	0.000000	0.000784	0.993156	0.009082	-0.019405	0.009669
	0.000000	1.000000	0.000000	0.000000	0.000000	-0.020298	1.056783	-0.028582	0.046534	-0.066136
	0.000000	1.000000	0.000000	0.000000	0.000000	-0.037474	1.018017	0.019241	-0.006734	0.004245
	0.000000	1.000000	0.000000	0.000000	0.000000	-0.012662	1.031095	-0.018060	0.009489	-0.015862
	0.000000	1.000000	0.000000	0.000000	0.000000	0.007030	0.993098	-0.029810	-0.007145	0.019360
	0.000000	1.000000	0.000000	0.000000	0.000000	-0.013642	1.054445	0.001956	-0.013138	-0.038925
	0.000000	1.000000	0.000000	0.000000	0.000000	0.037281	0.827993	-0.044293	-0.024161	0.152932
	0.000000	1.000000	0.000000	0.000000	0.000000	0.022802	0.935073	-0.052244	-0.000186	0.056750
	0.000000	1.000000	0.000000	0.000000	0.000000	-0.026659	0.993824	0.065119	-0.013654	-0.034884
	0.000000	1.000000	0.000000	0.000000	0.000000	0.016382	0.979698	-0.048864	0.002585	0.020500
	0.000000	1.000000	0.000000	0.000000	0.000000	-0.001885	1.065545	0.058463	-0.079134	-0.048739
	0.000000	1.000000	0.000000	0.000000	0.000000	-0.028924	0.842416	-0.056329	0.100106	0.142300
	0.000000	1.000000	0.000000	0.000000	0.000000	-0.038829	0.819623	-0.028010	0.071832	0.193122
	0.000000	1.000000	0.000000	0.000000	0.000000	0.001452	0.898407	0.132470	-0.142769	0.115497
	0.000000	1.000000	0.000000	0.000000	0.000000	0.009151	1.071136	-0.009360	-0.034961	-0.046281
	0.000000	1.000000	0.000000	0.000000	0.000000	0.106969	1.041607	-0.008230	-0.138604	-0.014940
	0.000000	1.000000	0.000000	0.000000	0.000000	0.032252	1.028683	0.065243	-0.114538	-0.017531
	0.000000	1.000000	0.000000	0.000000	0.000000	-0.094719	0.967571	0.007856	0.137779	-0.004929
	0.000000	1.000000	0.000000	0.000000	0.000000	0.032356	0.877210	0.006428	0.012568	0.017364
	0.000000	1.000000	0.000000	0.000000	0.000000	-0.011221	0.920159	-0.000040	0.018772	0.023629
	0.000000	1.000000	0.000000	0.000000	0.000000	0.005496	0.995160	0.050652	-0.027922	-0.055270
	0.000000	1.000000	0.000000	0.000000	0.000000	0.063599	0.972107	-0.043919	-0.072930	0.047335
	0.000000	1.000000	0.000000	0.000000	0.000000	-0.034082	1.095087	-0.003088	0.024229	-0.070913
	0.000000	1.000000	0.000000	0.000000	0.000000	-0.047756	1.008264	0.041684	0.008981	-0.031014
	0.000000	1.000000	0.000000	0.000000	0.000000	-0.049124	0.314703	0.119792	0.375637	0.133740
	0.000000	1.000000	0.000000	0.000000	0.000000	-0.001200	0.977598	-0.026321	-0.002756	0.043425
	0.000000	1.000000	0.000000	0.000000	0.000000	-0.008601	1.013604	-0.030903	0.056104	-0.038802
	0.000000	1.000000	0.000000	0.000000	0.000000	-0.013801	1.052341	0.010105	-0.018235	-0.045733
	0.000000	1.000000	0.000000	0.000000	0.000000	-0.026056	1.082994	-0.014829	0.028252	-0.066059
	0.000000	0.000000	1.000000	0.000000	0.000000	0.013860	0.048374	1.014991	-0.064180	-0.040208
	0.000000	0.000000	1.000000	0.000000	0.000000	-0.089466	0.073504	0.991948	-0.007845	-0.017652
	0.000000	0.000000	1.000000	0.000000	0.000000	-0.009804	0.021839	1.037542	-0.060061	-0.017210
	0.000000	0.000000	1.000000	0.000000	0.000000	-0.042309	0.037345	0.879559	0.099502	-0.003112
	0.000000	0.000000	1.000000	0.000000	0.000000	0.003242	0.010495	1.050409	-0.070238	-0.014670
	0.000000	0.000000	1.000000	0.000000	0.000000	-0.113452	0.004529	0.873861	0.208311	0.040123
	0.000000	0.000000	1.000000	0.000000	0.000000	0.026887	0.002100	1.019565	-0.058263	-0.011403
	0.000000	0.000000	1.000000	0.000000	0.000000	0.055885	0.021771	0.944651	0.002304	-0.040027
	0.000000	0.000000	1.000000	0.000000	0.000000	0.079443	0.050720	1.032120	-0.126538	-0.039011
	0.000000	0.000000	1.000000	0.000000	0.000000	-0.062565	-0.020666	0.941905	0.107932	0.029560
	0.000000	0.000000	1.000000	0.000000	0.000000	0.049701	0.071608	0.876418	0.019954	-0.052099
	0.000000	0.000000	1.000000	0.000000	0.000000	-0.018189	-0.015690	1.033391	-0.033583	0.012317
	0.000000	0.000000	1.000000	0.000000	0.000000	0.004877	-0.006184	1.018595	-0.080791	0.051793
	0.000000	0.000000	0.000000	1.000000	0.000000	-0.124693	0.079181	-0.005957	1.009851	0.023694
	0.000000	0.000000	0.000000	1.000000	0.000000	0.087902	0.068316	0.033452	0.761221	-0.009474
	0.000000	0.000000	0.000000	1.000000	0.000000	0.187499	0.144398	-0.030180	0.597391	0.075531
	0.000000	0.000000	0.000000	1.000000	0.000000	-0.141280	0.221450	-0.052034	0.872259	0.163514
	0.000000	0.000000	0.000000	1.000000	0.000000	0.099302	0.009451	0.057248	0.803265	-0.023700
	0.000000	0.000000	0.000000	1.000000	0.000000	0.108739	0.037388	0.000610	0.660558	0.080056
	0.000000	0.000000	0.000000	1.000000	0.000000	0.074207	0.008723	0.129035	0.921461	-0.095454
	0.000000	0.000000	0.000000	1.000000	0.000000	-0.107202	0.302664	-0.064777	0.806319	0.098691
	0.000000	0.000000	0.000000	1.000000	0.000000	-0.081332	0.054598	-0.013599	0.920497	0.084529
	0.000000	0.000000	0.000000	1.000000	0.000000	-0.126231	0.045801	-0.052224	0.842322	0.295238
	0.000000	0.000000	0.000000	1.000000	0.000000	0.202269	0.019590	0.149104	0.879194	-0.144958
	0.000000	0.000000	0.000000	1.000000	0.000000	0.028203	0.027384	0.098809	0.953348	-0.088446
	0.000000	0.000000	0.000000	1.000000	0.000000	-0.048282	0.068504	-0.001139	0.954984	-0.010784
	0.000000	0.000000	0.000000	1.000000	0.000000	0.255959	0.014836	0.114986	0.954668	-0.169433
	0.000000	0.000000	0.000000	1.000000	0.000000	-0.080044	0.052466	-0.002422	1.039402	-0.032001
	0.000000	0.000000	0.000000	1.000000	0.000000	0.047106	0.038343	0.074938	0.979231	-0.105271
	0.000000	0.000000	0.000000	0.000000	1.000000	-0.001085	0.002363	0.013770	-0.006639	1.008988
	0.000000	0.000000	0.000000	0.000000	1.000000	0.044657	-0.022406	-0.000260	0.030598	0.958189
	0.000000	0.000000	0.000000	0.000000	1.000000	0.031560	0.050291	0.046872	-0.035762	0.931473
	0.000000	0.000000	0.000000	0.000000	1.000000	0.020322	-0.064700	-0.031581	0.129329	0.930641
	0.000000	0.000000	0.000000	0.000000	1.000000	0.093745	0.005869	0.002249	-0.026855	0.918643
	0.000000	0.000000	0.000000	0.000000	1.000000	0.027112	0.084369	0.004658	-0.078601	0.959901
	0.000000	0.000000	0.000000	0.000000	1.000000	-0.013566	0.016613	-0.000976	-0.027391	1.028790
	0.000000	0.000000	0.000000	0.000000	1.000000	0.018148	-0.029512	0.004747	-0.009879	1.019033
	0.000000	0.000000	0.000000	0.000000	1.000000	-0.031162	-0.039874	-0.009447	0.008317	1.078640
	0.000000	0.000000	0.000000	0.000000	1.000000	-0.005393	0.060712	-0.025585	-0.010694	0.970899
	0.000000	0.000000	0.000000	0.000000	1.000000	-0.036247	0.007361	-0.017900	0.045713	1.006171
	0.000000	0.000000	0.000000	0.000000	1.000000	-0.018182	-0.016009	-0.007366	-0.011866	1.054985
	0.000000	0.000000	0.000000	0.000000	1.000000	0.016980	0.052282	-0.013348	-0.054867	0.994179
	0.000000	0.000000	0.000000	0.000000	1.000000	-0.014036	-0.012248	-0.001629	-0.022138	1.053479
	0.000000	0.000000	0.000000	0.000000	1.000000	0.002991	-0.008043	-0.005611	-0.021571	1.032409
	0.000000	0.000000	0.000000	0.000000	1.000000	-0.004228	0.006126	-0.010797	0.022391	0.988571
	0.000000	0.000000	0.000000	0.000000	1.000000	-0.010856	0.101968	-0.021285	0.003144	0.926500
	0.000000	0.000000	0.000000	0.000000	1.000000	0.047034	-0.020313	-0.012912	0.080179	0.895188
	0.000000	0.000000	0.000000	0.000000	1.000000	-0.006073	-0.009135	-0.009558	0.100061	0.930642
	0.000000	0.000000	0.000000	0.000000	1.000000	0.007978	0.060210	0.005040	-0.003373	0.930936
	0.000000	0.000000	0.000000	0.000000	1.000000	-0.003605	0.018069	0.011420	-0.049404	1.034415
	0.000000	0.000000	0.000000	0.000000	1.000000	0.010115	-0.034050	0.011612	-0.034834	1.058299
	0.000000	0.000000	0.000000	0.000000	1.000000	-0.001591	0.015908	-0.006998	-0.040137	1.033658
	0.000000	0.000000	0.000000	0.000000	1.000000	0.066135	-0.019157	0.012624	-0.038144	0.999329
	0.000000	0.000000	0.000000	0.000000	1.000000	0.001716	-0.005853	0.009771	-0.038953	1.040201
	0.000000	0.000000	0.000000	0.000000	1.000000	-0.023041	-0.023797	0.002391	-0.005595	1.058542
	0.000000	0.000000	0.000000	0.000000	1.000000	0.029883	0.001100	0.017529	-0.067685	1.029370
	0.000000	0.000000	0.000000	0.000000	1.000000	0.014365	0.109235	-0.020055	-0.034448	0.918224
	0.000000	0.000000	0.000000	0.000000	1.000000	0.008023	-0.025962	0.014316	-0.001994	1.018015
	0.000000	0.000000	0.000000	0.000000	1.000000	-0.031842	-0.054599	0.003646	0.017900	1.058857
	0.000000	0.000000	0.000000	0.000000	1.000000	0.007417	-0.000453	0.017115	-0.036347	1.024934
	0.000000	0.000000	0.000000	0.000000	1.000000	-0.017202	-0.058268	-0.007178	0.009348	1.079014
	0.000000	0.000000	0.000000	0.000000	1.000000	-0.025312	-0.013861	-0.016655	0.005715	1.054433
	0.000000	0.000000	0.000000	0.000000	1.000000	0.008396	0.038267	-0.013374	-0.029636	0.994750
	0.000000	0.000000	0.000000	0.000000	1.000000	0.239260	-0.016094	-0.000821	0.056052	0.713368
	0.000000	0.000000	0.000000	0.000000	1.000000	0.036737	0.068322	0.022628	-0.083777	0.972416
	0.000000	0.000000	0.000000	0.000000	1.000000	-0.002897	-0.034413	0.004656	-0.018276	1.056669
	0.000000	0.000000	0.000000	0.000000	1.000000	-0.032233	-0.033405	-0.013500	0.010338	1.073810
	0.000000	0.000000	0.000000	0.000000	1.000000	0.010905	0.025265	-0.015831	-0.047704	1.020323
	0.000000	0.000000	0.000000	0.000000	1.000000	0.002995	-0.047408	-0.001693	-0.010378	1.062628
	0.000000	0.000000	0.000000	0.000000	1.000000	0.031592	0.152521	-0.014977	-0.053700	0.869776
	0.000000	0.000000	0.000000	0.000000	1.000000	0.004653	0.085423	-0.009946	0.001297	0.905840
	0.000000	0.000000	0.000000	0.000000	1.000000	-0.030158	-0.033596	-0.005270	0.012942	1.066178
	0.000000	0.000000	0.000000	0.000000	1.000000	-0.010606	0.004272	-0.000745	-0.023485	1.038319
	0.000000	0.000000	0.000000	0.000000	1.000000	-0.012646	0.014587	-0.007393	-0.015574	1.027480
	0.000000	0.000000	0.000000	0.000000	1.000000	0.001921	0.023564	0.016770	-0.006079	0.976783
	0.000000	0.000000	0.000000	0.000000	1.000000	0.010056	0.070930	0.010689	-0.064748	0.981813
	0.000000	0.000000	0.000000	0.000000	1.000000	0.026601	-0.014348	0.003065	-0.009576	0.989042
	0.000000	0.000000	0.000000	0.000000	1.000000	-0.033498	0.151151	0.008055	0.041239	0.864032
	0.000000	0.000000	0.000000	0.000000	1.000000	-0.008828	0.056902	-0.014132	-0.011492	0.967253
	0.000000	0.000000	0.000000	0.000000	1.000000	-0.014913	0.049504	-0.019699	0.013882	0.960933
	0.000000	0.000000	0.000000	0.000000	1.000000	0.307951	0.001917	0.003378	0.163195	0.494400
	0.000000	0.000000	0.000000	0.000000	1.000000	-0.034084	0.048690	0.068364	0.031989	0.888005
	0.000000	0.000000	0.000000	0.000000	1.000000	0.122463	0.001622	0.062262	-0.085664	0.878687
	0.000000	0.000000	0.000000	0.000000	1.000000	-0.022811	0.179851	0.037888	-0.040560	0.886036
	0.000000	0.000000	0.000000	0.000000	1.000000	0.025973	-0.017217	0.044916	0.036382	0.866424
	0.000000	0.000000	0.000000	0.000000	1.000000	-0.066511	0.030101	0.021623	0.115846	0.963367
	0.000000	0.000000	0.000000	0.000000	1.000000	-0.007872	0.001788	-0.001340	-0.037204	1.048634
	0.000000	0.000000	0.000000	0.000000	1.000000	0.043802	-0.040788	0.043215	-0.057831	0.994327
	0.000000	0.000000	0.000000	0.000000	1.000000	0.045766	0.006156	0.021346	-0.094989	1.034823
	0.000000	0.000000	0.000000	0.000000	1.000000	0.147037	0.009078	0.036386	-0.064967	0.893919
	0.000000	0.000000	0.000000	0.000000	1.000000	-0.012868	0.033805	-0.006344	-0.017851	1.009354
	0.000000	0.000000	0.000000	0.000000	1.000000	0.062288	-0.024903	0.034209	-0.107834	1.054398
	0.000000	0.000000	0.000000	0.000000	1.000000	0.064413	-0.037706	0.027445	-0.093182	1.054259
	0.000000	0.000000	0.000000	0.000000	1.000000	-0.012471	0.089016	0.059488	0.109078	0.700947
	1.000000	0.000000	0.000000	0.000000	0.000000	0.487203	-0.065759	-0.061053	0.252476	0.316629
	1.000000	0.000000	0.000000	0.000000	0.000000	0.499517	-0.080202	-0.035560	0.091652	0.390692
	1.000000	0.000000	0.000000	0.000000	0.000000	0.613007	-0.060958	-0.051482	0.181077	0.263070
	1.000000	0.000000	0.000000	0.000000	0.000000	0.879520	-0.070680	0.003952	-0.082600	0.292994
	1.000000	0.000000	0.000000	0.000000	0.000000	0.706457	-0.086691	-0.068518	0.224863	0.123728
	1.000000	0.000000	0.000000	0.000000	0.000000	0.785075	-0.076376	-0.039708	0.070942	0.218386
	1.000000	0.000000	0.000000	0.000000	0.000000	0.778383	-0.084091	-0.052491	0.139627	0.154939
	1.000000	0.000000	0.000000	0.000000	0.000000	0.793987	-0.036068	-0.039068	0.256342	-0.013053
	1.000000	0.000000	0.000000	0.000000	0.000000	0.797833	-0.062158	-0.058791	0.218673	0.045371
	1.000000	0.000000	0.000000	0.000000	0.000000	0.288701	-0.048735	-0.024809	0.077409	0.700742
	1.000000	0.000000	0.000000	0.000000	0.000000	0.138210	0.405560	0.022256	0.303134	0.047762
	1.000000	0.000000	0.000000	0.000000	0.000000	0.541875	-0.077433	-0.025505	0.033998	0.519578
	1.000000	0.000000	0.000000	0.000000	0.000000	0.332291	-0.055020	0.007398	-0.053824	0.736821
	1.000000	0.000000	0.000000	0.000000	0.000000	0.322194	0.000888	0.041857	-0.011882	0.653797
	1.000000	0.000000	0.000000	0.000000	0.000000	0.667556	-0.082258	-0.032319	0.130152	0.168781
	1.000000	0.000000	0.000000	0.000000	0.000000	0.639434	-0.067809	0.024292	0.247711	0.017140
	0.000000	1.000000	0.000000	0.000000	0.000000	-0.001462	1.048745	0.022628	-0.001576	-0.089340
	0.000000	1.000000	0.000000	0.000000	0.000000	-0.006547	0.912415	-0.079726	0.093132	0.054501
	0.000000	1.000000	0.000000	0.000000	0.000000	0.010201	0.887110	0.192087	-0.034221	-0.113102
	0.000000	1.000000	0.000000	0.000000	0.000000	-0.055037	0.976354	0.029531	0.063624	-0.078745
	0.000000	1.000000	0.000000	0.000000	0.000000	-0.023397	0.967446	-0.063347	0.098771	0.011492
	0.000000	1.000000	0.000000	0.000000	0.000000	0.080830	0.734412	0.062059	-0.099598	0.212199
	0.000000	1.000000	0.000000	0.000000	0.000000	-0.003509	0.652741	-0.050524	0.068127	0.273309
	0.000000	1.000000	0.000000	0.000000	0.000000	-0.097345	0.555624	-0.061208	0.246561	0.442645
	0.000000	1.000000	0.000000	0.000000	0.000000	-0.007070	1.027217	-0.026182	0.018029	-0.021615
	0.000000	1.000000	0.000000	0.000000	0.000000	-0.008155	1.043617	-0.026843	0.013876	-0.033929
	0.000000	1.000000	0.000000	0.000000	0.000000	0.027499	1.052372	0.043586	-0.093989	-0.039815
	0.000000	1.000000	0.000000	0.000000	0.000000	0.047117	0.919989	-0.059069	-0.032241	0.081585
	0.000000	1.000000	0.000000	0.000000	0.000000	-0.009213	1.006295	-0.046664	0.045240	-0.008484
	0.000000	1.000000	0.000000	0.000000	0.000000	0.001025	0.978343	-0.044124	0.027443	0.018771
	0.000000	1.000000	0.000000	0.000000	0.000000	-0.149459	0.918324	-0.063417	0.452937	-0.035941
	0.000000	1.000000	0.000000	0.000000	0.000000	-0.160572	0.634255	0.471574	-0.133669	0.381475
	0.000000	1.000000	0.000000	0.000000	0.000000	-0.006384	1.038387	-0.023826	0.014468	-0.032701
	0.000000	1.000000	0.000000	0.000000	0.000000	-0.015240	1.033131	0.024231	-0.061293	0.006163
	0.000000	1.000000	0.000000	0.000000	0.000000	-0.039259	1.082081	0.008837	0.021251	-0.072009
	0.000000	1.000000	0.000000	0.000000	0.000000	0.133486	0.914302	0.002713	-0.072068	-0.010542
	0.000000	1.000000	0.000000	0.000000	0.000000	-0.015857	1.039979	-0.030843	0.037582	-0.042567
	0.000000	1.000000	0.000000	0.000000	0.000000	0.038241	0.941550	-0.040472	-0.035617	0.061523
	0.000000	1.000000	0.000000	0.000000	0.000000	-0.023092	1.029327	0.021976	-0.050198	0.009525
	0.000000	1.000000	0.000000	0.000000	0.000000	-0.019754	1.017527	-0.007457	0.008715	0.004771
	0.000000	1.000000	0.000000	0.000000	0.000000	-0.016437	1.073824	-0.009635	0.021105	-0.071196
	0.000000	1.000000	0.000000	0.000000	0.000000	-0.033113	0.866788	-0.052634	0.089346	0.137008
	0.000000	1.000000	0.000000	0.000000	0.000000	0.055070	0.970369	-0.005890	-0.113657	0.067290
	0.000000	1.000000	0.000000	0.000000	0.000000	0.009641	0.970942	-0.027243	0.012680	0.015821
	0.000000	1.000000	0.000000	0.000000	0.000000	-0.009403	1.047673	-0.023868	0.009606	-0.031038
	0.000000	1.000000	0.000000	0.000000	0.000000	-0.019190	0.908450	-0.016607	0.031201	0.083374
	0.000000	1.000000	0.000000	0.000000	0.000000	-0.084852	0.882651	-0.056392	0.277801	0.012223
	0.000000	1.000000	0.000000	0.000000	0.000000	-0.059046	0.885533	-0.022907	0.158679	0.017223
	0.000000	1.000000	0.000000	0.000000	0.000000	-0.018080	1.041939	0.001525	-0.003854	-0.035577
	0.000000	1.000000	0.000000	0.000000	0.000000	-0.026240	1.087823	-0.006197	0.019977	-0.075263
	0.000000	1.000000	0.000000	0.000000	0.000000	-0.177447	0.713411	0.412211	-0.086638	0.217198
	0.000000	0.000000	1.000000	0.000000	0.000000	-0.086488	0.003470	0.976988	-0.031155	0.128801
	0.000000	0.000000	1.000000	0.000000	0.000000	0.028351	-0.025640	0.931037	0.075985	-0.023716
	0.000000	0.000000	1.000000	0.000000	0.000000	0.040890	0.053688	1.058533	-0.136370	-0.030768
	0.000000	0.000000	1.000000	0.000000	0.000000	0.020941	0.064255	0.884439	-0.004249	-0.011792
	0.000000	0.000000	1.000000	0.000000	0.000000	-0.119335	0.081932	0.928575	0.045032	0.020761
	0.000000	0.000000	1.000000	0.000000	0.000000	0.054055	0.057539	0.921064	0.014112	-0.067088
	0.000000	0.000000	1.000000	0.000000	0.000000	-0.013415	0.018131	0.569902	0.474496	-0.037292
	0.000000	0.000000	1.000000	0.000000	0.000000	-0.037252	0.071773	0.993027	-0.003195	-0.063778
	0.000000	0.000000	1.000000	0.000000	0.000000	0.005889	-0.021911	1.019725	-0.035536	0.007186
	0.000000	0.000000	1.000000	0.000000	0.000000	0.045544	0.000038	0.832124	0.151183	-0.039186
	0.000000	0.000000	1.000000	0.000000	0.000000	0.259940	0.116719	0.838167	-0.080296	-0.093841
	0.000000	0.000000	1.000000	0.000000	0.000000	0.070674	-0.035355	0.815256	0.169375	-0.030954
	0.000000	0.000000	1.000000	0.000000	0.000000	0.038948	0.013835	1.053959	-0.108517	-0.017766
	0.000000	0.000000	1.000000	0.000000	0.000000	-0.261737	0.226467	0.160714	0.827526	0.256862
	0.000000	0.000000	1.000000	0.000000	0.000000	-0.015468	-0.005223	1.019190	-0.041530	0.019423
	0.000000	0.000000	1.000000	0.000000	0.000000	0.042692	0.059159	1.057904	-0.148876	-0.012943
	0.000000	0.000000	0.000000	1.000000	0.000000	0.220816	0.070328	0.197211	0.733023	-0.147745
	0.000000	0.000000	0.000000	1.000000	0.000000	0.022888	-0.005527	-0.000723	0.583822	0.284455
	0.000000	0.000000	0.000000	1.000000	0.000000	-0.212469	0.194742	-0.048039	0.934227	0.273679
	0.000000	0.000000	0.000000	1.000000	0.000000	-0.140520	0.124432	-0.040156	1.029384	0.007139
	0.000000	0.000000	0.000000	1.000000	0.000000	0.086945	-0.019591	0.065543	0.853936	-0.029534
	0.000000	0.000000	0.000000	1.000000	0.000000	-0.103744	0.069009	-0.049139	0.905970	0.162650
	0.000000	0.000000	0.000000	1.000000	0.000000	0.093837	0.030435	-0.005464	0.768355	0.027973
	0.000000	0.000000	0.000000	1.000000	0.000000	0.121743	0.038599	0.092101	0.903168	-0.114370
	0.000000	0.000000	0.000000	1.000000	0.000000	-0.121802	0.031568	0.091286	0.989149	0.010962
	0.000000	0.000000	0.000000	1.000000	0.000000	-0.156293	0.083925	-0.043258	1.018899	0.093284
	0.000000	0.000000	0.000000	1.000000	0.000000	0.153018	0.016018	0.224007	0.841234	-0.133496
	0.000000	0.000000	0.000000	1.000000	0.000000	0.029859	0.017559	0.094775	0.973396	-0.087561
	0.000000	0.000000	0.000000	1.000000	0.000000	-0.177038	0.049352	0.041968	1.068772	0.031556
	0.000000	0.000000	0.000000	1.000000	0.000000	0.099315	-0.039925	0.483103	0.658558	-0.099011
	0.000000	0.000000	0.000000	1.000000	0.000000	0.107463	0.059421	0.290538	0.673490	-0.105209
	0.000000	0.000000	0.000000	0.000000	1.000000	0.036318	-0.006341	0.017220	-0.026744	1.000406
	0.000000	0.000000	0.000000	0.000000	1.000000	-0.042050	0.013573	0.009479	0.076168	0.984592
	0.000000	0.000000	0.000000	0.000000	1.000000	-0.020195	-0.006886	-0.001627	-0.010725	1.045930
	0.000000	0.000000	0.000000	0.000000	1.000000	0.046352	0.016844	0.013326	-0.082552	1.012953
	0.000000	0.000000	0.000000	0.000000	1.000000	0.023707	0.057908	0.005559	-0.019687	0.929248
	0.000000	0.000000	0.000000	0.000000	1.000000	0.031486	-0.048688	0.010704	-0.048059	1.063791
	0.000000	0.000000	0.000000	0.000000	1.000000	-0.028103	-0.000871	-0.015247	0.121451	0.929725
	0.000000	0.000000	0.000000	0.000000	1.000000	0.012946	0.008232	0.003070	-0.042267	1.024567
	0.000000	0.000000	0.000000	0.000000	1.000000	0.161978	-0.001734	0.054987	-0.101038	0.927312
	0.000000	0.000000	0.000000	0.000000	1.000000	0.431754	-0.068204	-0.035557	0.120518	0.469510
	0.000000	0.000000	0.000000	0.000000	1.000000	-0.005717	0.023757	-0.015193	-0.016012	1.010503
	0.000000	0.000000	0.000000	0.000000	1.000000	0.009964	-0.009808	0.036956	-0.067888	1.050766
	0.000000	0.000000	0.000000	0.000000	1.000000	-0.001096	0.019107	-0.002901	-0.044092	1.028283
	0.000000	0.000000	0.000000	0.000000	1.000000	-0.027358	-0.058342	-0.009572	0.019764	1.085287
	0.000000	0.000000	0.000000	0.000000	1.000000	0.006215	0.033583	-0.008812	-0.040093	1.003880
	0.000000	0.000000	0.000000	0.000000	1.000000	-0.009904	-0.067281	-0.034315	0.130503	0.984140
	0.000000	0.000000	0.000000	0.000000	1.000000	0.008356	-0.007371	0.014320	-0.009067	1.008581
	0.000000	0.000000	0.000000	0.000000	1.000000	-0.064629	0.089464	-0.005975	0.086684	0.931404
	0.000000	0.000000	0.000000	0.000000	1.000000	0.019463	0.028854	0.017222	-0.086529	1.028098
	0.000000	0.000000	0.000000	0.000000	1.000000	-0.032439	0.009228	-0.016528	0.122918	0.923577
	0.000000	0.000000	0.000000	0.000000	1.000000	0.028322	-0.013616	-0.004867	-0.038059	1.027871
	0.000000	0.000000	0.000000	0.000000	1.000000	0.004593	-0.004658	-0.001097	-0.055857	1.054353
	0.000000	0.000000	0.000000	0.000000	1.000000	0.083080	-0.004200	0.041480	-0.115460	1.029533
	0.000000	0.000000	0.000000	0.000000	1.000000	0.031124	-0.021215	0.006242	-0.001610	0.999215
	0.000000	0.000000	0.000000	0.000000	1.000000	0.020825	0.021658	0.007806	-0.074663	1.028497
	0.000000	0.000000	0.000000	0.000000	1.000000	0.028840	-0.020043	0.024859	-0.089350	1.058661
	0.000000	0.000000	0.000000	0.000000	1.000000	0.004830	-0.038584	0.012173	-0.044988	1.074116
	0.000000	0.000000	0.000000	0.000000	1.000000	0.089104	-0.022682	-0.019548	0.122599	0.803502
	0.000000	0.000000	0.000000	0.000000	1.000000	0.024408	-0.055817	0.009186	-0.044710	1.073141
	0.000000	0.000000	0.000000	0.000000	1.000000	-0.016988	-0.025370	-0.003945	-0.007054	1.061180
	0.000000	0.000000	0.000000	0.000000	1.000000	-0.040941	-0.053195	-0.016783	0.066429	1.064601
	0.000000	0.000000	0.000000	0.000000	1.000000	-0.004066	0.006083	-0.014736	-0.007557	1.018586
	0.000000	0.000000	0.000000	0.000000	1.000000	0.007895	-0.023064	-0.000193	-0.046766	1.065556
	0.000000	0.000000	0.000000	0.000000	1.000000	-0.019787	-0.009635	-0.011728	-0.013954	1.055875
	0.000000	0.000000	0.000000	0.000000	1.000000	0.042308	-0.033802	0.009116	-0.006735	1.002867
	0.000000	0.000000	0.000000	0.000000	1.000000	-0.002097	0.132494	-0.016131	-0.014914	0.893084
	0.000000	0.000000	0.000000	0.000000	1.000000	0.035602	0.047546	0.013825	-0.093451	1.004772
	0.000000	0.000000	0.000000	0.000000	1.000000	0.002502	0.143979	-0.008324	-0.032556	0.894882
	0.000000	0.000000	0.000000	0.000000	1.000000	-0.005503	0.087883	-0.005882	-0.033716	0.961770
	0.000000	0.000000	0.000000	0.000000	1.000000	-0.003548	0.044054	0.013034	-0.030869	0.984544
	0.000000	0.000000	0.000000	0.000000	1.000000	0.031909	0.098262	-0.035110	-0.058028	0.945370
	0.000000	0.000000	0.000000	0.000000	1.000000	-0.008441	0.059498	-0.005833	-0.005665	0.965991
	0.000000	0.000000	0.000000	0.000000	1.000000	-0.011526	-0.055633	-0.012098	0.028348	1.057785
	0.000000	0.000000	0.000000	0.000000	1.000000	0.061291	0.012628	0.022761	-0.075100	0.993094
	0.000000	0.000000	0.000000	0.000000	1.000000	-0.035508	-0.012082	0.000805	0.012543	1.053793
	0.000000	0.000000	0.000000	0.000000	1.000000	0.017806	0.017119	0.015025	-0.086844	1.042049
	0.000000	0.000000	0.000000	0.000000	1.000000	-0.008426	-0.032177	-0.000893	-0.011218	1.060313
	0.000000	0.000000	0.000000	0.000000	1.000000	-0.011978	0.025509	0.003692	-0.011900	1.001116
	0.000000	0.000000	0.000000	0.000000	1.000000	0.052280	0.097153	-0.002300	-0.102623	0.957772
	0.000000	0.000000	0.000000	0.000000	1.000000	-0.017762	-0.028855	0.002208	0.006609	1.047235
	0.000000	0.000000	0.000000	0.000000	1.000000	0.062566	-0.022764	0.025352	-0.093470	1.047814
	0.000000	0.000000	0.000000	0.000000	1.000000	-0.017093	0.013986	-0.002581	-0.028101	1.038821
	0.000000	0.000000	0.000000	0.000000	1.000000	0.000473	0.025985	-0.013338	-0.022798	0.992685
	0.000000	0.000000	0.000000	0.000000	1.000000	-0.006101	0.003744	-0.007404	-0.032044	1.038885
	0.000000	0.000000	0.000000	0.000000	1.000000	-0.058666	0.001695	0.053023	0.041441	0.982601
	0.000000	0.000000	0.000000	0.000000	1.000000	-0.010911	0.001010	0.000395	0.004070	1.010886
	0.000000	0.000000	0.000000	0.000000	1.000000	0.036576	0.038266	0.012968	-0.078171	1.000118
	0.000000	0.000000	0.000000	0.000000	1.000000	-0.005293	-0.039801	0.001614	0.000431	1.046809
	0.000000	0.000000	0.000000	0.000000	1.000000	0.138608	-0.022202	0.060622	-0.156558	1.042356
	0.000000	0.000000	0.000000	0.000000	1.000000	0.054842	-0.026745	0.026614	-0.099465	1.060970
	0.000000	0.000000	0.000000	0.000000	1.000000	0.040144	-0.019057	0.019336	-0.065477	1.039047
