	1.000000	0.000000	0.000000	0.000000	0.000000	0.974044	-0.036528	0.011333	-0.069883	0.098250
	1.000000	0.000000	0.000000	0.000000	0.000000	0.935720	-0.063603	-0.043546	0.049173	0.088411
	1.000000	0.000000	0.000000	0.000000	0.000000	1.067530	-0.077479	-0.025907	-0.027300	-0.062317
	1.000000	0.000000	0.000000	0.000000	0.000000	1.050207	-0.055425	-0.050207	0.029949	-0.045113
	1.000000	0.000000	0.000000	0.000000	0.000000	0.882604	-0.054788	-0.045433	0.089690	0.105211
	1.000000	0.000000	0.000000	0.000000	0.000000	0.928080	-0.039011	-0.017659	-0.011377	0.121507
	1.000000	0.000000	0.000000	0.000000	0.000000	0.843920	-0.045036	-0.041286	0.117217	0.103020
	1.000000	0.000000	0.000000	0.000000	0.000000	1.007794	-0.047594	-0.046007	0.075729	-0.059269
	1.000000	0.000000	0.000000	0.000000	0.000000	0.918536	-0.043945	-0.007158	-0.062682	0.205455
	1.000000	0.000000	0.000000	0.000000	0.000000	0.991814	-0.051428	-0.048051	0.167871	-0.119870
	1.000000	0.000000	0.000000	0.000000	0.000000	0.914616	-0.030453	-0.006802	-0.054527	0.173962
	1.000000	0.000000	0.000000	0.000000	0.000000	0.992147	-0.061022	-0.010405	-0.044407	0.030806
	1.000000	0.000000	0.000000	0.000000	0.000000	0.913556	-0.050074	-0.059627	0.158236	-0.010351
	1.000000	0.000000	0.000000	0.000000	0.000000	0.461111	0.172766	0.054726	-0.041439	0.352635
	0.000000	1.000000	0.000000	0.000000	0.000000	0.018674	1.023218	0.009313	-0.048820	-0.015788
	0.000000	1.000000	0.000000	0.000000	0.000000	-0.009489	1.026386	-0.020719	0.035029	-0.034902
	0.000000	1.000000	0.000000	0.000000	0.000000	-0.005716	1.044733	0.015587	-0.047154	-0.012307
	0.000000	1.000000	0.000000	0.000000	0.000000	-0.022572	1.022613	-0.030693	0.060056	-0.021560
	0.000000	1.000000	0.000000	0.000000	0.000000	0.034741	1.045861	0.003822	-0.059833	-0.023833
	0.000000	1.000000	0.000000	0.000000	0.000000	-0.002898	0.986631	-0.033273	0.048803	-0.018120
	0.000000	1.000000	0.000000	0.000000	0.000000	0.011470	0.919424	-0.040002	0.017172	0.067286
	0.000000	1.000000	0.000000	0.000000	0.000000	-0.011085	0.938779	-0.042878	0.107621	-0.007091
	0.000000	1.000000	0.000000	0.000000	0.000000	-0.022748	1.051786	-0.004615	0.041848	-0.061197
	0.000000	1.000000	0.000000	0.000000	0.000000	-0.002049	1.024209	-0.023200	0.046301	-0.065138
	0.000000	1.000000	0.000000	0.000000	0.000000	0.028955	1.006090	0.001053	-0.035162	-0.005726
	0.000000	1.000000	0.000000	0.000000	0.000000	0.002666	1.053833	-0.022888	0.021718	-0.066699
	0.000000	1.000000	0.000000	0.000000	0.000000	-0.012866	1.024396	0.016153	-0.025390	-0.005489
	0.000000	1.000000	0.000000	0.000000	0.000000	0.001086	1.029664	-0.015095	-0.000295	-0.017599
	0.000000	1.000000	0.000000	0.000000	0.000000	0.026308	0.994481	-0.027414	-0.023162	0.014235
	0.000000	1.000000	0.000000	0.000000	0.000000	0.001755	1.051132	0.003223	-0.019801	-0.038716
	0.000000	1.000000	0.000000	0.000000	0.000000	0.074867	0.835583	-0.041997	-0.056221	0.139463
	0.000000	1.000000	0.000000	0.000000	0.000000	0.048241	0.940112	-0.046824	-0.027023	0.048754
	0.000000	1.000000	0.000000	0.000000	0.000000	-0.009417	0.995968	0.054542	-0.008139	-0.043540
	0.000000	1.000000	0.000000	0.000000	0.000000	0.038649	0.984796	-0.042379	-0.022096	0.013007
	0.000000	1.000000	0.000000	0.000000	0.000000	0.010393	1.064608	0.052149	-0.071506	-0.049479
	0.000000	1.000000	0.000000	0.000000	0.000000	-0.013572	0.834320	-0.058082	0.084760	0.139903
	0.000000	1.000000	0.000000	0.000000	0.000000	-0.012149	0.834764	-0.035577	0.045189	0.164246
	0.000000	1.000000	0.000000	0.000000	0.000000	0.044355	0.912059	0.116226	-0.141963	0.084038
	0.000000	1.000000	0.000000	0.000000	0.000000	0.022987	1.066566	-0.006170	-0.041758	-0.043863
	0.000000	1.000000	0.000000	0.000000	0.000000	0.111066	1.051639	-0.001864	-0.132821	-0.023463
	0.000000	1.000000	0.000000	0.000000	0.000000	0.052594	1.034144	0.058357	-0.107098	-0.027152
	0.000000	1.000000	0.000000	0.000000	0.000000	-0.068468	0.975629	-0.001170	0.108134	-0.021372
	0.000000	1.000000	0.000000	0.000000	0.000000	0.072552	0.896382	0.004101	-0.012394	0.001586
	0.000000	1.000000	0.000000	0.000000	0.000000	0.023162	0.921895	-0.001972	0.000977	0.009751
	0.000000	1.000000	0.000000	0.000000	0.000000	0.037080	0.993874	0.045220	-0.022890	-0.068566
	0.000000	1.000000	0.000000	0.000000	0.000000	0.080540	0.977240	-0.037528	-0.084638	0.039561
	0.000000	1.000000	0.000000	0.000000	0.000000	-0.019423	1.087415	-0.001030	0.011845	-0.065998
	0.000000	1.000000	0.000000	0.000000	0.000000	-0.026143	1.010754	0.034507	0.001884	-0.039953
	0.000000	1.000000	0.000000	0.000000	0.000000	0.042364	0.429581	0.079206	0.286124	0.025478
	0.000000	1.000000	0.000000	0.000000	0.000000	0.026670	0.985118	-0.029363	-0.025742	0.028185
	0.000000	1.000000	0.000000	0.000000	0.000000	0.006953	1.009267	-0.029607	0.042643	-0.035845
	0.000000	1.000000	0.000000	0.000000	0.000000	0.003425	1.049385	0.010388	-0.024803	-0.046022
	0.000000	1.000000	0.000000	0.000000	0.000000	-0.009717	1.078373	-0.009887	0.010717	-0.063495
	0.000000	0.000000	1.000000	0.000000	0.000000	0.031231	0.052263	1.012118	-0.062218	-0.044691
	0.000000	0.000000	1.000000	0.000000	0.000000	-0.055028	0.096906	0.980343	-0.027035	-0.051544
	0.000000	0.000000	1.000000	0.000000	0.000000	-0.001008	0.019695	1.030970	-0.049116	-0.015864
	0.000000	0.000000	1.000000	0.000000	0.000000	-0.019451	0.033151	0.874031	0.108241	-0.017132
	0.000000	0.000000	1.000000	0.000000	0.000000	0.015347	0.012988	1.048349	-0.069338	-0.012333
	0.000000	0.000000	1.000000	0.000000	0.000000	-0.088850	-0.001351	0.876582	0.194683	0.023960
	0.000000	0.000000	1.000000	0.000000	0.000000	0.026988	-0.004476	1.014114	-0.038596	-0.001515
	0.000000	0.000000	1.000000	0.000000	0.000000	0.057060	0.016939	0.946268	0.011946	-0.030504
	0.000000	0.000000	1.000000	0.000000	0.000000	0.091569	0.055931	1.028694	-0.119437	-0.038657
	0.000000	0.000000	1.000000	0.000000	0.000000	-0.049944	-0.028803	0.942120	0.114251	0.029525
	0.000000	0.000000	1.000000	0.000000	0.000000	0.054307	0.064570	0.879085	0.032028	-0.051137
	0.000000	0.000000	1.000000	0.000000	0.000000	-0.020832	-0.024562	1.026910	-0.010816	0.024129
	0.000000	0.000000	1.000000	0.000000	0.000000	0.002558	-0.012642	1.007030	-0.053987	0.059852
	0.000000	0.000000	0.000000	1.000000	0.000000	-0.103955	0.068399	-0.023265	1.025842	-0.009559
	0.000000	0.000000	0.000000	1.000000	0.000000	0.139309	0.073165	0.014334	0.773688	-0.038879
	0.000000	0.000000	0.000000	1.000000	0.000000	0.222500	0.135488	-0.042418	0.603702	0.062757
	0.000000	0.000000	0.000000	1.000000	0.000000	-0.129579	0.202312	-0.070597	0.897587	0.137683
	0.000000	0.000000	0.000000	1.000000	0.000000	0.123888	-0.006563	0.040446	0.833479	-0.034779
	0.000000	0.000000	0.000000	1.000000	0.000000	0.077393	0.035169	-0.021582	0.714376	0.097690
	0.000000	0.000000	0.000000	1.000000	0.000000	0.058352	-0.011238	0.119019	0.948065	-0.087369
	0.000000	0.000000	0.000000	1.000000	0.000000	-0.077841	0.295668	-0.082644	0.818378	0.053794
	0.000000	0.000000	0.000000	1.000000	0.000000	-0.079214	0.024348	-0.035022	0.962233	0.084515
	0.000000	0.000000	0.000000	1.000000	0.000000	-0.112985	0.021388	-0.067518	0.879434	0.269468
	0.000000	0.000000	0.000000	1.000000	0.000000	0.202014	-0.002209	0.154953	0.888954	-0.141067
	0.000000	0.000000	0.000000	1.000000	0.000000	0.029112	0.003579	0.092591	0.978420	-0.091041
	0.000000	0.000000	0.000000	1.000000	0.000000	-0.016608	0.060212	-0.014063	0.967212	-0.040983
	0.000000	0.000000	0.000000	1.000000	0.000000	0.224333	-0.016201	0.134371	0.967382	-0.157142
	0.000000	0.000000	0.000000	1.000000	0.000000	-0.071834	0.018445	-0.009894	1.063547	-0.040548
	0.000000	0.000000	0.000000	1.000000	0.000000	0.049491	0.013619	0.070551	1.001759	-0.108301
	0.000000	0.000000	0.000000	0.000000	1.000000	0.013229	-0.001748	0.009811	-0.005304	1.000061
	0.000000	0.000000	0.000000	0.000000	1.000000	0.066820	-0.026805	0.000117	0.028983	0.948155
	0.000000	0.000000	0.000000	0.000000	1.000000	0.062329	0.052303	0.038196	-0.039662	0.912947
	0.000000	0.000000	0.000000	0.000000	1.000000	0.030056	-0.068610	-0.028346	0.119067	0.936027
	0.000000	0.000000	0.000000	0.000000	1.000000	0.125014	0.012103	0.003337	-0.042626	0.906390
	0.000000	0.000000	0.000000	0.000000	1.000000	0.056690	0.100260	-0.003437	-0.090659	0.930410
	0.000000	0.000000	0.000000	0.000000	1.000000	0.003769	0.026395	-0.007907	-0.036794	1.008035
	0.000000	0.000000	0.000000	0.000000	1.000000	0.041869	-0.030237	0.005018	-0.013835	1.004455
	0.000000	0.000000	0.000000	0.000000	1.000000	-0.026321	-0.043899	-0.007707	0.007673	1.072496
	0.000000	0.000000	0.000000	0.000000	1.000000	0.017456	0.069464	-0.027283	-0.029883	0.947339
	0.000000	0.000000	0.000000	0.000000	1.000000	-0.019743	0.002697	-0.017831	0.033440	0.994748
	0.000000	0.000000	0.000000	0.000000	1.000000	-0.008336	-0.019272	-0.005682	-0.014443	1.045885
	0.000000	0.000000	0.000000	0.000000	1.000000	0.025869	0.053549	-0.016145	-0.056421	0.981539
	0.000000	0.000000	0.000000	0.000000	1.000000	-0.005346	-0.015064	-0.002094	-0.022398	1.044930
	0.000000	0.000000	0.000000	0.000000	1.000000	0.012855	-0.010741	-0.004983	-0.023340	1.025186
	0.000000	0.000000	0.000000	0.000000	1.000000	0.008259	0.002323	-0.011642	0.015413	0.982160
	0.000000	0.000000	0.000000	0.000000	1.000000	0.009169	0.103592	-0.025260	-0.012086	0.909384
	0.000000	0.000000	0.000000	0.000000	1.000000	0.085245	-0.024975	-0.010788	0.065282	0.880756
	0.000000	0.000000	0.000000	0.000000	1.000000	0.018576	-0.017433	-0.009809	0.086201	0.925416
	0.000000	0.000000	0.000000	0.000000	1.000000	0.033190	0.061234	-0.000595	-0.010956	0.911920
	0.000000	0.000000	0.000000	0.000000	1.000000	0.001594	0.014103	0.004165	-0.041843	1.026217
	0.000000	0.000000	0.000000	0.000000	1.000000	0.010902	-0.038470	0.009116	-0.026591	1.056604
	0.000000	0.000000	0.000000	0.000000	1.000000	0.000363	0.009532	-0.008226	-0.034289	1.028560
	0.000000	0.000000	0.000000	0.000000	1.000000	0.081004	-0.020540	0.013132	-0.035387	0.990933
	0.000000	0.000000	0.000000	0.000000	1.000000	0.011269	-0.006640	0.007328	-0.038290	1.031214
	0.000000	0.000000	0.000000	0.000000	1.000000	-0.016171	-0.026675	0.001644	-0.007615	1.052763
	0.000000	0.000000	0.000000	0.000000	1.000000	0.047983	0.008244	0.013417	-0.069136	1.011640
	0.000000	0.000000	0.000000	0.000000	1.000000	0.034023	0.110120	-0.020912	-0.045871	0.903036
	0.000000	0.000000	0.000000	0.000000	1.000000	0.015896	-0.028718	0.010361	-0.000283	1.015501
	0.000000	0.000000	0.000000	0.000000	1.000000	-0.027714	-0.056182	0.003263	0.016401	1.059219
	0.000000	0.000000	0.000000	0.000000	1.000000	0.018065	-0.003227	0.012956	-0.032715	1.017070
	0.000000	0.000000	0.000000	0.000000	1.000000	-0.013017	-0.062656	-0.004348	0.011028	1.075722
	0.000000	0.000000	0.000000	0.000000	1.000000	-0.016511	-0.014598	-0.017029	0.001102	1.042820
	0.000000	0.000000	0.000000	0.000000	1.000000	0.020065	0.038171	-0.015277	-0.033344	0.982531
	0.000000	0.000000	0.000000	0.000000	1.000000	0.275199	-0.013875	-0.000463	0.044141	0.703758
	0.000000	0.000000	0.000000	0.000000	1.000000	0.050282	0.064143	0.018688	-0.081096	0.964895
	0.000000	0.000000	0.000000	0.000000	1.000000	0.005690	-0.037813	0.005661	-0.016298	1.050182
	0.000000	0.000000	0.000000	0.000000	1.000000	-0.025743	-0.035183	-0.012981	0.006958	1.065014
	0.000000	0.000000	0.000000	0.000000	1.000000	0.025522	0.036592	-0.022162	-0.052574	0.996371
	0.000000	0.000000	0.000000	0.000000	1.000000	0.013419	-0.050030	0.000754	-0.008869	1.054656
	0.000000	0.000000	0.000000	0.000000	1.000000	0.054466	0.152772	-0.015626	-0.065473	0.855915
	0.000000	0.000000	0.000000	0.000000	1.000000	0.029069	0.076808	-0.009810	-0.010484	0.896922
	0.000000	0.000000	0.000000	0.000000	1.000000	-0.025990	-0.038810	-0.004910	0.014457	1.061273
	0.000000	0.000000	0.000000	0.000000	1.000000	0.003013	0.006983	-0.005093	-0.027494	1.022654
	0.000000	0.000000	0.000000	0.000000	1.000000	-0.008175	0.009396	-0.010185	-0.013089	1.021145
	0.000000	0.000000	0.000000	0.000000	1.000000	0.021924	0.019305	0.012138	-0.007561	0.965502
	0.000000	0.000000	0.000000	0.000000	1.000000	0.025541	0.073710	0.005168	-0.066600	0.965420
	0.000000	0.000000	0.000000	0.000000	1.000000	0.047712	-0.009817	0.001442	-0.021297	0.978135
	0.000000	0.000000	0.000000	0.000000	1.000000	-0.014702	0.141718	0.000518	0.029404	0.856818
	0.000000	0.000000	0.000000	0.000000	1.000000	0.019738	0.061596	-0.015045	-0.031727	0.944643
	0.000000	0.000000	0.000000	0.000000	1.000000	0.010578	0.049322	-0.020254	-0.004937	0.943187
	0.000000	0.000000	0.000000	0.000000	1.000000	0.333537	-0.000208	-0.001704	0.156394	0.504526
	0.000000	0.000000	0.000000	0.000000	1.000000	-0.023691	0.051257	0.055553	0.025616	0.896595
	0.000000	0.000000	0.000000	0.000000	1.000000	0.153711	0.011423	0.056757	-0.095453	0.878066
	0.000000	0.000000	0.000000	0.000000	1.000000	0.000646	0.182245	0.023180	-0.050353	0.867243
	0.000000	0.000000	0.000000	0.000000	1.000000	0.035085	-0.009674	0.045242	0.017179	0.885697
	0.000000	0.000000	0.000000	0.000000	1.000000	-0.047527	0.022760	0.012340	0.096919	0.957724
	0.000000	0.000000	0.000000	0.000000	1.000000	-0.003291	0.000137	-0.005862	-0.032128	1.038704
	0.000000	0.000000	0.000000	0.000000	1.000000	0.054097	-0.037380	0.041514	-0.063080	1.001551
	0.000000	0.000000	0.000000	0.000000	1.000000	0.059493	0.012603	0.016487	-0.092811	1.019594
	0.000000	0.000000	0.000000	0.000000	1.000000	0.188306	0.021537	0.033662	-0.075352	0.871161
	0.000000	0.000000	0.000000	0.000000	1.000000	-0.001731	0.028406	-0.008356	-0.018719	0.999308
	0.000000	0.000000	0.000000	0.000000	1.000000	0.078490	-0.020413	0.031377	-0.103253	1.043201
	0.000000	0.000000	0.000000	0.000000	1.000000	0.082527	-0.033596	0.026680	-0.090518	1.043506
	0.000000	0.000000	0.000000	0.000000	1.000000	0.021135	0.091151	0.045219	0.089150	0.692924
	1.000000	0.000000	0.000000	0.000000	0.000000	0.555790	-0.058923	-0.062568	0.241613	0.270437
	1.000000	0.000000	0.000000	0.000000	0.000000	0.540886	-0.058817	-0.031381	0.063040	0.379102
	1.000000	0.000000	0.000000	0.000000	0.000000	0.690145	-0.046497	-0.049695	0.163256	0.209452
	1.000000	0.000000	0.000000	0.000000	0.000000	0.933929	-0.035900	0.012243	-0.102102	0.253997
	1.000000	0.000000	0.000000	0.000000	0.000000	0.777479	-0.070026	-0.065899	0.196190	0.087272
	1.000000	0.000000	0.000000	0.000000	0.000000	0.853573	-0.053087	-0.035074	0.046734	0.172138
	1.000000	0.000000	0.000000	0.000000	0.000000	0.842357	-0.064689	-0.047445	0.103346	0.127672
	1.000000	0.000000	0.000000	0.000000	0.000000	0.839997	-0.014029	-0.040060	0.232235	-0.027348
	1.000000	0.000000	0.000000	0.000000	0.000000	0.866970	-0.042060	-0.058770	0.184663	0.012496
	1.000000	0.000000	0.000000	0.000000	0.000000	0.341881	-0.041313	-0.019101	0.059757	0.673147
	1.000000	0.000000	0.000000	0.000000	0.000000	0.261146	0.441959	0.002997	0.273167	-0.025808
	1.000000	0.000000	0.000000	0.000000	0.000000	0.623284	-0.058515	-0.017156	0.008357	0.470152
	1.000000	0.000000	0.000000	0.000000	0.000000	0.379781	-0.037887	0.011719	-0.069099	0.721477
	1.000000	0.000000	0.000000	0.000000	0.000000	0.408503	0.006508	0.040860	-0.030863	0.624636
	1.000000	0.000000	0.000000	0.000000	0.000000	0.716668	-0.057658	-0.030117	0.100891	0.149438
	1.000000	0.000000	0.000000	0.000000	0.000000	0.625609	-0.052223	0.018282	0.245445	0.033451
	0.000000	1.000000	0.000000	0.000000	0.000000	0.015074	1.047423	0.018331	0.000684	-0.092203
	0.000000	1.000000	0.000000	0.000000	0.000000	0.019827	0.920789	-0.073032	0.051045	0.042254
	0.000000	1.000000	0.000000	0.000000	0.000000	0.058567	0.911328	0.157442	-0.020115	-0.148669
	0.000000	1.000000	0.000000	0.000000	0.000000	-0.013684	0.974921	0.020732	0.055139	-0.100882
	0.000000	1.000000	0.000000	0.000000	0.000000	-0.001073	0.974093	-0.057291	0.063585	0.001221
	0.000000	1.000000	0.000000	0.000000	0.000000	0.137476	0.749332	0.055217	-0.107812	0.176751
	0.000000	1.000000	0.000000	0.000000	0.000000	0.050062	0.674229	-0.054230	0.019934	0.226791
	0.000000	1.000000	0.000000	0.000000	0.000000	-0.065114	0.616977	-0.077184	0.196849	0.348503
	0.000000	1.000000	0.000000	0.000000	0.000000	0.012153	1.026449	-0.024167	0.000338	-0.023513
	0.000000	1.000000	0.000000	0.000000	0.000000	0.008675	1.042021	-0.020923	-0.003472	-0.034331
	0.000000	1.000000	0.000000	0.000000	0.000000	0.042731	1.052257	0.040051	-0.085933	-0.042727
	0.000000	1.000000	0.000000	0.000000	0.000000	0.076839	0.927311	-0.053565	-0.061457	0.071174
	0.000000	1.000000	0.000000	0.000000	0.000000	0.010936	1.003581	-0.043038	0.021481	-0.009296
	0.000000	1.000000	0.000000	0.000000	0.000000	0.022577	0.980941	-0.041848	0.004533	0.012752
	0.000000	1.000000	0.000000	0.000000	0.000000	-0.138081	0.917409	-0.066129	0.416348	-0.036188
	0.000000	1.000000	0.000000	0.000000	0.000000	-0.111306	0.757990	0.403537	-0.168168	0.256414
	0.000000	1.000000	0.000000	0.000000	0.000000	0.011369	1.034177	-0.020828	-0.001543	-0.030622
	0.000000	1.000000	0.000000	0.000000	0.000000	0.001054	1.036239	0.022734	-0.066860	-0.000460
	0.000000	1.000000	0.000000	0.000000	0.000000	-0.023821	1.076420	0.008644	0.011692	-0.069016
	0.000000	1.000000	0.000000	0.000000	0.000000	0.216302	0.940392	0.000748	-0.098430	-0.045198
	0.000000	1.000000	0.000000	0.000000	0.000000	0.004840	1.037458	-0.025553	0.014610	-0.042749
	0.000000	1.000000	0.000000	0.000000	0.000000	0.064597	0.943313	-0.036765	-0.057609	0.056738
	0.000000	1.000000	0.000000	0.000000	0.000000	-0.005113	1.030070	0.019705	-0.059145	0.004860
	0.000000	1.000000	0.000000	0.000000	0.000000	-0.000074	1.019050	-0.010747	-0.003923	-0.002517
	0.000000	1.000000	0.000000	0.000000	0.000000	-0.002703	1.068141	-0.006996	0.011865	-0.066777
	0.000000	1.000000	0.000000	0.000000	0.000000	-0.021610	0.865402	-0.052341	0.077875	0.128200
	0.000000	1.000000	0.000000	0.000000	0.000000	0.076701	0.983188	-0.003633	-0.122329	0.051492
	0.000000	1.000000	0.000000	0.000000	0.000000	0.027301	0.967006	-0.025993	0.000305	0.017604
	0.000000	1.000000	0.000000	0.000000	0.000000	0.006484	1.045636	-0.019421	-0.005224	-0.031712
	0.000000	1.000000	0.000000	0.000000	0.000000	0.011951	0.918391	-0.019326	0.002863	0.066233
	0.000000	1.000000	0.000000	0.000000	0.000000	-0.060432	0.891654	-0.060501	0.242648	-0.006989
	0.000000	1.000000	0.000000	0.000000	0.000000	-0.033996	0.882183	-0.026012	0.141047	0.005330
	0.000000	1.000000	0.000000	0.000000	0.000000	0.001184	1.041626	0.002165	-0.015577	-0.038370
	0.000000	1.000000	0.000000	0.000000	0.000000	-0.009274	1.082813	-0.002588	0.004312	-0.071856
	0.000000	1.000000	0.000000	0.000000	0.000000	-0.156868	0.732806	0.378016	-0.092439	0.172336
	0.000000	0.000000	1.000000	0.000000	0.000000	-0.081419	-0.011924	0.959511	0.008257	0.127246
	0.000000	0.000000	1.000000	0.000000	0.000000	0.020212	-0.035830	0.932304	0.095915	-0.008909
	0.000000	0.000000	1.000000	0.000000	0.000000	0.063448	0.074188	1.051067	-0.138002	-0.042578
	0.000000	0.000000	1.000000	0.000000	0.000000	0.064579	0.066108	0.877664	0.001988	-0.036479
	0.000000	0.000000	1.000000	0.000000	0.000000	-0.087507	0.083069	0.916254	0.050472	-0.013332
	0.000000	0.000000	1.000000	0.000000	0.000000	0.065560	0.055930	0.920185	0.022035	-0.069189
	0.000000	0.000000	1.000000	0.000000	0.000000	-0.021851	0.003177	0.554024	0.511604	-0.030436
	0.000000	0.000000	1.000000	0.000000	0.000000	-0.015677	0.081131	0.986971	-0.010769	-0.078163
	0.000000	0.000000	1.000000	0.000000	0.000000	0.009610	-0.024470	1.014864	-0.020622	0.013637
	0.000000	0.000000	1.000000	0.000000	0.000000	0.048507	-0.007323	0.832333	0.165787	-0.033801
	0.000000	0.000000	1.000000	0.000000	0.000000	0.276896	0.123416	0.832897	-0.067934	-0.096313
	0.000000	0.000000	1.000000	0.000000	0.000000	0.062290	-0.045131	0.807004	0.206460	-0.019325
	0.000000	0.000000	1.000000	0.000000	0.000000	0.046736	0.017762	1.051469	-0.102355	-0.013669
	0.000000	0.000000	1.000000	0.000000	0.000000	-0.257778	0.191508	0.122066	0.871952	0.213886
	0.000000	0.000000	1.000000	0.000000	0.000000	-0.012543	-0.014214	1.011394	-0.017156	0.026281
	0.000000	0.000000	1.000000	0.000000	0.000000	0.071418	0.083642	1.049181	-0.151125	-0.031013
	0.000000	0.000000	0.000000	1.000000	0.000000	0.220077	0.057896	0.198569	0.750593	-0.146660
	0.000000	0.000000	0.000000	1.000000	0.000000	0.038862	-0.026727	-0.015033	0.598780	0.292292
	0.000000	0.000000	0.000000	1.000000	0.000000	-0.202769	0.166064	-0.069858	0.960175	0.232670
	0.000000	0.000000	0.000000	1.000000	0.000000	-0.135209	0.083058	-0.050863	1.057433	-0.001449
	0.000000	0.000000	0.000000	1.000000	0.000000	0.084763	-0.031849	0.047285	0.881055	-0.026072
	0.000000	0.000000	0.000000	1.000000	0.000000	-0.104394	0.039554	-0.066409	0.933761	0.171388
	0.000000	0.000000	0.000000	1.000000	0.000000	0.117736	0.029423	-0.021786	0.789034	0.011285
	0.000000	0.000000	0.000000	1.000000	0.000000	0.144562	0.020520	0.087121	0.917933	-0.122248
	0.000000	0.000000	0.000000	1.000000	0.000000	-0.122883	0.005822	0.075857	1.017089	0.007122
	0.000000	0.000000	0.000000	1.000000	0.000000	-0.131045	0.056226	-0.059866	1.042253	0.051320
	0.000000	0.000000	0.000000	1.000000	0.000000	0.179479	0.006119	0.218406	0.841908	-0.138655
	0.000000	0.000000	0.000000	1.000000	0.000000	0.020556	-0.010543	0.088609	1.000959	-0.082212
	0.000000	0.000000	0.000000	1.000000	0.000000	-0.189454	0.016703	0.019815	1.100387	0.040151
	0.000000	0.000000	0.000000	1.000000	0.000000	0.077003	-0.061412	0.509733	0.659744	-0.079937
	0.000000	0.000000	0.000000	1.000000	0.000000	0.073730	0.034539	0.277619	0.729434	-0.088683
	0.000000	0.000000	0.000000	0.000000	1.000000	0.045880	-0.012220	0.014713	-0.019501	0.996248
	0.000000	0.000000	0.000000	0.000000	1.000000	-0.026428	0.004640	0.003302	0.071746	0.977042
	0.000000	0.000000	0.000000	0.000000	1.000000	-0.009056	-0.008207	-0.002522	-0.014598	1.035319
	0.000000	0.000000	0.000000	0.000000	1.000000	0.054042	0.016786	0.011091	-0.078803	1.005825
	0.000000	0.000000	0.000000	0.000000	1.000000	0.059102	0.063938	0.001531	-0.035846	0.904873
	0.000000	0.000000	0.000000	0.000000	1.000000	0.042014	-0.049797	0.012417	-0.043524	1.056463
	0.000000	0.000000	0.000000	0.000000	1.000000	-0.003922	-0.008128	-0.016731	0.105776	0.921693
	0.000000	0.000000	0.000000	0.000000	1.000000	0.021953	0.004742	0.001786	-0.039278	1.016724
	0.000000	0.000000	0.000000	0.000000	1.000000	0.195011	0.005192	0.049639	-0.103289	0.917818
	0.000000	0.000000	0.000000	0.000000	1.000000	0.457902	-0.055500	-0.033526	0.097512	0.471552
	0.000000	0.000000	0.000000	0.000000	1.000000	0.003475	0.022217	-0.016146	-0.020723	1.001475
	0.000000	0.000000	0.000000	0.000000	1.000000	0.013698	-0.015845	0.030398	-0.054714	1.047441
	0.000000	0.000000	0.000000	0.000000	1.000000	0.011375	0.021080	-0.004928	-0.047632	1.014163
	0.000000	0.000000	0.000000	0.000000	1.000000	-0.024829	-0.064427	-0.006282	0.022746	1.082481
	0.000000	0.000000	0.000000	0.000000	1.000000	0.023925	0.035176	-0.008860	-0.048004	0.988781
	0.000000	0.000000	0.000000	0.000000	1.000000	0.002285	-0.073447	-0.030699	0.121641	0.982107
	0.000000	0.000000	0.000000	0.000000	1.000000	0.019836	-0.012900	0.011738	-0.005668	1.003236
	0.000000	0.000000	0.000000	0.000000	1.000000	-0.045990	0.092996	-0.015913	0.070721	0.910229
	0.000000	0.000000	0.000000	0.000000	1.000000	0.028821	0.034200	0.009301	-0.082740	1.013389
	0.000000	0.000000	0.000000	0.000000	1.000000	-0.011633	-0.003836	-0.018143	0.111970	0.919478
	0.000000	0.000000	0.000000	0.000000	1.000000	0.040044	-0.015431	-0.002219	-0.038659	1.020178
	0.000000	0.000000	0.000000	0.000000	1.000000	0.007646	-0.006683	-0.002062	-0.050763	1.047359
	0.000000	0.000000	0.000000	0.000000	1.000000	0.106991	0.008280	0.035979	-0.118091	1.011246
	0.000000	0.000000	0.000000	0.000000	1.000000	0.047051	-0.024943	0.006070	-0.000636	0.990749
	0.000000	0.000000	0.000000	0.000000	1.000000	0.027085	0.022764	0.003016	-0.069104	1.017267
	0.000000	0.000000	0.000000	0.000000	1.000000	0.046260	-0.013460	0.024176	-0.093145	1.046533
	0.000000	0.000000	0.000000	0.000000	1.000000	0.019005	-0.037172	0.014634	-0.051017	1.065753
	0.000000	0.000000	0.000000	0.000000	1.000000	0.135946	-0.026698	-0.019052	0.107018	0.783008
	0.000000	0.000000	0.000000	0.000000	1.000000	0.021485	-0.057801	0.008877	-0.034853	1.072785
	0.000000	0.000000	0.000000	0.000000	1.000000	-0.013289	-0.030969	-0.003313	-0.004341	1.056895
	0.000000	0.000000	0.000000	0.000000	1.000000	-0.037557	-0.061990	-0.013965	0.067082	1.063097
	0.000000	0.000000	0.000000	0.000000	1.000000	0.014745	0.005907	-0.014827	-0.014430	1.002215
	0.000000	0.000000	0.000000	0.000000	1.000000	0.007414	-0.027900	-0.000351	-0.037306	1.061501
	0.000000	0.000000	0.000000	0.000000	1.000000	-0.012086	-0.009717	-0.011741	-0.017660	1.044923
	0.000000	0.000000	0.000000	0.000000	1.000000	0.057479	-0.037012	0.008934	-0.004278	0.995612
	0.000000	0.000000	0.000000	0.000000	1.000000	0.029877	0.147035	-0.022325	-0.036217	0.858137
	0.000000	0.000000	0.000000	0.000000	1.000000	0.046791	0.051206	0.007491	-0.091399	0.991416
	0.000000	0.000000	0.000000	0.000000	1.000000	0.036308	0.163228	-0.017454	-0.053275	0.855644
	0.000000	0.000000	0.000000	0.000000	1.000000	0.022890	0.106051	-0.015175	-0.051128	0.926322
	0.000000	0.000000	0.000000	0.000000	1.000000	0.021390	0.045714	0.009081	-0.041831	0.967686
	0.000000	0.000000	0.000000	0.000000	1.000000	0.053645	0.114600	-0.039178	-0.071695	0.914154
	0.000000	0.000000	0.000000	0.000000	1.000000	0.007677	0.055894	-0.010148	-0.008167	0.950958
	0.000000	0.000000	0.000000	0.000000	1.000000	-0.000745	-0.059296	-0.009011	0.026287	1.050326
	0.000000	0.000000	0.000000	0.000000	1.000000	0.078177	0.016813	0.018328	-0.075437	0.981413
	0.000000	0.000000	0.000000	0.000000	1.000000	-0.035353	-0.018686	-0.003269	0.020647	1.049622
	0.000000	0.000000	0.000000	0.000000	1.000000	0.022807	0.018254	0.009306	-0.080272	1.031733
	0.000000	0.000000	0.000000	0.000000	1.000000	0.005699	-0.031949	-0.002343	-0.012670	1.047357
	0.000000	0.000000	0.000000	0.000000	1.000000	0.007275	0.027441	-0.000618	-0.018825	0.984001
	0.000000	0.000000	0.000000	0.000000	1.000000	0.069794	0.109897	-0.009394	-0.105319	0.932249
	0.000000	0.000000	0.000000	0.000000	1.000000	-0.008542	-0.032275	0.001320	0.006115	1.040342
	0.000000	0.000000	0.000000	0.000000	1.000000	0.077238	-0.018451	0.022908	-0.088803	1.035464
	0.000000	0.000000	0.000000	0.000000	1.000000	-0.004806	0.020332	-0.006645	-0.034660	1.021051
	0.000000	0.000000	0.000000	0.000000	1.000000	0.031852	0.027014	-0.009864	-0.040704	0.971866
	0.000000	0.000000	0.000000	0.000000	1.000000	0.005558	0.002759	-0.005950	-0.036392	1.027910
	0.000000	0.000000	0.000000	0.000000	1.000000	-0.054436	-0.006678	0.044809	0.042944	0.995397
	0.000000	0.000000	0.000000	0.000000	1.000000	0.011635	0.002684	-0.002486	-0.006085	0.993834
	0.000000	0.000000	0.000000	0.000000	1.000000	0.048901	0.040400	0.007670	-0.076195	0.987274
	0.000000	0.000000	0.000000	0.000000	1.000000	0.008564	-0.043268	0.003323	-0.001590	1.039032
	0.000000	0.000000	0.000000	0.000000	1.000000	0.157128	-0.012912	0.056745	-0.151367	1.031315
	0.000000	0.000000	0.000000	0.000000	1.000000	0.066553	-0.023503	0.023819	-0.092673	1.050273
	0.000000	0.000000	0.000000	0.000000	1.000000	0.043331	-0.021129	0.016608	-0.056064	1.034877
