	1.000000	0.000000	0.000000	0.000000	0.000000	0.986543	-0.000761	0.022084	-0.086536	0.092374
	1.000000	0.000000	0.000000	0.000000	0.000000	0.942431	-0.029459	-0.030155	0.014316	0.088300
	1.000000	0.000000	0.000000	0.000000	0.000000	1.067390	-0.032848	-0.008091	-0.047268	-0.065353
	1.000000	0.000000	0.000000	0.000000	0.000000	1.073420	-0.011791	-0.037912	-0.002177	-0.063402
	1.000000	0.000000	0.000000	0.000000	0.000000	0.879013	-0.026557	-0.036946	0.064700	0.106760
	1.000000	0.000000	0.000000	0.000000	0.000000	0.923866	0.002747	-0.008940	-0.036403	0.128089
	1.000000	0.000000	0.000000	0.000000	0.000000	0.834467	-0.016739	-0.030113	0.079973	0.124116
	1.000000	0.000000	0.000000	0.000000	0.000000	1.016927	-0.002406	-0.033162	0.042049	-0.062481
	1.000000	0.000000	0.000000	0.000000	0.000000	0.921566	-0.003062	0.002083	-0.081440	0.200590
	1.000000	0.000000	0.000000	0.000000	0.000000	1.000348	-0.009802	-0.032996	0.117366	-0.118838
	1.000000	0.000000	0.000000	0.000000	0.000000	0.899035	0.005831	-0.005751	-0.061111	0.173386
	1.000000	0.000000	0.000000	0.000000	0.000000	0.972027	-0.016811	0.001170	-0.066296	0.052492
	1.000000	0.000000	0.000000	0.000000	0.000000	0.914450	-0.021950	-0.051206	0.123218	-0.005163
	1.000000	0.000000	0.000000	0.000000	0.000000	0.479065	0.162882	0.064549	-0.034406	0.366037
	0.000000	1.000000	0.000000	0.000000	0.000000	0.009823	1.027606	0.013058	-0.039149	-0.012465
	0.000000	1.000000	0.000000	0.000000	0.000000	-0.017437	1.025445	-0.012290	0.027698	-0.020187
	0.000000	1.000000	0.000000	0.000000	0.000000	-0.020845	1.045067	0.014246	-0.032304	-0.003359
	0.000000	1.000000	0.000000	0.000000	0.000000	-0.027602	1.026174	-0.024422	0.047632	-0.012696
	0.000000	1.000000	0.000000	0.000000	0.000000	0.011713	1.041497	0.009050	-0.043135	-0.007688
	0.000000	1.000000	0.000000	0.000000	0.000000	-0.008176	0.990785	-0.022585	0.037179	-0.008096
	0.000000	1.000000	0.000000	0.000000	0.000000	0.003779	0.931989	-0.030195	0.008911	0.069875
	0.000000	1.000000	0.000000	0.000000	0.000000	-0.023523	0.936438	-0.031990	0.098529	0.014181
	0.000000	1.000000	0.000000	0.000000	0.000000	-0.027668	1.044897	-0.000102	0.037076	-0.045905
	0.000000	1.000000	0.000000	0.000000	0.000000	-0.001350	1.024010	-0.013353	0.032801	-0.054277
	0.000000	1.000000	0.000000	0.000000	0.000000	0.012238	1.009126	0.003318	-0.030363	0.009929
	0.000000	1.000000	0.000000	0.000000	0.000000	0.000887	1.053287	-0.013276	0.013577	-0.057281
	0.000000	1.000000	0.000000	0.000000	0.000000	-0.013305	1.026668	0.022011	-0.034019	0.006878
	0.000000	1.000000	0.000000	0.000000	0.000000	-0.016719	1.027892	-0.006994	0.010118	-0.004545
	0.000000	1.000000	0.000000	0.000000	0.000000	0.007431	0.998966	-0.017903	-0.016138	0.023272
	0.000000	1.000000	0.000000	0.000000	0.000000	-0.009886	1.047538	0.008695	-0.012758	-0.025710
	0.000000	1.000000	0.000000	0.000000	0.000000	0.057281	0.841754	-0.026012	-0.058429	0.156112
	0.000000	1.000000	0.000000	0.000000	0.000000	0.026982	0.950529	-0.034208	-0.021611	0.055553
	0.000000	1.000000	0.000000	0.000000	0.000000	-0.030900	0.981890	0.051877	0.016072	-0.023585
	0.000000	1.000000	0.000000	0.000000	0.000000	0.019980	0.997066	-0.031099	-0.017144	0.014990
	0.000000	1.000000	0.000000	0.000000	0.000000	-0.008099	1.056909	0.048302	-0.052010	-0.032551
	0.000000	1.000000	0.000000	0.000000	0.000000	-0.041250	0.823779	-0.048726	0.103147	0.167794
	0.000000	1.000000	0.000000	0.000000	0.000000	-0.023309	0.850023	-0.030569	0.041733	0.163913
	0.000000	1.000000	0.000000	0.000000	0.000000	0.046018	0.920484	0.107983	-0.114976	0.067374
	0.000000	1.000000	0.000000	0.000000	0.000000	0.007973	1.063853	0.000494	-0.034082	-0.031643
	0.000000	1.000000	0.000000	0.000000	0.000000	0.059282	1.060853	0.002946	-0.095174	-0.021498
	0.000000	1.000000	0.000000	0.000000	0.000000	0.029183	1.031942	0.054868	-0.077670	-0.019150
	0.000000	1.000000	0.000000	0.000000	0.000000	-0.066336	0.972312	0.004798	0.087545	-0.004176
	0.000000	1.000000	0.000000	0.000000	0.000000	0.031213	0.886854	0.018537	0.002616	0.049863
	0.000000	1.000000	0.000000	0.000000	0.000000	0.015533	0.915160	0.010306	0.008894	0.023564
	0.000000	1.000000	0.000000	0.000000	0.000000	0.030808	0.981264	0.045439	0.004406	-0.063269
	0.000000	1.000000	0.000000	0.000000	0.000000	0.046361	0.990360	-0.026870	-0.063941	0.039308
	0.000000	1.000000	0.000000	0.000000	0.000000	-0.021218	1.080198	0.003328	0.002618	-0.050064
	0.000000	1.000000	0.000000	0.000000	0.000000	-0.029976	1.010594	0.032796	0.005023	-0.032112
	0.000000	1.000000	0.000000	0.000000	0.000000	0.072037	0.574460	0.057970	0.190523	-0.015987
	0.000000	1.000000	0.000000	0.000000	0.000000	0.017625	0.994451	-0.022388	-0.029788	0.031113
	0.000000	1.000000	0.000000	0.000000	0.000000	-0.013297	1.002720	-0.021063	0.045877	-0.011296
	0.000000	1.000000	0.000000	0.000000	0.000000	-0.006533	1.045505	0.014816	-0.018677	-0.032984
	0.000000	1.000000	0.000000	0.000000	0.000000	-0.014213	1.074894	-0.003367	0.003992	-0.050663
	0.000000	0.000000	1.000000	0.000000	0.000000	0.021785	0.037317	1.023064	-0.065070	-0.021594
	0.000000	0.000000	1.000000	0.000000	0.000000	-0.037329	0.110874	0.986004	-0.061106	-0.058718
	0.000000	0.000000	1.000000	0.000000	0.000000	-0.015555	0.003986	1.035082	-0.044216	0.011144
	0.000000	0.000000	1.000000	0.000000	0.000000	-0.020308	0.020005	0.883938	0.101747	-0.005199
	0.000000	0.000000	1.000000	0.000000	0.000000	0.012686	0.012343	1.055369	-0.081484	0.003801
	0.000000	0.000000	1.000000	0.000000	0.000000	-0.067247	-0.001255	0.898749	0.135721	0.021712
	0.000000	0.000000	1.000000	0.000000	0.000000	0.008833	-0.012346	1.013601	-0.026517	0.019845
	0.000000	0.000000	1.000000	0.000000	0.000000	0.033419	0.009379	0.961330	0.005133	-0.004995
	0.000000	0.000000	1.000000	0.000000	0.000000	0.064991	0.038019	1.035173	-0.107159	-0.008985
	0.000000	0.000000	1.000000	0.000000	0.000000	-0.042287	-0.029166	0.956029	0.082901	0.037161
	0.000000	0.000000	1.000000	0.000000	0.000000	0.014119	0.033180	0.896377	0.048468	-0.012794
	0.000000	0.000000	1.000000	0.000000	0.000000	-0.033337	-0.028187	1.027149	-0.008507	0.042231
	0.000000	0.000000	1.000000	0.000000	0.000000	-0.020848	-0.015062	0.998058	-0.033208	0.075549
	0.000000	0.000000	0.000000	1.000000	0.000000	-0.107472	0.059014	-0.036228	1.041008	-0.017227
	0.000000	0.000000	0.000000	1.000000	0.000000	0.121295	0.082521	-0.000211	0.795556	-0.036635
	0.000000	0.000000	0.000000	1.000000	0.000000	0.135650	0.100524	-0.046341	0.665511	0.124049
	0.000000	0.000000	0.000000	1.000000	0.000000	-0.154239	0.158264	-0.075261	0.944589	0.178001
	0.000000	0.000000	0.000000	1.000000	0.000000	0.094637	-0.022698	0.027530	0.864113	-0.017966
	0.000000	0.000000	0.000000	1.000000	0.000000	0.001348	0.035605	-0.037956	0.765931	0.153264
	0.000000	0.000000	0.000000	1.000000	0.000000	0.007382	-0.031442	0.105164	0.965979	-0.053859
	0.000000	0.000000	0.000000	1.000000	0.000000	-0.096477	0.253679	-0.084110	0.862348	0.073888
	0.000000	0.000000	0.000000	1.000000	0.000000	-0.101025	-0.008522	-0.047781	0.991913	0.119770
	0.000000	0.000000	0.000000	1.000000	0.000000	-0.114700	0.000543	-0.074320	0.913528	0.267830
	0.000000	0.000000	0.000000	1.000000	0.000000	0.156198	-0.033898	0.161478	0.897164	-0.114268
	0.000000	0.000000	0.000000	1.000000	0.000000	-0.025408	-0.032847	0.082065	1.014825	-0.057777
	0.000000	0.000000	0.000000	1.000000	0.000000	-0.030842	0.044479	-0.021658	0.987895	-0.037205
	0.000000	0.000000	0.000000	1.000000	0.000000	0.158951	-0.055532	0.147572	0.978135	-0.125391
	0.000000	0.000000	0.000000	1.000000	0.000000	-0.104111	-0.031899	-0.014730	1.097193	-0.008682
	0.000000	0.000000	0.000000	1.000000	0.000000	0.002697	-0.025242	0.067214	1.029969	-0.081251
	0.000000	0.000000	0.000000	0.000000	1.000000	-0.009382	-0.013932	0.010719	0.009160	1.018668
	0.000000	0.000000	0.000000	0.000000	1.000000	0.039628	-0.037351	0.004242	0.039829	0.974181
	0.000000	0.000000	0.000000	0.000000	1.000000	0.037661	0.043401	0.035963	-0.021410	0.932559
	0.000000	0.000000	0.000000	0.000000	1.000000	0.009796	-0.066885	-0.018758	0.095681	0.970781
	0.000000	0.000000	0.000000	0.000000	1.000000	0.081718	0.004118	0.010185	-0.042528	0.956052
	0.000000	0.000000	0.000000	0.000000	1.000000	0.037753	0.089112	-0.000086	-0.082893	0.949317
	0.000000	0.000000	0.000000	0.000000	1.000000	-0.001771	0.036158	-0.010513	-0.044454	1.004998
	0.000000	0.000000	0.000000	0.000000	1.000000	0.038480	-0.032563	0.009757	-0.014521	1.010592
	0.000000	0.000000	0.000000	0.000000	1.000000	-0.041519	-0.053198	-0.003268	0.012014	1.083212
	0.000000	0.000000	0.000000	0.000000	1.000000	0.006741	0.062732	-0.020922	-0.033213	0.958452
	0.000000	0.000000	0.000000	0.000000	1.000000	-0.030572	-0.013281	-0.009164	0.035815	1.011608
	0.000000	0.000000	0.000000	0.000000	1.000000	-0.020851	-0.032368	0.001018	-0.008188	1.057523
	0.000000	0.000000	0.000000	0.000000	1.000000	-0.003628	0.034401	-0.012913	-0.042464	1.005881
	0.000000	0.000000	0.000000	0.000000	1.000000	-0.022631	-0.027550	0.001789	-0.013361	1.058651
	0.000000	0.000000	0.000000	0.000000	1.000000	-0.012556	-0.025827	0.000987	-0.013640	1.048267
	0.000000	0.000000	0.000000	0.000000	1.000000	-0.019457	-0.013496	-0.005727	0.022334	1.012247
	0.000000	0.000000	0.000000	0.000000	1.000000	-0.012275	0.085028	-0.018224	-0.006476	0.936136
	0.000000	0.000000	0.000000	0.000000	1.000000	0.069388	-0.034744	-0.000968	0.061051	0.914316
	0.000000	0.000000	0.000000	0.000000	1.000000	-0.000063	-0.030685	-0.001826	0.082740	0.960999
	0.000000	0.000000	0.000000	0.000000	1.000000	0.008961	0.042838	0.003558	0.005745	0.938283
	0.000000	0.000000	0.000000	0.000000	1.000000	-0.027115	-0.005507	0.003684	-0.021685	1.047774
	0.000000	0.000000	0.000000	0.000000	1.000000	-0.024707	-0.051085	0.009895	-0.009364	1.080596
	0.000000	0.000000	0.000000	0.000000	1.000000	-0.030801	-0.014488	-0.003863	-0.013811	1.054130
	0.000000	0.000000	0.000000	0.000000	1.000000	0.042826	-0.031046	0.015551	-0.020275	1.018448
	0.000000	0.000000	0.000000	0.000000	1.000000	-0.013599	-0.018739	0.008722	-0.025416	1.049257
	0.000000	0.000000	0.000000	0.000000	1.000000	-0.035313	-0.035153	0.004544	-0.003280	1.067621
	0.000000	0.000000	0.000000	0.000000	1.000000	0.024828	0.003618	0.010996	-0.055462	1.023177
	0.000000	0.000000	0.000000	0.000000	1.000000	0.004109	0.080370	-0.009427	-0.031239	0.941392
	0.000000	0.000000	0.000000	0.000000	1.000000	-0.010206	-0.030569	0.009323	0.004541	1.035536
	0.000000	0.000000	0.000000	0.000000	1.000000	-0.036270	-0.050505	0.006244	0.004089	1.069549
	0.000000	0.000000	0.000000	0.000000	1.000000	-0.008805	-0.015902	0.013566	-0.016765	1.037061
	0.000000	0.000000	0.000000	0.000000	1.000000	-0.030228	-0.068084	0.001471	0.011096	1.089173
	0.000000	0.000000	0.000000	0.000000	1.000000	-0.030054	-0.022085	-0.014322	0.003744	1.050588
	0.000000	0.000000	0.000000	0.000000	1.000000	-0.009985	0.018539	-0.010793	-0.018647	1.008969
	0.000000	0.000000	0.000000	0.000000	1.000000	0.201688	-0.021355	0.002180	0.051788	0.776548
	0.000000	0.000000	0.000000	0.000000	1.000000	0.011174	0.034534	0.025211	-0.058947	1.003244
	0.000000	0.000000	0.000000	0.000000	1.000000	-0.013594	-0.046461	0.009698	-0.008217	1.064430
	0.000000	0.000000	0.000000	0.000000	1.000000	-0.039880	-0.042460	-0.009753	0.009236	1.073828
	0.000000	0.000000	0.000000	0.000000	1.000000	0.004848	0.030910	-0.023124	-0.044534	1.005700
	0.000000	0.000000	0.000000	0.000000	1.000000	-0.001798	-0.055478	0.005400	-0.004663	1.065262
	0.000000	0.000000	0.000000	0.000000	1.000000	0.020331	0.118264	-0.001830	-0.050398	0.904029
	0.000000	0.000000	0.000000	0.000000	1.000000	0.006580	0.043171	0.004533	0.001473	0.939226
	0.000000	0.000000	0.000000	0.000000	1.000000	-0.045737	-0.049889	-0.001618	0.023346	1.075456
	0.000000	0.000000	0.000000	0.000000	1.000000	-0.011454	0.001740	-0.005521	-0.023069	1.029827
	0.000000	0.000000	0.000000	0.000000	1.000000	-0.034716	-0.008622	-0.007434	0.000911	1.042761
	0.000000	0.000000	0.000000	0.000000	1.000000	-0.000881	0.002684	0.015005	0.008896	0.988986
	0.000000	0.000000	0.000000	0.000000	1.000000	-0.002925	0.052170	0.008268	-0.046361	0.989232
	0.000000	0.000000	0.000000	0.000000	1.000000	0.023253	-0.012000	0.005089	-0.024033	1.004805
	0.000000	0.000000	0.000000	0.000000	1.000000	-0.043738	0.106595	0.007812	0.046476	0.903367
	0.000000	0.000000	0.000000	0.000000	1.000000	0.015995	0.046204	-0.003721	-0.033556	0.959371
	0.000000	0.000000	0.000000	0.000000	1.000000	0.001742	0.030826	-0.008946	-0.005929	0.964817
	0.000000	0.000000	0.000000	0.000000	1.000000	0.252799	-0.006790	-0.001764	0.162794	0.596168
	0.000000	0.000000	0.000000	0.000000	1.000000	-0.054261	0.054935	0.050690	0.028099	0.944761
	0.000000	0.000000	0.000000	0.000000	1.000000	0.111311	0.019376	0.057495	-0.096327	0.932382
	0.000000	0.000000	0.000000	0.000000	1.000000	-0.030730	0.143521	0.029315	-0.029458	0.913275
	0.000000	0.000000	0.000000	0.000000	1.000000	-0.005497	0.007661	0.050018	-0.001101	0.947013
	0.000000	0.000000	0.000000	0.000000	1.000000	-0.050820	0.022045	0.006974	0.077586	0.968984
	0.000000	0.000000	0.000000	0.000000	1.000000	-0.028771	-0.014731	-0.005369	-0.016535	1.055189
	0.000000	0.000000	0.000000	0.000000	1.000000	0.020290	-0.028786	0.043468	-0.068611	1.039183
	0.000000	0.000000	0.000000	0.000000	1.000000	0.029768	0.005510	0.014085	-0.078437	1.035533
	0.000000	0.000000	0.000000	0.000000	1.000000	0.146831	0.026325	0.031249	-0.069297	0.904157
	0.000000	0.000000	0.000000	0.000000	1.000000	-0.019379	0.007653	-0.002442	-0.006853	1.017645
	0.000000	0.000000	0.000000	0.000000	1.000000	0.056317	-0.019942	0.030565	-0.092803	1.055053
	0.000000	0.000000	0.000000	0.000000	1.000000	0.065761	-0.029934	0.028376	-0.086117	1.053975
	0.000000	0.000000	0.000000	0.000000	1.000000	-0.001204	0.081931	0.046915	0.081561	0.759606
	1.000000	0.000000	0.000000	0.000000	0.000000	0.558035	-0.050560	-0.059988	0.233855	0.260248
	1.000000	0.000000	0.000000	0.000000	0.000000	0.476944	-0.027843	-0.021432	0.029594	0.452017
	1.000000	0.000000	0.000000	0.000000	0.000000	0.692391	-0.031262	-0.044118	0.153349	0.199658
	1.000000	0.000000	0.000000	0.000000	0.000000	0.924628	0.008553	0.027612	-0.123715	0.278176
	1.000000	0.000000	0.000000	0.000000	0.000000	0.790531	-0.046489	-0.053770	0.155864	0.088988
	1.000000	0.000000	0.000000	0.000000	0.000000	0.872458	-0.021908	-0.022006	0.012950	0.165853
	1.000000	0.000000	0.000000	0.000000	0.000000	0.850946	-0.036808	-0.030544	0.049096	0.148899
	1.000000	0.000000	0.000000	0.000000	0.000000	0.816095	0.015972	-0.031656	0.208754	-0.006512
	1.000000	0.000000	0.000000	0.000000	0.000000	0.889112	-0.014841	-0.048899	0.140352	0.008269
	1.000000	0.000000	0.000000	0.000000	0.000000	0.293830	-0.038603	-0.011726	0.053522	0.722102
	1.000000	0.000000	0.000000	0.000000	0.000000	0.266511	0.421248	0.007598	0.310514	-0.024278
	1.000000	0.000000	0.000000	0.000000	0.000000	0.630848	-0.030756	-0.003057	-0.026029	0.482251
	1.000000	0.000000	0.000000	0.000000	0.000000	0.343779	-0.014269	0.021986	-0.087045	0.776159
	1.000000	0.000000	0.000000	0.000000	0.000000	0.399978	0.009792	0.047603	-0.043025	0.668983
	1.000000	0.000000	0.000000	0.000000	0.000000	0.679680	-0.022435	-0.020198	0.067007	0.188863
	1.000000	0.000000	0.000000	0.000000	0.000000	0.484064	-0.036413	0.018274	0.248793	0.120128
	0.000000	1.000000	0.000000	0.000000	0.000000	-0.001336	1.037344	0.018170	0.015945	-0.077182
	0.000000	1.000000	0.000000	0.000000	0.000000	0.005897	0.939762	-0.060936	0.044978	0.040864
	0.000000	1.000000	0.000000	0.000000	0.000000	0.031866	0.896771	0.131403	0.032909	-0.152261
	0.000000	1.000000	0.000000	0.000000	0.000000	0.014532	0.970402	0.022944	0.058767	-0.111980
	0.000000	1.000000	0.000000	0.000000	0.000000	-0.010943	0.988076	-0.046598	0.055631	0.001616
	0.000000	1.000000	0.000000	0.000000	0.000000	0.107389	0.728867	0.069893	-0.077357	0.203784
	0.000000	1.000000	0.000000	0.000000	0.000000	0.053967	0.682817	-0.040306	0.013029	0.221257
	0.000000	1.000000	0.000000	0.000000	0.000000	-0.059452	0.696012	-0.085212	0.170692	0.274993
	0.000000	1.000000	0.000000	0.000000	0.000000	0.001195	1.027442	-0.015843	-0.002867	-0.011001
	0.000000	1.000000	0.000000	0.000000	0.000000	-0.004683	1.043418	-0.011351	-0.000724	-0.024337
	0.000000	1.000000	0.000000	0.000000	0.000000	0.020508	1.045949	0.039486	-0.059562	-0.029782
	0.000000	1.000000	0.000000	0.000000	0.000000	0.057663	0.944566	-0.041477	-0.060670	0.071726
	0.000000	1.000000	0.000000	0.000000	0.000000	-0.000431	1.007655	-0.033568	0.016167	0.000794
	0.000000	1.000000	0.000000	0.000000	0.000000	0.007149	0.987598	-0.033401	0.004334	0.021587
	0.000000	1.000000	0.000000	0.000000	0.000000	-0.137303	0.929023	-0.054609	0.342119	-0.009518
	0.000000	1.000000	0.000000	0.000000	0.000000	-0.117753	0.842673	0.375096	-0.186831	0.250057
	0.000000	1.000000	0.000000	0.000000	0.000000	-0.000788	1.031666	-0.011384	-0.003982	-0.014348
	0.000000	1.000000	0.000000	0.000000	0.000000	-0.014231	1.039424	0.021647	-0.052054	0.006563
	0.000000	1.000000	0.000000	0.000000	0.000000	-0.026164	1.070024	0.011263	0.005796	-0.053736
	0.000000	1.000000	0.000000	0.000000	0.000000	0.214599	0.954405	0.013268	-0.094826	-0.044498
	0.000000	1.000000	0.000000	0.000000	0.000000	-0.002146	1.038751	-0.015396	0.008302	-0.032265
	0.000000	1.000000	0.000000	0.000000	0.000000	0.042228	0.948258	-0.023789	-0.052456	0.069810
	0.000000	1.000000	0.000000	0.000000	0.000000	-0.016813	1.032378	0.017758	-0.050308	0.013822
	0.000000	1.000000	0.000000	0.000000	0.000000	-0.014647	1.014274	-0.004253	0.002056	0.013985
	0.000000	1.000000	0.000000	0.000000	0.000000	-0.013467	1.060886	-0.000549	0.011360	-0.047764
	0.000000	1.000000	0.000000	0.000000	0.000000	-0.052432	0.863276	-0.043343	0.107258	0.144074
	0.000000	1.000000	0.000000	0.000000	0.000000	0.046355	0.998687	0.001653	-0.100480	0.048060
	0.000000	1.000000	0.000000	0.000000	0.000000	-0.002100	0.955000	-0.015043	0.014981	0.049549
	0.000000	1.000000	0.000000	0.000000	0.000000	-0.006674	1.046368	-0.011137	-0.002115	-0.021685
	0.000000	1.000000	0.000000	0.000000	0.000000	0.003670	0.924525	-0.008695	-0.004083	0.077581
	0.000000	1.000000	0.000000	0.000000	0.000000	-0.063785	0.897255	-0.050232	0.219043	0.004336
	0.000000	1.000000	0.000000	0.000000	0.000000	-0.046209	0.862553	-0.012288	0.149282	0.031329
	0.000000	1.000000	0.000000	0.000000	0.000000	-0.008052	1.040463	0.008152	-0.012285	-0.026552
	0.000000	1.000000	0.000000	0.000000	0.000000	-0.012340	1.077982	0.002951	-0.003138	-0.057238
	0.000000	1.000000	0.000000	0.000000	0.000000	-0.173975	0.716234	0.368614	-0.080565	0.216057
	0.000000	0.000000	1.000000	0.000000	0.000000	-0.092734	-0.025455	0.942316	0.046708	0.136287
	0.000000	0.000000	1.000000	0.000000	0.000000	-0.006127	-0.041970	0.934420	0.107739	0.013825
	0.000000	0.000000	1.000000	0.000000	0.000000	0.051125	0.075757	1.054574	-0.139618	-0.026634
	0.000000	0.000000	1.000000	0.000000	0.000000	0.071324	0.052265	0.882807	0.012204	-0.030949
	0.000000	0.000000	1.000000	0.000000	0.000000	-0.071788	0.061098	0.926643	0.044866	-0.012108
	0.000000	0.000000	1.000000	0.000000	0.000000	0.040893	0.031731	0.933964	0.030775	-0.041343
	0.000000	0.000000	1.000000	0.000000	0.000000	-0.068304	-0.013098	0.542078	0.533128	0.008817
	0.000000	0.000000	1.000000	0.000000	0.000000	-0.019423	0.067028	1.000828	-0.030008	-0.059492
	0.000000	0.000000	1.000000	0.000000	0.000000	-0.001478	-0.022637	1.014110	-0.016912	0.026279
	0.000000	0.000000	1.000000	0.000000	0.000000	0.034373	-0.011734	0.840874	0.159482	-0.016747
	0.000000	0.000000	1.000000	0.000000	0.000000	0.232659	0.099509	0.835825	-0.035095	-0.070476
	0.000000	0.000000	1.000000	0.000000	0.000000	0.036504	-0.044734	0.799655	0.226453	-0.003511
	0.000000	0.000000	1.000000	0.000000	0.000000	0.031362	0.014853	1.053790	-0.097897	0.005356
	0.000000	0.000000	1.000000	0.000000	0.000000	-0.262351	0.124571	0.112271	0.914846	0.235180
	0.000000	0.000000	1.000000	0.000000	0.000000	-0.022526	-0.021056	1.010755	-0.008319	0.042357
	0.000000	0.000000	1.000000	0.000000	0.000000	0.054218	0.081486	1.052749	-0.148613	-0.012975
	0.000000	0.000000	0.000000	1.000000	0.000000	0.149854	0.027600	0.207562	0.775127	-0.115464
	0.000000	0.000000	0.000000	1.000000	0.000000	-0.001490	-0.051929	-0.020864	0.612823	0.366692
	0.000000	0.000000	0.000000	1.000000	0.000000	-0.207037	0.118769	-0.075435	0.994865	0.242935
	0.000000	0.000000	0.000000	1.000000	0.000000	-0.165229	0.013764	-0.051310	1.096993	0.048171
	0.000000	0.000000	0.000000	1.000000	0.000000	0.038998	-0.039580	0.028213	0.899693	0.005453
	0.000000	0.000000	0.000000	1.000000	0.000000	-0.140435	-0.001275	-0.073933	0.959794	0.248357
	0.000000	0.000000	0.000000	1.000000	0.000000	0.110258	0.038882	-0.031698	0.794683	0.013112
	0.000000	0.000000	0.000000	1.000000	0.000000	0.114260	-0.010152	0.085898	0.937085	-0.103623
	0.000000	0.000000	0.000000	1.000000	0.000000	-0.146627	-0.022186	0.061113	1.041095	0.033934
	0.000000	0.000000	0.000000	1.000000	0.000000	-0.129582	0.015632	-0.067857	1.074139	0.045570
	0.000000	0.000000	0.000000	1.000000	0.000000	0.182797	-0.001326	0.219584	0.817108	-0.129933
	0.000000	0.000000	0.000000	1.000000	0.000000	-0.030676	-0.046127	0.079258	1.028936	-0.045241
	0.000000	0.000000	0.000000	1.000000	0.000000	-0.219997	-0.023447	-0.002027	1.130989	0.091883
	0.000000	0.000000	0.000000	1.000000	0.000000	0.038482	-0.075451	0.527154	0.644496	-0.049627
	0.000000	0.000000	0.000000	1.000000	0.000000	-0.029575	-0.006461	0.265502	0.795286	-0.023287
	0.000000	0.000000	0.000000	0.000000	1.000000	0.007988	-0.028584	0.015595	0.002623	1.025614
	0.000000	0.000000	0.000000	0.000000	1.000000	-0.041901	-0.007878	0.002336	0.080087	0.993152
	0.000000	0.000000	0.000000	0.000000	1.000000	-0.022909	-0.017545	0.000832	-0.009378	1.045869
	0.000000	0.000000	0.000000	0.000000	1.000000	0.011293	-0.004251	0.014679	-0.058294	1.039383
	0.000000	0.000000	0.000000	0.000000	1.000000	0.044809	0.053815	0.007105	-0.034025	0.926278
	0.000000	0.000000	0.000000	0.000000	1.000000	0.024166	-0.052480	0.016661	-0.038939	1.068389
	0.000000	0.000000	0.000000	0.000000	1.000000	-0.016693	-0.020958	-0.009148	0.103033	0.951410
	0.000000	0.000000	0.000000	0.000000	1.000000	-0.006467	-0.012655	0.005265	-0.022798	1.039466
	0.000000	0.000000	0.000000	0.000000	1.000000	0.153491	0.009681	0.047869	-0.096988	0.953566
	0.000000	0.000000	0.000000	0.000000	1.000000	0.408345	-0.033007	-0.025453	0.059462	0.534731
	0.000000	0.000000	0.000000	0.000000	1.000000	-0.022525	0.004810	-0.010572	-0.011076	1.026002
	0.000000	0.000000	0.000000	0.000000	1.000000	-0.016422	-0.030545	0.027262	-0.029781	1.066062
	0.000000	0.000000	0.000000	0.000000	1.000000	-0.007634	0.007643	-0.001125	-0.038145	1.028852
	0.000000	0.000000	0.000000	0.000000	1.000000	-0.041380	-0.072551	-0.000239	0.025227	1.095083
	0.000000	0.000000	0.000000	0.000000	1.000000	0.007627	0.017623	-0.001008	-0.040047	1.007755
	0.000000	0.000000	0.000000	0.000000	1.000000	-0.008771	-0.076127	-0.021424	0.102968	1.003271
	0.000000	0.000000	0.000000	0.000000	1.000000	-0.009496	-0.027103	0.013102	0.012253	1.027319
	0.000000	0.000000	0.000000	0.000000	1.000000	-0.061672	0.088083	-0.016584	0.080145	0.920665
	0.000000	0.000000	0.000000	0.000000	1.000000	-0.002555	0.020356	0.006086	-0.061758	1.031827
	0.000000	0.000000	0.000000	0.000000	1.000000	-0.028704	-0.024678	-0.009736	0.117899	0.952110
	0.000000	0.000000	0.000000	0.000000	1.000000	0.008490	-0.030784	0.004736	-0.026224	1.047006
	0.000000	0.000000	0.000000	0.000000	1.000000	-0.021675	-0.024259	0.001399	-0.032874	1.068174
	0.000000	0.000000	0.000000	0.000000	1.000000	0.082446	0.017275	0.029711	-0.113313	1.020853
	0.000000	0.000000	0.000000	0.000000	1.000000	0.018455	-0.035847	0.008965	0.012163	1.014094
	0.000000	0.000000	0.000000	0.000000	1.000000	-0.005985	0.005984	0.001976	-0.047132	1.038045
	0.000000	0.000000	0.000000	0.000000	1.000000	0.028567	-0.013835	0.025383	-0.087998	1.058410
	0.000000	0.000000	0.000000	0.000000	1.000000	0.010829	-0.035001	0.018511	-0.057779	1.073053
	0.000000	0.000000	0.000000	0.000000	1.000000	0.121582	-0.033939	-0.011256	0.102149	0.814893
	0.000000	0.000000	0.000000	0.000000	1.000000	-0.009812	-0.060152	0.010667	-0.026652	1.090760
	0.000000	0.000000	0.000000	0.000000	1.000000	-0.034913	-0.043528	0.001354	0.003448	1.073605
	0.000000	0.000000	0.000000	0.000000	1.000000	-0.053682	-0.072950	-0.007731	0.068991	1.078103
	0.000000	0.000000	0.000000	0.000000	1.000000	0.007164	-0.004644	-0.008044	-0.012310	1.011137
	0.000000	0.000000	0.000000	0.000000	1.000000	-0.023488	-0.043180	0.001885	-0.019097	1.081116
	0.000000	0.000000	0.000000	0.000000	1.000000	-0.029217	-0.020038	-0.008805	-0.010881	1.055809
	0.000000	0.000000	0.000000	0.000000	1.000000	0.030088	-0.044055	0.011241	0.005313	1.017097
	0.000000	0.000000	0.000000	0.000000	1.000000	0.018455	0.139499	-0.016655	-0.032351	0.868036
	0.000000	0.000000	0.000000	0.000000	1.000000	0.012875	0.031863	0.007365	-0.072632	1.017395
	0.000000	0.000000	0.000000	0.000000	1.000000	0.026106	0.162624	-0.015827	-0.051069	0.859084
	0.000000	0.000000	0.000000	0.000000	1.000000	0.018650	0.115212	-0.017447	-0.054866	0.918416
	0.000000	0.000000	0.000000	0.000000	1.000000	0.009582	0.031941	0.015243	-0.038599	0.985708
	0.000000	0.000000	0.000000	0.000000	1.000000	0.032490	0.106266	-0.036731	-0.066666	0.927910
	0.000000	0.000000	0.000000	0.000000	1.000000	-0.016232	0.032064	-0.006646	0.014087	0.973031
	0.000000	0.000000	0.000000	0.000000	1.000000	-0.011647	-0.063500	-0.003126	0.023722	1.059748
	0.000000	0.000000	0.000000	0.000000	1.000000	0.035473	0.004573	0.017252	-0.057986	1.013096
	0.000000	0.000000	0.000000	0.000000	1.000000	-0.060317	-0.030981	-0.004297	0.038297	1.064290
	0.000000	0.000000	0.000000	0.000000	1.000000	-0.008771	0.001005	0.008146	-0.059223	1.051849
	0.000000	0.000000	0.000000	0.000000	1.000000	-0.001416	-0.032820	-0.000905	-0.012908	1.050047
	0.000000	0.000000	0.000000	0.000000	1.000000	-0.008412	0.016141	0.002276	-0.009076	0.997470
	0.000000	0.000000	0.000000	0.000000	1.000000	0.033127	0.088287	-0.009474	-0.084395	0.958939
	0.000000	0.000000	0.000000	0.000000	1.000000	-0.025243	-0.038269	0.003236	0.011118	1.052346
	0.000000	0.000000	0.000000	0.000000	1.000000	0.046534	-0.021532	0.021111	-0.074585	1.050991
	0.000000	0.000000	0.000000	0.000000	1.000000	-0.019061	0.018497	-0.008091	-0.030408	1.024430
	0.000000	0.000000	0.000000	0.000000	1.000000	0.042292	0.008211	0.007692	-0.044462	0.982328
	0.000000	0.000000	0.000000	0.000000	1.000000	-0.010578	-0.013168	0.001457	-0.027870	1.043573
	0.000000	0.000000	0.000000	0.000000	1.000000	-0.078007	-0.012564	0.041907	0.045333	1.033722
	0.000000	0.000000	0.000000	0.000000	1.000000	0.006053	-0.001183	0.000673	-0.007685	1.000460
	0.000000	0.000000	0.000000	0.000000	1.000000	0.014970	0.022935	0.008373	-0.058516	1.013011
	0.000000	0.000000	0.000000	0.000000	1.000000	-0.001584	-0.049526	0.009765	-0.001188	1.050500
	0.000000	0.000000	0.000000	0.000000	1.000000	0.113787	-0.007556	0.049820	-0.136999	1.050120
	0.000000	0.000000	0.000000	0.000000	1.000000	0.038744	-0.026915	0.022488	-0.078439	1.064016
	0.000000	0.000000	0.000000	0.000000	1.000000	0.001695	-0.033767	0.016090	-0.033969	1.060659
