	1.000000	0.000000	0.000000	0.000000	0.000000	0.932610	-0.029984	0.012744	-0.061055	0.126692
	1.000000	0.000000	0.000000	0.000000	0.000000	0.884173	-0.057028	-0.042839	0.060379	0.120806
	1.000000	0.000000	0.000000	0.000000	0.000000	1.043898	-0.067925	-0.019443	-0.024881	-0.049470
	1.000000	0.000000	0.000000	0.000000	0.000000	1.027693	-0.045613	-0.048363	0.038304	-0.034703
	1.000000	0.000000	0.000000	0.000000	0.000000	0.820099	-0.048916	-0.046338	0.106841	0.140092
	1.000000	0.000000	0.000000	0.000000	0.000000	0.872689	-0.030479	-0.017753	-0.000727	0.157706
	1.000000	0.000000	0.000000	0.000000	0.000000	0.776578	-0.038991	-0.041463	0.133469	0.141382
	1.000000	0.000000	0.000000	0.000000	0.000000	0.975044	-0.037388	-0.043844	0.087573	-0.045858
	1.000000	0.000000	0.000000	0.000000	0.000000	0.864431	-0.036629	-0.007426	-0.054860	0.245710
	1.000000	0.000000	0.000000	0.000000	0.000000	0.961727	-0.041422	-0.043588	0.176830	-0.111417
	1.000000	0.000000	0.000000	0.000000	0.000000	0.852207	-0.023502	-0.009346	-0.041450	0.214583
	1.000000	0.000000	0.000000	0.000000	0.000000	0.946091	-0.052223	-0.006616	-0.040086	0.062383
	1.000000	0.000000	0.000000	0.000000	0.000000	0.859768	-0.043546	-0.059905	0.176932	0.013321
	1.000000	0.000000	0.000000	0.000000	0.000000	0.373131	0.163969	0.056102	-0.015819	0.412570
	0.000000	1.000000	0.000000	0.000000	0.000000	-0.000491	1.025563	0.013092	-0.042921	-0.004458
	0.000000	1.000000	0.000000	0.000000	0.000000	-0.026464	1.026919	-0.016675	0.038485	-0.021725
	0.000000	1.000000	0.000000	0.000000	0.000000	-0.021823	1.047625	0.018748	-0.043411	-0.002585
	0.000000	1.000000	0.000000	0.000000	0.000000	-0.038073	1.023542	-0.027151	0.063338	-0.009351
	0.000000	1.000000	0.000000	0.000000	0.000000	0.011799	1.046533	0.007432	-0.051102	-0.010501
	0.000000	1.000000	0.000000	0.000000	0.000000	-0.021345	0.987554	-0.028595	0.053382	-0.004436
	0.000000	1.000000	0.000000	0.000000	0.000000	-0.010625	0.920108	-0.034631	0.025899	0.083605
	0.000000	1.000000	0.000000	0.000000	0.000000	-0.034397	0.935417	-0.037684	0.117477	0.013229
	0.000000	1.000000	0.000000	0.000000	0.000000	-0.038198	1.050766	-0.001276	0.044043	-0.047786
	0.000000	1.000000	0.000000	0.000000	0.000000	-0.018256	1.025192	-0.019202	0.048105	-0.053482
	0.000000	1.000000	0.000000	0.000000	0.000000	0.004157	1.006349	0.005020	-0.026856	0.011538
	0.000000	1.000000	0.000000	0.000000	0.000000	-0.011168	1.056241	-0.019428	0.022179	-0.057742
	0.000000	1.000000	0.000000	0.000000	0.000000	-0.027709	1.026019	0.020716	-0.024224	0.007502
	0.000000	1.000000	0.000000	0.000000	0.000000	-0.017841	1.030561	-0.010872	0.006572	-0.005110
	0.000000	1.000000	0.000000	0.000000	0.000000	0.004007	0.996245	-0.022634	-0.014527	0.027383
	0.000000	1.000000	0.000000	0.000000	0.000000	-0.015503	1.052079	0.006726	-0.015192	-0.027025
	0.000000	1.000000	0.000000	0.000000	0.000000	0.044217	0.833938	-0.034933	-0.045259	0.162695
	0.000000	1.000000	0.000000	0.000000	0.000000	0.023513	0.942952	-0.041340	-0.017839	0.062637
	0.000000	1.000000	0.000000	0.000000	0.000000	-0.037853	0.989706	0.060050	0.002956	-0.020661
	0.000000	1.000000	0.000000	0.000000	0.000000	0.017065	0.989341	-0.037613	-0.014955	0.023149
	0.000000	1.000000	0.000000	0.000000	0.000000	-0.012091	1.063762	0.055279	-0.064619	-0.034328
	0.000000	1.000000	0.000000	0.000000	0.000000	-0.042741	0.824771	-0.051735	0.107259	0.168845
	0.000000	1.000000	0.000000	0.000000	0.000000	-0.037602	0.830086	-0.029388	0.060378	0.189005
	0.000000	1.000000	0.000000	0.000000	0.000000	0.012928	0.909801	0.121569	-0.130084	0.105545
	0.000000	1.000000	0.000000	0.000000	0.000000	0.005310	1.068881	-0.002986	-0.036934	-0.034371
	0.000000	1.000000	0.000000	0.000000	0.000000	0.080445	1.058596	0.001655	-0.121766	-0.016846
	0.000000	1.000000	0.000000	0.000000	0.000000	0.023063	1.033725	0.062011	-0.096365	-0.010745
	0.000000	1.000000	0.000000	0.000000	0.000000	-0.081553	0.974138	0.004755	0.105666	-0.004365
	0.000000	1.000000	0.000000	0.000000	0.000000	0.031090	0.891076	0.011376	0.003090	0.031898
	0.000000	1.000000	0.000000	0.000000	0.000000	-0.003522	0.918167	0.004251	0.012635	0.029940
	0.000000	1.000000	0.000000	0.000000	0.000000	0.007545	0.989259	0.049322	-0.010364	-0.050832
	0.000000	1.000000	0.000000	0.000000	0.000000	0.052810	0.982531	-0.032330	-0.073729	0.049407
	0.000000	1.000000	0.000000	0.000000	0.000000	-0.030360	1.088263	0.001377	0.009955	-0.056240
	0.000000	1.000000	0.000000	0.000000	0.000000	-0.044620	1.010139	0.038666	0.005948	-0.024973
	0.000000	1.000000	0.000000	0.000000	0.000000	0.003515	0.447403	0.081589	0.282333	0.051220
	0.000000	1.000000	0.000000	0.000000	0.000000	0.005172	0.987220	-0.024773	-0.017916	0.041065
	0.000000	1.000000	0.000000	0.000000	0.000000	-0.016233	1.007663	-0.025602	0.051613	-0.018805
	0.000000	1.000000	0.000000	0.000000	0.000000	-0.014305	1.050151	0.013907	-0.020488	-0.033937
	0.000000	1.000000	0.000000	0.000000	0.000000	-0.021902	1.080317	-0.006986	0.009881	-0.054482
	0.000000	0.000000	1.000000	0.000000	0.000000	0.006440	0.045461	1.016571	-0.057296	-0.026202
	0.000000	0.000000	1.000000	0.000000	0.000000	-0.077392	0.093286	0.981835	-0.024773	-0.033865
	0.000000	0.000000	1.000000	0.000000	0.000000	-0.025346	0.012589	1.033143	-0.041489	0.004560
	0.000000	0.000000	1.000000	0.000000	0.000000	-0.052699	0.023241	0.881568	0.118977	0.008790
	0.000000	0.000000	1.000000	0.000000	0.000000	-0.002629	0.010877	1.050840	-0.068030	0.002575
	0.000000	0.000000	1.000000	0.000000	0.000000	-0.110847	-0.007321	0.884090	0.195097	0.047628
	0.000000	0.000000	1.000000	0.000000	0.000000	0.002677	-0.009218	1.016645	-0.031245	0.016354
	0.000000	0.000000	1.000000	0.000000	0.000000	0.025244	0.011084	0.955538	0.014301	-0.009335
	0.000000	0.000000	1.000000	0.000000	0.000000	0.061611	0.048758	1.034486	-0.114506	-0.018353
	0.000000	0.000000	1.000000	0.000000	0.000000	-0.071760	-0.032807	0.947207	0.117177	0.049684
	0.000000	0.000000	1.000000	0.000000	0.000000	0.007981	0.049987	0.890850	0.045161	-0.021442
	0.000000	0.000000	1.000000	0.000000	0.000000	-0.041947	-0.028042	1.027578	-0.003954	0.041997
	0.000000	0.000000	1.000000	0.000000	0.000000	-0.028774	-0.015961	1.008353	-0.045749	0.084408
	0.000000	0.000000	0.000000	1.000000	0.000000	-0.135028	0.059756	-0.024463	1.040835	0.016555
	0.000000	0.000000	0.000000	1.000000	0.000000	0.071468	0.070371	0.012502	0.798726	-0.007322
	0.000000	0.000000	0.000000	1.000000	0.000000	0.129944	0.124720	-0.044452	0.654614	0.113521
	0.000000	0.000000	0.000000	1.000000	0.000000	-0.160561	0.185187	-0.070017	0.927389	0.182287
	0.000000	0.000000	0.000000	1.000000	0.000000	0.044911	-0.016068	0.040318	0.868233	0.001737
	0.000000	0.000000	0.000000	1.000000	0.000000	-0.001100	0.032728	-0.024930	0.752395	0.151301
	0.000000	0.000000	0.000000	1.000000	0.000000	-0.005131	-0.023106	0.123597	0.966396	-0.056364
	0.000000	0.000000	0.000000	1.000000	0.000000	-0.114397	0.276542	-0.081545	0.851767	0.092657
	0.000000	0.000000	0.000000	1.000000	0.000000	-0.130295	0.012148	-0.037504	0.991324	0.136982
	0.000000	0.000000	0.000000	1.000000	0.000000	-0.145390	0.016348	-0.068677	0.908865	0.307286
	0.000000	0.000000	0.000000	1.000000	0.000000	0.144190	-0.014554	0.166694	0.904956	-0.123122
	0.000000	0.000000	0.000000	1.000000	0.000000	-0.029223	-0.010541	0.096353	0.999225	-0.061887
	0.000000	0.000000	0.000000	1.000000	0.000000	-0.061456	0.051951	-0.014405	0.985764	-0.013967
	0.000000	0.000000	0.000000	1.000000	0.000000	0.170487	-0.029689	0.150502	0.978626	-0.142002
	0.000000	0.000000	0.000000	1.000000	0.000000	-0.116597	0.002079	-0.009262	1.082909	-0.006096
	0.000000	0.000000	0.000000	1.000000	0.000000	-0.008274	-0.000581	0.074475	1.020316	-0.082341
	0.000000	0.000000	0.000000	0.000000	1.000000	-0.018230	-0.007236	0.011298	0.008516	1.022472
	0.000000	0.000000	0.000000	0.000000	1.000000	0.024051	-0.030925	0.000517	0.044159	0.977958
	0.000000	0.000000	0.000000	0.000000	1.000000	0.019291	0.047221	0.038961	-0.021900	0.943581
	0.000000	0.000000	0.000000	0.000000	1.000000	-0.007784	-0.068770	-0.026547	0.128411	0.966028
	0.000000	0.000000	0.000000	0.000000	1.000000	0.074391	0.005772	0.005253	-0.030282	0.945221
	0.000000	0.000000	0.000000	0.000000	1.000000	0.025967	0.089341	0.001602	-0.080572	0.958615
	0.000000	0.000000	0.000000	0.000000	1.000000	-0.018949	0.021193	-0.004626	-0.029771	1.026358
	0.000000	0.000000	0.000000	0.000000	1.000000	0.010501	-0.033146	0.005958	-0.003732	1.025209
	0.000000	0.000000	0.000000	0.000000	1.000000	-0.045293	-0.048045	-0.005121	0.013012	1.086444
	0.000000	0.000000	0.000000	0.000000	1.000000	-0.007000	0.059680	-0.021521	-0.022744	0.972438
	0.000000	0.000000	0.000000	0.000000	1.000000	-0.041706	-0.004291	-0.013457	0.041731	1.015358
	0.000000	0.000000	0.000000	0.000000	1.000000	-0.029673	-0.025505	-0.002210	-0.007506	1.062936
	0.000000	0.000000	0.000000	0.000000	1.000000	-0.003606	0.039999	-0.010671	-0.045317	1.009294
	0.000000	0.000000	0.000000	0.000000	1.000000	-0.028344	-0.021537	0.000948	-0.014047	1.062698
	0.000000	0.000000	0.000000	0.000000	1.000000	-0.014558	-0.017932	-0.001706	-0.014087	1.046756
	0.000000	0.000000	0.000000	0.000000	1.000000	-0.022162	-0.005001	-0.008195	0.026939	1.007988
	0.000000	0.000000	0.000000	0.000000	1.000000	-0.020373	0.089821	-0.018769	0.001203	0.940884
	0.000000	0.000000	0.000000	0.000000	1.000000	0.041080	-0.028957	-0.009333	0.079613	0.915810
	0.000000	0.000000	0.000000	0.000000	1.000000	-0.016677	-0.021847	-0.007679	0.100317	0.955259
	0.000000	0.000000	0.000000	0.000000	1.000000	-0.002402	0.051839	0.003133	0.005378	0.942865
	0.000000	0.000000	0.000000	0.000000	1.000000	-0.026054	0.004176	0.007236	-0.028975	1.048142
	0.000000	0.000000	0.000000	0.000000	1.000000	-0.018272	-0.042702	0.009860	-0.016405	1.075142
	0.000000	0.000000	0.000000	0.000000	1.000000	-0.025866	-0.001703	-0.003777	-0.023288	1.051279
	0.000000	0.000000	0.000000	0.000000	1.000000	0.037705	-0.025725	0.013299	-0.021842	1.018508
	0.000000	0.000000	0.000000	0.000000	1.000000	-0.015961	-0.012834	0.009690	-0.028375	1.051131
	0.000000	0.000000	0.000000	0.000000	1.000000	-0.038286	-0.030932	0.004123	-0.000546	1.069061
	0.000000	0.000000	0.000000	0.000000	1.000000	0.016466	0.002781	0.014945	-0.058737	1.033004
	0.000000	0.000000	0.000000	0.000000	1.000000	0.002495	0.095036	-0.013864	-0.033459	0.936560
	0.000000	0.000000	0.000000	0.000000	1.000000	-0.017637	-0.030578	0.010489	0.012432	1.036777
	0.000000	0.000000	0.000000	0.000000	1.000000	-0.047053	-0.055045	0.005532	0.019138	1.072924
	0.000000	0.000000	0.000000	0.000000	1.000000	-0.012736	-0.009105	0.014606	-0.020188	1.038563
	0.000000	0.000000	0.000000	0.000000	1.000000	-0.035409	-0.065011	-0.002805	0.016985	1.090136
	0.000000	0.000000	0.000000	0.000000	1.000000	-0.037232	-0.021229	-0.013365	0.007454	1.060223
	0.000000	0.000000	0.000000	0.000000	1.000000	-0.009730	0.026582	-0.010421	-0.021923	1.009537
	0.000000	0.000000	0.000000	0.000000	1.000000	0.190124	-0.017323	-0.002357	0.065436	0.764385
	0.000000	0.000000	0.000000	0.000000	1.000000	0.013165	0.051275	0.023088	-0.066618	0.995528
	0.000000	0.000000	0.000000	0.000000	1.000000	-0.019722	-0.041402	0.007255	-0.007993	1.067057
	0.000000	0.000000	0.000000	0.000000	1.000000	-0.044541	-0.039914	-0.009992	0.011989	1.079651
	0.000000	0.000000	0.000000	0.000000	1.000000	-0.000986	0.026313	-0.017769	-0.043805	1.019935
	0.000000	0.000000	0.000000	0.000000	1.000000	-0.012797	-0.053002	0.001929	-0.001083	1.071264
	0.000000	0.000000	0.000000	0.000000	1.000000	0.018909	0.135885	-0.008032	-0.051822	0.894234
	0.000000	0.000000	0.000000	0.000000	1.000000	-0.004176	0.063442	-0.003704	0.004084	0.931177
	0.000000	0.000000	0.000000	0.000000	1.000000	-0.046914	-0.043076	-0.002569	0.021690	1.076532
	0.000000	0.000000	0.000000	0.000000	1.000000	-0.021883	-0.000290	-0.001910	-0.018621	1.042595
	0.000000	0.000000	0.000000	0.000000	1.000000	-0.034119	-0.000393	-0.006167	-0.001924	1.043397
	0.000000	0.000000	0.000000	0.000000	1.000000	-0.011922	0.012504	0.014349	0.007813	0.991580
	0.000000	0.000000	0.000000	0.000000	1.000000	-0.005003	0.061587	0.010134	-0.053457	0.992381
	0.000000	0.000000	0.000000	0.000000	1.000000	0.013279	-0.013409	0.003594	-0.012464	1.004314
	0.000000	0.000000	0.000000	0.000000	1.000000	-0.048776	0.126166	0.006707	0.051044	0.894309
	0.000000	0.000000	0.000000	0.000000	1.000000	-0.004914	0.052021	-0.009306	-0.023770	0.969644
	0.000000	0.000000	0.000000	0.000000	1.000000	-0.014882	0.039431	-0.014625	0.004038	0.969491
	0.000000	0.000000	0.000000	0.000000	1.000000	0.231389	-0.001719	-0.005447	0.190434	0.573634
	0.000000	0.000000	0.000000	0.000000	1.000000	-0.058775	0.051223	0.058370	0.041437	0.928652
	0.000000	0.000000	0.000000	0.000000	1.000000	0.096618	0.011451	0.057901	-0.084961	0.919436
	0.000000	0.000000	0.000000	0.000000	1.000000	-0.033205	0.164696	0.030404	-0.031485	0.904050
	0.000000	0.000000	0.000000	0.000000	1.000000	-0.008823	-0.006691	0.049939	0.023698	0.925632
	0.000000	0.000000	0.000000	0.000000	1.000000	-0.072613	0.020175	0.013579	0.109028	0.979639
	0.000000	0.000000	0.000000	0.000000	1.000000	-0.028206	-0.008754	-0.002471	-0.021823	1.058677
	0.000000	0.000000	0.000000	0.000000	1.000000	0.014405	-0.036974	0.043809	-0.055737	1.028962
	0.000000	0.000000	0.000000	0.000000	1.000000	0.025388	0.005117	0.018172	-0.081845	1.042600
	0.000000	0.000000	0.000000	0.000000	1.000000	0.126731	0.018970	0.032620	-0.061334	0.911382
	0.000000	0.000000	0.000000	0.000000	1.000000	-0.027909	0.017360	-0.003500	-0.007105	1.023118
	0.000000	0.000000	0.000000	0.000000	1.000000	0.043398	-0.023303	0.030947	-0.093240	1.062424
	0.000000	0.000000	0.000000	0.000000	1.000000	0.046620	-0.035488	0.026110	-0.081232	1.062900
	0.000000	0.000000	0.000000	0.000000	1.000000	-0.025002	0.087319	0.048920	0.109089	0.743134
	1.000000	0.000000	0.000000	0.000000	0.000000	0.461425	-0.057584	-0.065782	0.271101	0.320778
	1.000000	0.000000	0.000000	0.000000	0.000000	0.446622	-0.053824	-0.030562	0.072018	0.446555
	1.000000	0.000000	0.000000	0.000000	0.000000	0.609773	-0.043646	-0.051898	0.186309	0.252229
	1.000000	0.000000	0.000000	0.000000	0.000000	0.881484	-0.028064	0.012971	-0.096665	0.299438
	1.000000	0.000000	0.000000	0.000000	0.000000	0.705676	-0.066145	-0.066221	0.215639	0.122932
	1.000000	0.000000	0.000000	0.000000	0.000000	0.793060	-0.047685	-0.035605	0.059607	0.210170
	1.000000	0.000000	0.000000	0.000000	0.000000	0.776860	-0.059984	-0.046774	0.114672	0.169741
	1.000000	0.000000	0.000000	0.000000	0.000000	0.774498	-0.006291	-0.039865	0.259050	-0.003104
	1.000000	0.000000	0.000000	0.000000	0.000000	0.811645	-0.036133	-0.059172	0.202993	0.037085
	1.000000	0.000000	0.000000	0.000000	0.000000	0.257831	-0.042688	-0.020677	0.077003	0.731274
	1.000000	0.000000	0.000000	0.000000	0.000000	0.181850	0.425457	0.005573	0.316900	0.013679
	1.000000	0.000000	0.000000	0.000000	0.000000	0.539563	-0.055116	-0.018247	0.018723	0.528420
	1.000000	0.000000	0.000000	0.000000	0.000000	0.302688	-0.035363	0.011130	-0.060137	0.774919
	1.000000	0.000000	0.000000	0.000000	0.000000	0.318309	0.004536	0.038583	-0.012621	0.687414
	1.000000	0.000000	0.000000	0.000000	0.000000	0.632941	-0.051656	-0.028978	0.113003	0.198010
	1.000000	0.000000	0.000000	0.000000	0.000000	0.507963	-0.050419	0.021805	0.273365	0.085117
	0.000000	1.000000	0.000000	0.000000	0.000000	-0.008820	1.045543	0.021689	0.007278	-0.077024
	0.000000	1.000000	0.000000	0.000000	0.000000	-0.001270	0.925159	-0.068069	0.058556	0.053717
	0.000000	1.000000	0.000000	0.000000	0.000000	0.007200	0.900136	0.163776	-0.003726	-0.126895
	0.000000	1.000000	0.000000	0.000000	0.000000	-0.029998	0.973305	0.024243	0.061315	-0.091578
	0.000000	1.000000	0.000000	0.000000	0.000000	-0.018631	0.978069	-0.052877	0.068145	0.011343
	0.000000	1.000000	0.000000	0.000000	0.000000	0.083381	0.735679	0.063771	-0.086998	0.219831
	0.000000	1.000000	0.000000	0.000000	0.000000	0.019920	0.668261	-0.047012	0.034751	0.254390
	0.000000	1.000000	0.000000	0.000000	0.000000	-0.081567	0.623526	-0.073984	0.205975	0.360031
	0.000000	1.000000	0.000000	0.000000	0.000000	-0.006761	1.027938	-0.020207	0.005690	-0.011211
	0.000000	1.000000	0.000000	0.000000	0.000000	-0.008255	1.044673	-0.016987	0.000445	-0.024422
	0.000000	1.000000	0.000000	0.000000	0.000000	0.016908	1.052090	0.043040	-0.076269	-0.028339
	0.000000	1.000000	0.000000	0.000000	0.000000	0.050644	0.931983	-0.048141	-0.052653	0.083535
	0.000000	1.000000	0.000000	0.000000	0.000000	-0.008184	1.005652	-0.039103	0.027723	0.002376
	0.000000	1.000000	0.000000	0.000000	0.000000	0.000614	0.982892	-0.037417	0.012801	0.026072
	0.000000	1.000000	0.000000	0.000000	0.000000	-0.148194	0.914989	-0.060379	0.405960	-0.017315
	0.000000	1.000000	0.000000	0.000000	0.000000	-0.133170	0.768416	0.416265	-0.171741	0.290249
	0.000000	1.000000	0.000000	0.000000	0.000000	-0.007402	1.035139	-0.016869	0.003498	-0.018007
	0.000000	1.000000	0.000000	0.000000	0.000000	-0.016023	1.039598	0.026151	-0.062640	0.009427
	0.000000	1.000000	0.000000	0.000000	0.000000	-0.036031	1.077059	0.011353	0.010648	-0.058319
	0.000000	1.000000	0.000000	0.000000	0.000000	0.170013	0.941324	0.005580	-0.086524	-0.025188
	0.000000	1.000000	0.000000	0.000000	0.000000	-0.011184	1.039775	-0.021708	0.017148	-0.032501
	0.000000	1.000000	0.000000	0.000000	0.000000	0.037025	0.944611	-0.030982	-0.047304	0.072991
	0.000000	1.000000	0.000000	0.000000	0.000000	-0.021810	1.032915	0.023083	-0.055575	0.015504
	0.000000	1.000000	0.000000	0.000000	0.000000	-0.019925	1.017974	-0.006186	0.003560	0.013075
	0.000000	1.000000	0.000000	0.000000	0.000000	-0.018775	1.068449	-0.003973	0.014299	-0.054820
	0.000000	1.000000	0.000000	0.000000	0.000000	-0.048205	0.859581	-0.046081	0.098503	0.151835
	0.000000	1.000000	0.000000	0.000000	0.000000	0.052498	0.989761	0.001014	-0.115332	0.060332
	0.000000	1.000000	0.000000	0.000000	0.000000	-0.000760	0.963745	-0.020808	0.013515	0.038572
	0.000000	1.000000	0.000000	0.000000	0.000000	-0.010287	1.048057	-0.015712	-0.001050	-0.021784
	0.000000	1.000000	0.000000	0.000000	0.000000	-0.011850	0.916885	-0.013248	0.012064	0.086392
	0.000000	1.000000	0.000000	0.000000	0.000000	-0.077934	0.888661	-0.055286	0.248860	0.011354
	0.000000	1.000000	0.000000	0.000000	0.000000	-0.057511	0.873965	-0.019719	0.155206	0.028412
	0.000000	1.000000	0.000000	0.000000	0.000000	-0.015742	1.043033	0.005982	-0.011886	-0.026673
	0.000000	1.000000	0.000000	0.000000	0.000000	-0.021222	1.084464	0.000213	0.002821	-0.062427
	0.000000	1.000000	0.000000	0.000000	0.000000	-0.179202	0.718479	0.394261	-0.085637	0.216863
	0.000000	0.000000	1.000000	0.000000	0.000000	-0.115165	-0.019915	0.958856	0.025548	0.164455
	0.000000	0.000000	1.000000	0.000000	0.000000	-0.005200	-0.040696	0.938125	0.103134	0.008600
	0.000000	0.000000	1.000000	0.000000	0.000000	0.039265	0.072338	1.053590	-0.136211	-0.026058
	0.000000	0.000000	1.000000	0.000000	0.000000	0.029661	0.056633	0.885663	0.013311	-0.015289
	0.000000	0.000000	1.000000	0.000000	0.000000	-0.115147	0.069667	0.920755	0.063369	0.015019
	0.000000	0.000000	1.000000	0.000000	0.000000	0.030857	0.044681	0.929591	0.031504	-0.048066
	0.000000	0.000000	1.000000	0.000000	0.000000	-0.072679	-0.009579	0.565041	0.530212	0.006856
	0.000000	0.000000	1.000000	0.000000	0.000000	-0.042377	0.070446	0.991029	-0.002516	-0.058078
	0.000000	0.000000	1.000000	0.000000	0.000000	-0.010309	-0.026195	1.016482	-0.015552	0.028421
	0.000000	0.000000	1.000000	0.000000	0.000000	0.016554	-0.013346	0.842137	0.172501	-0.014362
	0.000000	0.000000	1.000000	0.000000	0.000000	0.226074	0.111441	0.849307	-0.059233	-0.074936
	0.000000	0.000000	1.000000	0.000000	0.000000	0.029721	-0.049711	0.816501	0.215721	-0.001217
	0.000000	0.000000	1.000000	0.000000	0.000000	0.025911	0.015558	1.053731	-0.099104	0.001676
	0.000000	0.000000	1.000000	0.000000	0.000000	-0.266826	0.165552	0.130751	0.888293	0.255017
	0.000000	0.000000	1.000000	0.000000	0.000000	-0.037782	-0.019033	1.012817	-0.008212	0.046720
	0.000000	0.000000	1.000000	0.000000	0.000000	0.043968	0.081292	1.052587	-0.149274	-0.012042
	0.000000	0.000000	0.000000	1.000000	0.000000	0.148991	0.043842	0.211630	0.771309	-0.124436
	0.000000	0.000000	0.000000	1.000000	0.000000	-0.031787	-0.034567	-0.014604	0.637833	0.359252
	0.000000	0.000000	0.000000	1.000000	0.000000	-0.217055	0.149471	-0.067539	0.979314	0.266804
	0.000000	0.000000	0.000000	1.000000	0.000000	-0.170376	0.060798	-0.049468	1.079286	0.039683
	0.000000	0.000000	0.000000	1.000000	0.000000	0.008969	-0.040104	0.047383	0.907862	0.014319
	0.000000	0.000000	0.000000	1.000000	0.000000	-0.146908	0.028436	-0.067410	0.961320	0.226472
	0.000000	0.000000	0.000000	1.000000	0.000000	0.044990	0.027186	-0.024181	0.818113	0.048993
	0.000000	0.000000	0.000000	1.000000	0.000000	0.084041	0.008261	0.092253	0.937927	-0.100557
	0.000000	0.000000	0.000000	1.000000	0.000000	-0.159996	-0.007587	0.077325	1.033771	0.046161
	0.000000	0.000000	0.000000	1.000000	0.000000	-0.160205	0.042491	-0.060648	1.061684	0.083694
	0.000000	0.000000	0.000000	1.000000	0.000000	0.133863	-0.002701	0.230720	0.848508	-0.123379
	0.000000	0.000000	0.000000	1.000000	0.000000	-0.040621	-0.025279	0.092600	1.021010	-0.049311
	0.000000	0.000000	0.000000	1.000000	0.000000	-0.216608	0.000625	0.019406	1.114439	0.084590
	0.000000	0.000000	0.000000	1.000000	0.000000	0.038241	-0.070810	0.533313	0.663578	-0.061042
	0.000000	0.000000	0.000000	1.000000	0.000000	-0.003935	0.016480	0.287552	0.759610	-0.049322
	0.000000	0.000000	0.000000	0.000000	1.000000	0.006164	-0.018263	0.015078	-0.003656	1.022582
	0.000000	0.000000	0.000000	0.000000	1.000000	-0.055166	-0.000538	0.004960	0.087391	1.000035
	0.000000	0.000000	0.000000	0.000000	1.000000	-0.031349	-0.014055	0.000641	-0.006790	1.052883
	0.000000	0.000000	0.000000	0.000000	1.000000	0.018250	0.007193	0.014022	-0.066737	1.032377
	0.000000	0.000000	0.000000	0.000000	1.000000	0.022926	0.055327	0.005430	-0.023337	0.936533
	0.000000	0.000000	0.000000	0.000000	1.000000	0.010330	-0.052285	0.012380	-0.034182	1.074330
	0.000000	0.000000	0.000000	0.000000	1.000000	-0.034346	-0.012681	-0.013852	0.119153	0.949637
	0.000000	0.000000	0.000000	0.000000	1.000000	-0.008334	-0.003957	0.004810	-0.027434	1.039899
	0.000000	0.000000	0.000000	0.000000	1.000000	0.130120	0.003155	0.047154	-0.088639	0.955931
	0.000000	0.000000	0.000000	0.000000	1.000000	0.352905	-0.052622	-0.035144	0.115564	0.542925
	0.000000	0.000000	0.000000	0.000000	1.000000	-0.022766	0.012369	-0.011397	-0.010997	1.025284
	0.000000	0.000000	0.000000	0.000000	1.000000	-0.016201	-0.020380	0.030438	-0.041525	1.065446
	0.000000	0.000000	0.000000	0.000000	1.000000	-0.013728	0.012007	-0.000645	-0.038660	1.035576
	0.000000	0.000000	0.000000	0.000000	1.000000	-0.045211	-0.067145	-0.004554	0.028223	1.095904
	0.000000	0.000000	0.000000	0.000000	1.000000	-0.002547	0.025140	-0.003911	-0.038947	1.012788
	0.000000	0.000000	0.000000	0.000000	1.000000	-0.027278	-0.074546	-0.028807	0.128443	1.005345
	0.000000	0.000000	0.000000	0.000000	1.000000	-0.013406	-0.018032	0.012924	0.008134	1.026404
	0.000000	0.000000	0.000000	0.000000	1.000000	-0.070668	0.085167	-0.011292	0.087414	0.934852
	0.000000	0.000000	0.000000	0.000000	1.000000	-0.000125	0.024996	0.012277	-0.071252	1.035461
	0.000000	0.000000	0.000000	0.000000	1.000000	-0.042675	-0.010684	-0.014698	0.127730	0.948965
	0.000000	0.000000	0.000000	0.000000	1.000000	0.008307	-0.022541	0.000632	-0.028805	1.043567
	0.000000	0.000000	0.000000	0.000000	1.000000	-0.017243	-0.014881	0.001358	-0.041548	1.066579
	0.000000	0.000000	0.000000	0.000000	1.000000	0.067200	0.005186	0.035571	-0.109181	1.034378
	0.000000	0.000000	0.000000	0.000000	1.000000	0.009692	-0.029437	0.006740	0.012539	1.015950
	0.000000	0.000000	0.000000	0.000000	1.000000	-0.002454	0.012854	0.006195	-0.057361	1.040145
	0.000000	0.000000	0.000000	0.000000	1.000000	0.019448	-0.016397	0.025818	-0.086531	1.063634
	0.000000	0.000000	0.000000	0.000000	1.000000	-0.004607	-0.039250	0.016123	-0.046208	1.080729
	0.000000	0.000000	0.000000	0.000000	1.000000	0.080690	-0.029958	-0.018742	0.125421	0.826149
	0.000000	0.000000	0.000000	0.000000	1.000000	-0.008503	-0.059359	0.008736	-0.025683	1.089081
	0.000000	0.000000	0.000000	0.000000	1.000000	-0.036766	-0.036745	-0.000597	0.003891	1.074269
	0.000000	0.000000	0.000000	0.000000	1.000000	-0.058007	-0.065067	-0.011885	0.073092	1.078016
	0.000000	0.000000	0.000000	0.000000	1.000000	-0.011063	-0.002310	-0.010730	-0.005696	1.024420
	0.000000	0.000000	0.000000	0.000000	1.000000	-0.018931	-0.034872	0.001839	-0.027522	1.079845
	0.000000	0.000000	0.000000	0.000000	1.000000	-0.032798	-0.016522	-0.008003	-0.011270	1.062165
	0.000000	0.000000	0.000000	0.000000	1.000000	0.017899	-0.039884	0.008649	0.008614	1.020527
	0.000000	0.000000	0.000000	0.000000	1.000000	0.000476	0.135143	-0.015950	-0.024185	0.889025
	0.000000	0.000000	0.000000	0.000000	1.000000	0.014252	0.039336	0.011336	-0.079543	1.018049
	0.000000	0.000000	0.000000	0.000000	1.000000	0.005641	0.150739	-0.011197	-0.040913	0.887255
	0.000000	0.000000	0.000000	0.000000	1.000000	-0.003597	0.096339	-0.010000	-0.041586	0.951688
	0.000000	0.000000	0.000000	0.000000	1.000000	-0.007402	0.037321	0.013311	-0.031155	0.992742
	0.000000	0.000000	0.000000	0.000000	1.000000	0.023667	0.098550	-0.032268	-0.062606	0.946776
	0.000000	0.000000	0.000000	0.000000	1.000000	-0.022850	0.043729	-0.005445	0.007449	0.979172
	0.000000	0.000000	0.000000	0.000000	1.000000	-0.024872	-0.061631	-0.007456	0.032371	1.066591
	0.000000	0.000000	0.000000	0.000000	1.000000	0.036396	0.009498	0.019606	-0.062320	1.010400
	0.000000	0.000000	0.000000	0.000000	1.000000	-0.058317	-0.024516	-0.000979	0.032412	1.066401
	0.000000	0.000000	0.000000	0.000000	1.000000	-0.004696	0.008817	0.012407	-0.069573	1.052762
	0.000000	0.000000	0.000000	0.000000	1.000000	-0.019175	-0.035999	-0.000691	-0.004570	1.064257
	0.000000	0.000000	0.000000	0.000000	1.000000	-0.020060	0.020153	0.002914	-0.007168	1.006476
	0.000000	0.000000	0.000000	0.000000	1.000000	0.033776	0.092568	-0.003438	-0.092630	0.966306
	0.000000	0.000000	0.000000	0.000000	1.000000	-0.033058	-0.035620	0.002950	0.015092	1.057224
	0.000000	0.000000	0.000000	0.000000	1.000000	0.039985	-0.022775	0.022663	-0.077779	1.056792
	0.000000	0.000000	0.000000	0.000000	1.000000	-0.026526	0.013692	-0.002880	-0.027555	1.039129
	0.000000	0.000000	0.000000	0.000000	1.000000	0.008498	0.018100	-0.004264	-0.034125	0.994743
	0.000000	0.000000	0.000000	0.000000	1.000000	-0.017528	-0.005147	-0.001723	-0.028840	1.047438
	0.000000	0.000000	0.000000	0.000000	1.000000	-0.082408	-0.008151	0.047550	0.056917	1.018999
	0.000000	0.000000	0.000000	0.000000	1.000000	-0.015189	-0.002419	0.000240	0.003566	1.014846
	0.000000	0.000000	0.000000	0.000000	1.000000	0.013915	0.029417	0.011022	-0.063339	1.014805
	0.000000	0.000000	0.000000	0.000000	1.000000	-0.016620	-0.046081	0.005101	0.005658	1.056302
	0.000000	0.000000	0.000000	0.000000	1.000000	0.109028	-0.014587	0.053866	-0.141591	1.054510
	0.000000	0.000000	0.000000	0.000000	1.000000	0.032202	-0.027678	0.023667	-0.082179	1.069605
	0.000000	0.000000	0.000000	0.000000	1.000000	0.008251	-0.026374	0.017117	-0.043700	1.056614
