	1.000000	0.000000	0.000000	0.000000	0.000000	0.996721	-0.001689	0.022096	-0.098586	0.085657
	1.000000	0.000000	0.000000	0.000000	0.000000	0.954417	-0.033354	-0.032728	0.006941	0.081969
	1.000000	0.000000	0.000000	0.000000	0.000000	1.079057	-0.038672	-0.015916	-0.053370	-0.073499
	1.000000	0.000000	0.000000	0.000000	0.000000	1.071884	-0.019071	-0.040845	-0.009459	-0.059252
	1.000000	0.000000	0.000000	0.000000	0.000000	0.896983	-0.027642	-0.036786	0.050381	0.100293
	1.000000	0.000000	0.000000	0.000000	0.000000	0.945833	-0.002754	-0.007479	-0.049090	0.116661
	1.000000	0.000000	0.000000	0.000000	0.000000	0.859154	-0.017318	-0.031451	0.071143	0.104184
	1.000000	0.000000	0.000000	0.000000	0.000000	1.026085	-0.009359	-0.036593	0.034372	-0.068636
	1.000000	0.000000	0.000000	0.000000	0.000000	0.940172	-0.008262	0.003179	-0.092293	0.190418
	1.000000	0.000000	0.000000	0.000000	0.000000	1.012058	-0.013933	-0.039178	0.115637	-0.127416
	1.000000	0.000000	0.000000	0.000000	0.000000	0.928850	0.004602	0.000297	-0.081563	0.161962
	1.000000	0.000000	0.000000	0.000000	0.000000	1.002375	-0.021231	-0.000474	-0.075815	0.027738
	1.000000	0.000000	0.000000	0.000000	0.000000	0.931218	-0.021774	-0.052055	0.110754	-0.014711
	1.000000	0.000000	0.000000	0.000000	0.000000	0.502479	0.196995	0.064750	-0.065812	0.339019
	0.000000	1.000000	0.000000	0.000000	0.000000	0.014181	1.034317	0.013423	-0.053446	-0.014330
	0.000000	1.000000	0.000000	0.000000	0.000000	-0.013430	1.034413	-0.013701	0.018755	-0.027407
	0.000000	1.000000	0.000000	0.000000	0.000000	-0.014254	1.053370	0.017577	-0.047817	-0.008983
	0.000000	1.000000	0.000000	0.000000	0.000000	-0.023956	1.033492	-0.024500	0.038609	-0.017915
	0.000000	1.000000	0.000000	0.000000	0.000000	0.022599	1.051779	0.008780	-0.060512	-0.015473
	0.000000	1.000000	0.000000	0.000000	0.000000	-0.004548	0.998810	-0.025121	0.028564	-0.013786
	0.000000	1.000000	0.000000	0.000000	0.000000	0.009746	0.938023	-0.032339	-0.001582	0.065976
	0.000000	1.000000	0.000000	0.000000	0.000000	-0.014597	0.951070	-0.034785	0.083715	0.001292
	0.000000	1.000000	0.000000	0.000000	0.000000	-0.026059	1.055711	0.000082	0.028017	-0.052258
	0.000000	1.000000	0.000000	0.000000	0.000000	-0.002007	1.032193	-0.015549	0.027002	-0.058819
	0.000000	1.000000	0.000000	0.000000	0.000000	0.026047	1.021454	0.004297	-0.049094	-0.002281
	0.000000	1.000000	0.000000	0.000000	0.000000	0.000211	1.060087	-0.015312	0.007654	-0.060636
	0.000000	1.000000	0.000000	0.000000	0.000000	-0.010952	1.036072	0.020963	-0.042267	-0.001560
	0.000000	1.000000	0.000000	0.000000	0.000000	-0.008891	1.036967	-0.008221	-0.005100	-0.011127
	0.000000	1.000000	0.000000	0.000000	0.000000	0.017345	1.006425	-0.019553	-0.031473	0.017922
	0.000000	1.000000	0.000000	0.000000	0.000000	-0.005835	1.056126	0.008377	-0.024475	-0.031026
	0.000000	1.000000	0.000000	0.000000	0.000000	0.069814	0.854157	-0.031188	-0.070952	0.143702
	0.000000	1.000000	0.000000	0.000000	0.000000	0.038167	0.956461	-0.037092	-0.036378	0.050819
	0.000000	1.000000	0.000000	0.000000	0.000000	-0.017954	1.002221	0.055129	-0.010997	-0.034951
	0.000000	1.000000	0.000000	0.000000	0.000000	0.028846	1.000495	-0.033160	-0.030697	0.013462
	0.000000	1.000000	0.000000	0.000000	0.000000	0.000451	1.068684	0.051966	-0.069776	-0.040381
	0.000000	1.000000	0.000000	0.000000	0.000000	-0.026234	0.841830	-0.050480	0.077630	0.151660
	0.000000	1.000000	0.000000	0.000000	0.000000	-0.013143	0.859633	-0.030850	0.024576	0.156962
	0.000000	1.000000	0.000000	0.000000	0.000000	0.047464	0.930193	0.113765	-0.137695	0.074524
	0.000000	1.000000	0.000000	0.000000	0.000000	0.013392	1.071352	-0.000246	-0.045464	-0.036449
	0.000000	1.000000	0.000000	0.000000	0.000000	0.079828	1.065633	0.004160	-0.118571	-0.023518
	0.000000	1.000000	0.000000	0.000000	0.000000	0.040894	1.042913	0.058709	-0.100927	-0.023002
	0.000000	1.000000	0.000000	0.000000	0.000000	-0.063387	0.988101	0.002912	0.078336	-0.017655
	0.000000	1.000000	0.000000	0.000000	0.000000	0.060364	0.913590	0.013771	-0.025353	0.017146
	0.000000	1.000000	0.000000	0.000000	0.000000	0.021591	0.931933	0.006456	-0.009421	0.014966
	0.000000	1.000000	0.000000	0.000000	0.000000	0.033091	0.997873	0.047945	-0.020288	-0.064639
	0.000000	1.000000	0.000000	0.000000	0.000000	0.062539	0.993909	-0.028321	-0.083604	0.038419
	0.000000	1.000000	0.000000	0.000000	0.000000	-0.022011	1.088946	0.003444	-0.001298	-0.056391
	0.000000	1.000000	0.000000	0.000000	0.000000	-0.027145	1.020725	0.035856	-0.009123	-0.036166
	0.000000	1.000000	0.000000	0.000000	0.000000	0.106253	0.568697	0.064194	0.171820	-0.035277
	0.000000	1.000000	0.000000	0.000000	0.000000	0.025625	1.001710	-0.022915	-0.042780	0.026459
	0.000000	1.000000	0.000000	0.000000	0.000000	-0.003292	1.015097	-0.022303	0.030669	-0.023120
	0.000000	1.000000	0.000000	0.000000	0.000000	-0.003072	1.054497	0.015023	-0.030342	-0.038184
	0.000000	1.000000	0.000000	0.000000	0.000000	-0.013767	1.082341	-0.003934	-0.001518	-0.055687
	0.000000	0.000000	1.000000	0.000000	0.000000	0.033248	0.064549	1.019296	-0.082051	-0.039656
	0.000000	0.000000	1.000000	0.000000	0.000000	-0.031008	0.135838	0.981644	-0.070501	-0.071420
	0.000000	0.000000	1.000000	0.000000	0.000000	-0.001734	0.029617	1.035750	-0.067570	-0.008109
	0.000000	0.000000	1.000000	0.000000	0.000000	-0.007634	0.046495	0.883615	0.072682	-0.021167
	0.000000	0.000000	1.000000	0.000000	0.000000	0.018977	0.029697	1.054081	-0.093005	-0.008599
	0.000000	0.000000	1.000000	0.000000	0.000000	-0.067369	0.015419	0.893346	0.129020	0.013312
	0.000000	0.000000	1.000000	0.000000	0.000000	0.020080	0.004468	1.018823	-0.051122	0.008642
	0.000000	0.000000	1.000000	0.000000	0.000000	0.054865	0.031279	0.959652	-0.017490	-0.023233
	0.000000	0.000000	1.000000	0.000000	0.000000	0.083172	0.066230	1.033782	-0.127166	-0.029316
	0.000000	0.000000	1.000000	0.000000	0.000000	-0.039563	-0.016732	0.955620	0.069761	0.030344
	0.000000	0.000000	1.000000	0.000000	0.000000	0.044496	0.070315	0.893392	0.011342	-0.040674
	0.000000	0.000000	1.000000	0.000000	0.000000	-0.024376	-0.014283	1.031830	-0.030047	0.032698
	0.000000	0.000000	1.000000	0.000000	0.000000	-0.003933	-0.000697	1.008372	-0.062280	0.065370
	0.000000	0.000000	0.000000	1.000000	0.000000	-0.094427	0.081910	-0.030568	1.016372	-0.028022
	0.000000	0.000000	0.000000	1.000000	0.000000	0.177245	0.103865	0.010983	0.734717	-0.058315
	0.000000	0.000000	0.000000	1.000000	0.000000	0.191050	0.137144	-0.042048	0.600961	0.086453
	0.000000	0.000000	0.000000	1.000000	0.000000	-0.136374	0.202103	-0.073282	0.898554	0.145562
	0.000000	0.000000	0.000000	1.000000	0.000000	0.138195	0.000004	0.036586	0.815977	-0.039821
	0.000000	0.000000	0.000000	1.000000	0.000000	0.065694	0.053866	-0.026497	0.697284	0.109722
	0.000000	0.000000	0.000000	1.000000	0.000000	0.049075	-0.010110	0.115631	0.933669	-0.079390
	0.000000	0.000000	0.000000	1.000000	0.000000	-0.078289	0.302328	-0.083974	0.812446	0.049529
	0.000000	0.000000	0.000000	1.000000	0.000000	-0.070062	0.023243	-0.040069	0.951013	0.082811
	0.000000	0.000000	0.000000	1.000000	0.000000	-0.104490	0.022935	-0.069672	0.876285	0.254168
	0.000000	0.000000	0.000000	1.000000	0.000000	0.190099	-0.007616	0.163376	0.870760	-0.132886
	0.000000	0.000000	0.000000	1.000000	0.000000	0.013257	-0.003230	0.090353	0.979429	-0.083641
	0.000000	0.000000	0.000000	1.000000	0.000000	-0.004451	0.071944	-0.017142	0.954420	-0.054775
	0.000000	0.000000	0.000000	1.000000	0.000000	0.195153	-0.029697	0.147295	0.957734	-0.143935
	0.000000	0.000000	0.000000	1.000000	0.000000	-0.081935	0.002828	-0.011653	1.071305	-0.033804
	0.000000	0.000000	0.000000	1.000000	0.000000	0.037534	0.005672	0.071109	1.000741	-0.103156
	0.000000	0.000000	0.000000	0.000000	1.000000	0.008236	0.003071	0.013259	-0.014350	1.004254
	0.000000	0.000000	0.000000	0.000000	1.000000	0.059897	-0.023255	0.005669	0.018430	0.957308
	0.000000	0.000000	0.000000	0.000000	1.000000	0.065568	0.066145	0.041871	-0.054615	0.912203
	0.000000	0.000000	0.000000	0.000000	1.000000	0.025742	-0.061326	-0.020144	0.088539	0.953015
	0.000000	0.000000	0.000000	0.000000	1.000000	0.114341	0.022461	0.010105	-0.059952	0.923100
	0.000000	0.000000	0.000000	0.000000	1.000000	0.058575	0.116405	-0.000357	-0.103379	0.926038
	0.000000	0.000000	0.000000	0.000000	1.000000	0.007225	0.045035	-0.007910	-0.054865	0.998609
	0.000000	0.000000	0.000000	0.000000	1.000000	0.047745	-0.021842	0.010928	-0.029761	1.002617
	0.000000	0.000000	0.000000	0.000000	1.000000	-0.032758	-0.042088	-0.003426	-0.000023	1.075529
	0.000000	0.000000	0.000000	0.000000	1.000000	0.017165	0.080617	-0.022789	-0.044817	0.944031
	0.000000	0.000000	0.000000	0.000000	1.000000	-0.022142	0.004375	-0.011764	0.021568	0.998097
	0.000000	0.000000	0.000000	0.000000	1.000000	-0.013071	-0.018058	-0.000083	-0.021544	1.048755
	0.000000	0.000000	0.000000	0.000000	1.000000	0.014784	0.056753	-0.012658	-0.061349	0.987310
	0.000000	0.000000	0.000000	0.000000	1.000000	-0.011475	-0.012720	0.002142	-0.029102	1.048285
	0.000000	0.000000	0.000000	0.000000	1.000000	0.003443	-0.009012	0.000359	-0.030548	1.032839
	0.000000	0.000000	0.000000	0.000000	1.000000	-0.001386	0.005158	-0.006534	0.004131	0.992144
	0.000000	0.000000	0.000000	0.000000	1.000000	0.003649	0.109701	-0.020285	-0.024272	0.914079
	0.000000	0.000000	0.000000	0.000000	1.000000	0.086096	-0.020411	-0.002365	0.045046	0.892430
	0.000000	0.000000	0.000000	0.000000	1.000000	0.015433	-0.014808	-0.002897	0.066696	0.938951
	0.000000	0.000000	0.000000	0.000000	1.000000	0.029669	0.068387	0.003816	-0.021338	0.915472
	0.000000	0.000000	0.000000	0.000000	1.000000	-0.007770	0.016462	0.006113	-0.046242	1.031196
	0.000000	0.000000	0.000000	0.000000	1.000000	-0.001895	-0.036002	0.012638	-0.032858	1.065657
	0.000000	0.000000	0.000000	0.000000	1.000000	-0.013501	0.006514	-0.003822	-0.034689	1.037851
	0.000000	0.000000	0.000000	0.000000	1.000000	0.067065	-0.016715	0.017750	-0.040956	1.001330
	0.000000	0.000000	0.000000	0.000000	1.000000	0.004259	-0.001452	0.010820	-0.046381	1.034998
	0.000000	0.000000	0.000000	0.000000	1.000000	-0.021962	-0.021808	0.005652	-0.019094	1.056397
	0.000000	0.000000	0.000000	0.000000	1.000000	0.046260	0.020764	0.015082	-0.078707	1.008751
	0.000000	0.000000	0.000000	0.000000	1.000000	0.024448	0.111062	-0.013305	-0.052652	0.913595
	0.000000	0.000000	0.000000	0.000000	1.000000	0.011223	-0.019178	0.013656	-0.017508	1.021444
	0.000000	0.000000	0.000000	0.000000	1.000000	-0.024859	-0.045369	0.008714	-0.009815	1.062747
	0.000000	0.000000	0.000000	0.000000	1.000000	0.010912	0.001686	0.016413	-0.040549	1.022192
	0.000000	0.000000	0.000000	0.000000	1.000000	-0.019803	-0.059929	0.001074	0.000596	1.081125
	0.000000	0.000000	0.000000	0.000000	1.000000	-0.021604	-0.010256	-0.014065	-0.007698	1.042903
	0.000000	0.000000	0.000000	0.000000	1.000000	0.009006	0.040575	-0.011229	-0.038664	0.989396
	0.000000	0.000000	0.000000	0.000000	1.000000	0.253969	-0.005246	0.005523	0.025850	0.731787
	0.000000	0.000000	0.000000	0.000000	1.000000	0.036814	0.063504	0.025120	-0.084224	0.978140
	0.000000	0.000000	0.000000	0.000000	1.000000	-0.000494	-0.034423	0.010721	-0.024527	1.054510
	0.000000	0.000000	0.000000	0.000000	1.000000	-0.031182	-0.031457	-0.009730	-0.002082	1.066152
	0.000000	0.000000	0.000000	0.000000	1.000000	0.022308	0.050010	-0.022176	-0.062604	0.990145
	0.000000	0.000000	0.000000	0.000000	1.000000	0.008670	-0.046189	0.005886	-0.017784	1.057741
	0.000000	0.000000	0.000000	0.000000	1.000000	0.043547	0.153211	-0.006658	-0.072121	0.870642
	0.000000	0.000000	0.000000	0.000000	1.000000	0.022936	0.073131	-0.000145	-0.019729	0.912007
	0.000000	0.000000	0.000000	0.000000	1.000000	-0.033883	-0.037203	-0.000978	0.007440	1.065693
	0.000000	0.000000	0.000000	0.000000	1.000000	0.001121	0.016506	-0.003545	-0.039156	1.019418
	0.000000	0.000000	0.000000	0.000000	1.000000	-0.019095	0.010052	-0.006956	-0.017807	1.027732
	0.000000	0.000000	0.000000	0.000000	1.000000	0.018170	0.023760	0.016702	-0.017035	0.970681
	0.000000	0.000000	0.000000	0.000000	1.000000	0.017731	0.079057	0.009036	-0.071309	0.968739
	0.000000	0.000000	0.000000	0.000000	1.000000	0.045888	0.002767	0.005996	-0.041171	0.983383
	0.000000	0.000000	0.000000	0.000000	1.000000	-0.022887	0.141983	0.006080	0.017984	0.870734
	0.000000	0.000000	0.000000	0.000000	1.000000	0.023211	0.068467	-0.007780	-0.046681	0.943560
	0.000000	0.000000	0.000000	0.000000	1.000000	0.010883	0.052989	-0.013028	-0.019299	0.946504
	0.000000	0.000000	0.000000	0.000000	1.000000	0.310730	0.008883	0.003492	0.130424	0.545132
	0.000000	0.000000	0.000000	0.000000	1.000000	-0.023370	0.075175	0.057932	-0.007045	0.910247
	0.000000	0.000000	0.000000	0.000000	1.000000	0.158038	0.035412	0.064307	-0.120204	0.893665
	0.000000	0.000000	0.000000	0.000000	1.000000	-0.002630	0.189883	0.027824	-0.063687	0.874096
	0.000000	0.000000	0.000000	0.000000	1.000000	0.032204	0.015825	0.053782	-0.020733	0.907192
	0.000000	0.000000	0.000000	0.000000	1.000000	-0.040777	0.035522	0.012405	0.062730	0.956369
	0.000000	0.000000	0.000000	0.000000	1.000000	-0.012446	0.003452	-0.003848	-0.036859	1.041700
	0.000000	0.000000	0.000000	0.000000	1.000000	0.051759	-0.020343	0.047667	-0.085757	1.014679
	0.000000	0.000000	0.000000	0.000000	1.000000	0.052693	0.023266	0.018228	-0.100020	1.020461
	0.000000	0.000000	0.000000	0.000000	1.000000	0.188184	0.042074	0.037617	-0.093182	0.874419
	0.000000	0.000000	0.000000	0.000000	1.000000	-0.008182	0.028319	-0.003315	-0.024390	1.003946
	0.000000	0.000000	0.000000	0.000000	1.000000	0.077427	-0.008655	0.035334	-0.112610	1.044338
	0.000000	0.000000	0.000000	0.000000	1.000000	0.084550	-0.021477	0.031932	-0.102952	1.044361
	0.000000	0.000000	0.000000	0.000000	1.000000	0.031696	0.113477	0.050536	0.045489	0.707242
	1.000000	0.000000	0.000000	0.000000	0.000000	0.576423	-0.044188	-0.057637	0.209432	0.258011
	1.000000	0.000000	0.000000	0.000000	0.000000	0.547233	-0.028335	-0.020948	0.017034	0.393701
	1.000000	0.000000	0.000000	0.000000	0.000000	0.710532	-0.026724	-0.042915	0.132641	0.194158
	1.000000	0.000000	0.000000	0.000000	0.000000	0.947640	0.001637	0.026158	-0.130036	0.254261
	1.000000	0.000000	0.000000	0.000000	0.000000	0.805433	-0.045950	-0.056804	0.148104	0.077469
	1.000000	0.000000	0.000000	0.000000	0.000000	0.880093	-0.024748	-0.024204	0.006919	0.159941
	1.000000	0.000000	0.000000	0.000000	0.000000	0.867380	-0.038294	-0.035170	0.049640	0.128139
	1.000000	0.000000	0.000000	0.000000	0.000000	0.849533	0.017169	-0.031909	0.188123	-0.026126
	1.000000	0.000000	0.000000	0.000000	0.000000	0.896576	-0.014279	-0.050406	0.131984	0.002050
	1.000000	0.000000	0.000000	0.000000	0.000000	0.333389	-0.029270	-0.011034	0.036703	0.689111
	1.000000	0.000000	0.000000	0.000000	0.000000	0.299385	0.476270	0.006247	0.241790	-0.044679
	1.000000	0.000000	0.000000	0.000000	0.000000	0.652786	-0.033241	-0.004915	-0.029949	0.462290
	1.000000	0.000000	0.000000	0.000000	0.000000	0.386031	-0.012996	0.022527	-0.096151	0.736484
	1.000000	0.000000	0.000000	0.000000	0.000000	0.437028	0.024182	0.051332	-0.062010	0.631245
	1.000000	0.000000	0.000000	0.000000	0.000000	0.732431	-0.023997	-0.020433	0.053132	0.150990
	1.000000	0.000000	0.000000	0.000000	0.000000	0.597383	-0.026648	0.021764	0.210688	0.055772
	0.000000	1.000000	0.000000	0.000000	0.000000	0.006352	1.051626	0.020838	-0.004027	-0.083400
	0.000000	1.000000	0.000000	0.000000	0.000000	0.013030	0.941124	-0.063432	0.033999	0.040371
	0.000000	1.000000	0.000000	0.000000	0.000000	0.058078	0.929258	0.145154	-0.017421	-0.155826
	0.000000	1.000000	0.000000	0.000000	0.000000	0.000035	0.983013	0.023453	0.044094	-0.106368
	0.000000	1.000000	0.000000	0.000000	0.000000	-0.006184	0.990678	-0.048517	0.045989	0.000786
	0.000000	1.000000	0.000000	0.000000	0.000000	0.131806	0.763198	0.064162	-0.107584	0.181229
	0.000000	1.000000	0.000000	0.000000	0.000000	0.058610	0.701421	-0.045487	-0.002744	0.213756
	0.000000	1.000000	0.000000	0.000000	0.000000	-0.056631	0.681807	-0.081581	0.162567	0.292454
	0.000000	1.000000	0.000000	0.000000	0.000000	0.006939	1.035529	-0.016922	-0.013534	-0.017249
	0.000000	1.000000	0.000000	0.000000	0.000000	0.000317	1.049845	-0.013104	-0.011393	-0.028504
	0.000000	1.000000	0.000000	0.000000	0.000000	0.029426	1.056924	0.041985	-0.079856	-0.034758
	0.000000	1.000000	0.000000	0.000000	0.000000	0.068372	0.947302	-0.043770	-0.072658	0.069915
	0.000000	1.000000	0.000000	0.000000	0.000000	0.005161	1.013759	-0.034965	0.006295	-0.003733
	0.000000	1.000000	0.000000	0.000000	0.000000	0.015790	0.994554	-0.034207	-0.009167	0.016138
	0.000000	1.000000	0.000000	0.000000	0.000000	-0.136545	0.934353	-0.057720	0.356412	-0.023787
	0.000000	1.000000	0.000000	0.000000	0.000000	-0.093184	0.849337	0.380397	-0.195975	0.211069
	0.000000	1.000000	0.000000	0.000000	0.000000	0.004696	1.040503	-0.013197	-0.013694	-0.021647
	0.000000	1.000000	0.000000	0.000000	0.000000	-0.007734	1.046340	0.024652	-0.066742	0.002018
	0.000000	1.000000	0.000000	0.000000	0.000000	-0.026497	1.079108	0.012221	-0.000303	-0.059694
	0.000000	1.000000	0.000000	0.000000	0.000000	0.228846	0.965677	0.009837	-0.112985	-0.050282
	0.000000	1.000000	0.000000	0.000000	0.000000	0.000143	1.045142	-0.017511	0.001044	-0.036366
	0.000000	1.000000	0.000000	0.000000	0.000000	0.054675	0.957120	-0.027037	-0.066713	0.061883
	0.000000	1.000000	0.000000	0.000000	0.000000	-0.011571	1.039558	0.021287	-0.062688	0.008467
	0.000000	1.000000	0.000000	0.000000	0.000000	-0.004877	1.027475	-0.005139	-0.015365	0.003213
	0.000000	1.000000	0.000000	0.000000	0.000000	-0.010015	1.070761	-0.001203	0.002442	-0.055594
	0.000000	1.000000	0.000000	0.000000	0.000000	-0.036708	0.877268	-0.044821	0.077865	0.132850
	0.000000	1.000000	0.000000	0.000000	0.000000	0.060487	1.002330	0.001990	-0.118309	0.046916
	0.000000	1.000000	0.000000	0.000000	0.000000	0.013420	0.972306	-0.017599	-0.005852	0.032398
	0.000000	1.000000	0.000000	0.000000	0.000000	-0.001310	1.053198	-0.012246	-0.013484	-0.026104
	0.000000	1.000000	0.000000	0.000000	0.000000	0.011555	0.935885	-0.011651	-0.016611	0.067910
	0.000000	1.000000	0.000000	0.000000	0.000000	-0.058913	0.910060	-0.053414	0.207658	-0.005461
	0.000000	1.000000	0.000000	0.000000	0.000000	-0.037726	0.887711	-0.017248	0.125988	0.015269
	0.000000	1.000000	0.000000	0.000000	0.000000	-0.003948	1.048991	0.007571	-0.023893	-0.032088
	0.000000	1.000000	0.000000	0.000000	0.000000	-0.012523	1.086027	0.002659	-0.008157	-0.062966
	0.000000	1.000000	0.000000	0.000000	0.000000	-0.157935	0.754584	0.373109	-0.105156	0.176355
	0.000000	0.000000	1.000000	0.000000	0.000000	-0.080398	-0.006639	0.958055	0.003602	0.127616
	0.000000	0.000000	1.000000	0.000000	0.000000	0.010073	-0.027307	0.942010	0.073192	0.002284
	0.000000	0.000000	1.000000	0.000000	0.000000	0.067443	0.101914	1.051677	-0.152690	-0.046353
	0.000000	0.000000	1.000000	0.000000	0.000000	0.077971	0.078586	0.884293	-0.015669	-0.041336
	0.000000	0.000000	1.000000	0.000000	0.000000	-0.066295	0.097785	0.922390	0.017485	-0.027963
	0.000000	0.000000	1.000000	0.000000	0.000000	0.062693	0.064968	0.931175	-0.000632	-0.062688
	0.000000	0.000000	1.000000	0.000000	0.000000	-0.027121	0.014355	0.557758	0.470371	-0.024376
	0.000000	0.000000	1.000000	0.000000	0.000000	-0.007120	0.100064	0.994466	-0.046224	-0.079283
	0.000000	0.000000	1.000000	0.000000	0.000000	0.006323	-0.011095	1.019557	-0.038277	0.019414
	0.000000	0.000000	1.000000	0.000000	0.000000	0.048638	0.004679	0.845047	0.130275	-0.028605
	0.000000	0.000000	1.000000	0.000000	0.000000	0.262837	0.133516	0.840107	-0.070851	-0.088379
	0.000000	0.000000	1.000000	0.000000	0.000000	0.054539	-0.034095	0.813939	0.183546	-0.011971
	0.000000	0.000000	1.000000	0.000000	0.000000	0.041884	0.032978	1.055050	-0.114417	-0.007795
	0.000000	0.000000	1.000000	0.000000	0.000000	-0.257339	0.181653	0.113005	0.871773	0.202570
	0.000000	0.000000	1.000000	0.000000	0.000000	-0.014147	-0.005610	1.016129	-0.032516	0.033568
	0.000000	0.000000	1.000000	0.000000	0.000000	0.076760	0.112594	1.048999	-0.163655	-0.037252
	0.000000	0.000000	0.000000	1.000000	0.000000	0.206578	0.062156	0.210212	0.723484	-0.139690
	0.000000	0.000000	0.000000	1.000000	0.000000	0.040029	-0.025706	-0.015403	0.565990	0.313400
	0.000000	0.000000	0.000000	1.000000	0.000000	-0.201130	0.161949	-0.074389	0.960272	0.221941
	0.000000	0.000000	0.000000	1.000000	0.000000	-0.146817	0.060652	-0.051142	1.067014	0.013546
	0.000000	0.000000	0.000000	1.000000	0.000000	0.090829	-0.022635	0.039391	0.860122	-0.025308
	0.000000	0.000000	0.000000	1.000000	0.000000	-0.112007	0.034299	-0.069688	0.922042	0.194915
	0.000000	0.000000	0.000000	1.000000	0.000000	0.149137	0.052819	-0.023571	0.752448	-0.005206
	0.000000	0.000000	0.000000	1.000000	0.000000	0.147044	0.019043	0.089300	0.904991	-0.121475
	0.000000	0.000000	0.000000	1.000000	0.000000	-0.124983	0.004281	0.070681	1.010453	0.008017
	0.000000	0.000000	0.000000	1.000000	0.000000	-0.118976	0.051396	-0.064467	1.043919	0.031192
	0.000000	0.000000	0.000000	1.000000	0.000000	0.203080	0.017540	0.222742	0.796557	-0.141554
	0.000000	0.000000	0.000000	1.000000	0.000000	0.006497	-0.018832	0.087264	0.998202	-0.072097
	0.000000	0.000000	0.000000	1.000000	0.000000	-0.199719	0.009334	0.008645	1.103322	0.051853
	0.000000	0.000000	0.000000	1.000000	0.000000	0.061372	-0.062130	0.530104	0.618972	-0.064957
	0.000000	0.000000	0.000000	1.000000	0.000000	0.042649	0.031754	0.281534	0.718681	-0.068895
	0.000000	0.000000	0.000000	0.000000	1.000000	0.032011	-0.011050	0.018629	-0.023011	1.007648
	0.000000	0.000000	0.000000	0.000000	1.000000	-0.027591	0.009073	0.005456	0.056421	0.979491
	0.000000	0.000000	0.000000	0.000000	1.000000	-0.012818	-0.003408	0.001410	-0.024200	1.036282
	0.000000	0.000000	0.000000	0.000000	1.000000	0.038472	0.019050	0.015982	-0.082552	1.017288
	0.000000	0.000000	0.000000	0.000000	1.000000	0.062401	0.076110	0.006744	-0.052843	0.904648
	0.000000	0.000000	0.000000	0.000000	1.000000	0.038175	-0.043831	0.018157	-0.053724	1.060100
	0.000000	0.000000	0.000000	0.000000	1.000000	-0.003843	-0.004251	-0.010591	0.085686	0.930731
	0.000000	0.000000	0.000000	0.000000	1.000000	0.010788	0.005643	0.006077	-0.042702	1.024322
	0.000000	0.000000	0.000000	0.000000	1.000000	0.194765	0.023027	0.055063	-0.119954	0.927742
	0.000000	0.000000	0.000000	0.000000	1.000000	0.457690	-0.032614	-0.024267	0.049754	0.495532
	0.000000	0.000000	0.000000	0.000000	1.000000	-0.006437	0.024476	-0.011631	-0.027978	1.008418
	0.000000	0.000000	0.000000	0.000000	1.000000	0.006389	-0.012332	0.033572	-0.060184	1.053095
	0.000000	0.000000	0.000000	0.000000	1.000000	0.006053	0.026333	-0.000890	-0.055444	1.015524
	0.000000	0.000000	0.000000	0.000000	1.000000	-0.032597	-0.063793	-0.000974	0.015110	1.087838
	0.000000	0.000000	0.000000	0.000000	1.000000	0.019893	0.038406	-0.002755	-0.056294	0.992280
	0.000000	0.000000	0.000000	0.000000	1.000000	0.000022	-0.069518	-0.023382	0.097751	0.991849
	0.000000	0.000000	0.000000	0.000000	1.000000	0.010810	-0.010331	0.015840	-0.012437	1.011512
	0.000000	0.000000	0.000000	0.000000	1.000000	-0.047449	0.107870	-0.015584	0.055315	0.904393
	0.000000	0.000000	0.000000	0.000000	1.000000	0.020458	0.043073	0.009768	-0.087224	1.014272
	0.000000	0.000000	0.000000	0.000000	1.000000	-0.016054	-0.005443	-0.011511	0.097546	0.932801
	0.000000	0.000000	0.000000	0.000000	1.000000	0.027358	-0.014478	0.003919	-0.043574	1.030392
	0.000000	0.000000	0.000000	0.000000	1.000000	-0.004470	-0.006186	0.001977	-0.052755	1.054137
	0.000000	0.000000	0.000000	0.000000	1.000000	0.110126	0.029453	0.037059	-0.132596	1.006622
	0.000000	0.000000	0.000000	0.000000	1.000000	0.038101	-0.021542	0.010750	-0.008526	0.998726
	0.000000	0.000000	0.000000	0.000000	1.000000	0.014941	0.026600	0.004734	-0.070583	1.021943
	0.000000	0.000000	0.000000	0.000000	1.000000	0.045865	-0.001344	0.028398	-0.104719	1.046803
	0.000000	0.000000	0.000000	0.000000	1.000000	0.020117	-0.027734	0.020157	-0.067151	1.066254
	0.000000	0.000000	0.000000	0.000000	1.000000	0.140400	-0.020149	-0.011334	0.082611	0.793193
	0.000000	0.000000	0.000000	0.000000	1.000000	0.009979	-0.052166	0.013156	-0.043944	1.080601
	0.000000	0.000000	0.000000	0.000000	1.000000	-0.022559	-0.030098	0.001441	-0.011194	1.062977
	0.000000	0.000000	0.000000	0.000000	1.000000	-0.045410	-0.062886	-0.008733	0.058757	1.069685
	0.000000	0.000000	0.000000	0.000000	1.000000	0.014210	0.010454	-0.009629	-0.024823	1.001637
	0.000000	0.000000	0.000000	0.000000	1.000000	-0.007051	-0.028601	0.003078	-0.037424	1.069316
	0.000000	0.000000	0.000000	0.000000	1.000000	-0.018598	-0.006013	-0.008411	-0.024892	1.046278
	0.000000	0.000000	0.000000	0.000000	1.000000	0.051473	-0.031740	0.014163	-0.015871	1.002699
	0.000000	0.000000	0.000000	0.000000	1.000000	0.032193	0.163887	-0.018355	-0.050741	0.849493
	0.000000	0.000000	0.000000	0.000000	1.000000	0.036581	0.056874	0.009836	-0.095922	0.996758
	0.000000	0.000000	0.000000	0.000000	1.000000	0.040874	0.185867	-0.015548	-0.069368	0.841935
	0.000000	0.000000	0.000000	0.000000	1.000000	0.029271	0.130466	-0.015330	-0.068884	0.909177
	0.000000	0.000000	0.000000	0.000000	1.000000	0.023108	0.053840	0.014647	-0.056253	0.968398
	0.000000	0.000000	0.000000	0.000000	1.000000	0.049799	0.128731	-0.036976	-0.082222	0.908788
	0.000000	0.000000	0.000000	0.000000	1.000000	0.000069	0.057155	-0.006422	-0.011520	0.954922
	0.000000	0.000000	0.000000	0.000000	1.000000	-0.003612	-0.055502	-0.003543	0.013808	1.052966
	0.000000	0.000000	0.000000	0.000000	1.000000	0.066438	0.025418	0.021045	-0.083145	0.989744
	0.000000	0.000000	0.000000	0.000000	1.000000	-0.045950	-0.016564	-0.001878	0.017184	1.053749
	0.000000	0.000000	0.000000	0.000000	1.000000	0.012264	0.022627	0.011162	-0.082993	1.035784
	0.000000	0.000000	0.000000	0.000000	1.000000	0.006926	-0.023474	0.000534	-0.025664	1.044202
	0.000000	0.000000	0.000000	0.000000	1.000000	0.006137	0.035846	0.003032	-0.030318	0.982785
	0.000000	0.000000	0.000000	0.000000	1.000000	0.060126	0.119529	-0.007677	-0.109408	0.933160
	0.000000	0.000000	0.000000	0.000000	1.000000	-0.013002	-0.026974	0.005048	-0.005097	1.043034
	0.000000	0.000000	0.000000	0.000000	1.000000	0.070303	-0.008834	0.025542	-0.095446	1.038133
	0.000000	0.000000	0.000000	0.000000	1.000000	-0.007088	0.032493	-0.005677	-0.046117	1.015427
	0.000000	0.000000	0.000000	0.000000	1.000000	0.040325	0.029109	0.000932	-0.054677	0.971549
	0.000000	0.000000	0.000000	0.000000	1.000000	-0.000057	0.004325	0.000022	-0.043062	1.031623
	0.000000	0.000000	0.000000	0.000000	1.000000	-0.057328	0.003453	0.047410	0.020071	1.009577
	0.000000	0.000000	0.000000	0.000000	1.000000	0.015768	0.013145	0.001407	-0.023151	0.990084
	0.000000	0.000000	0.000000	0.000000	1.000000	0.038435	0.045986	0.010586	-0.081545	0.993101
	0.000000	0.000000	0.000000	0.000000	1.000000	0.007673	-0.038854	0.009640	-0.014456	1.041931
	0.000000	0.000000	0.000000	0.000000	1.000000	0.150795	0.003002	0.059248	-0.158480	1.034960
	0.000000	0.000000	0.000000	0.000000	1.000000	0.060540	-0.014642	0.026746	-0.098884	1.052690
	0.000000	0.000000	0.000000	0.000000	1.000000	0.027154	-0.017945	0.019596	-0.058305	1.044665
