	1.000000	0.000000	0.000000	0.000000	0.000000	0.985765	-0.006970	0.019440	-0.078928	0.081616
	1.000000	0.000000	0.000000	0.000000	0.000000	0.943148	-0.035501	-0.033809	0.027601	0.075286
	1.000000	0.000000	0.000000	0.000000	0.000000	1.064163	-0.039838	-0.009438	-0.039296	-0.069377
	1.000000	0.000000	0.000000	0.000000	0.000000	1.068642	-0.018967	-0.040912	0.009938	-0.067395
	1.000000	0.000000	0.000000	0.000000	0.000000	0.882238	-0.031252	-0.039806	0.077629	0.092203
	1.000000	0.000000	0.000000	0.000000	0.000000	0.928486	-0.003976	-0.011908	-0.025534	0.110840
	1.000000	0.000000	0.000000	0.000000	0.000000	0.838961	-0.021409	-0.033455	0.096153	0.104908
	1.000000	0.000000	0.000000	0.000000	0.000000	1.013493	-0.009532	-0.035622	0.056589	-0.069397
	1.000000	0.000000	0.000000	0.000000	0.000000	0.924912	-0.009932	-0.000775	-0.073552	0.185864
	1.000000	0.000000	0.000000	0.000000	0.000000	0.993459	-0.015512	-0.033608	0.134668	-0.122926
	1.000000	0.000000	0.000000	0.000000	0.000000	0.904391	0.000171	-0.007198	-0.054425	0.158951
	1.000000	0.000000	0.000000	0.000000	0.000000	0.973842	-0.024070	-0.000269	-0.057224	0.039603
	1.000000	0.000000	0.000000	0.000000	0.000000	0.913579	-0.026337	-0.053237	0.138971	-0.015372
	1.000000	0.000000	0.000000	0.000000	0.000000	0.482005	0.164523	0.064188	-0.031767	0.350411
	0.000000	1.000000	0.000000	0.000000	0.000000	0.009581	1.027898	0.014093	-0.041924	-0.013741
	0.000000	1.000000	0.000000	0.000000	0.000000	-0.017603	1.026392	-0.012067	0.027174	-0.023235
	0.000000	1.000000	0.000000	0.000000	0.000000	-0.020763	1.046070	0.016416	-0.035700	-0.005182
	0.000000	1.000000	0.000000	0.000000	0.000000	-0.028214	1.026527	-0.023782	0.047447	-0.014625
	0.000000	1.000000	0.000000	0.000000	0.000000	0.013585	1.043502	0.009861	-0.046999	-0.010967
	0.000000	1.000000	0.000000	0.000000	0.000000	-0.008938	0.990670	-0.022726	0.037753	-0.010511
	0.000000	1.000000	0.000000	0.000000	0.000000	0.002574	0.930334	-0.029866	0.009574	0.069376
	0.000000	1.000000	0.000000	0.000000	0.000000	-0.023347	0.936638	-0.032226	0.099804	0.009838
	0.000000	1.000000	0.000000	0.000000	0.000000	-0.028037	1.046602	0.000494	0.036051	-0.049094
	0.000000	1.000000	0.000000	0.000000	0.000000	-0.002611	1.024548	-0.013580	0.033478	-0.057144
	0.000000	1.000000	0.000000	0.000000	0.000000	0.013400	1.009941	0.004643	-0.032261	0.006216
	0.000000	1.000000	0.000000	0.000000	0.000000	-0.000024	1.054237	-0.013433	0.013040	-0.059666
	0.000000	1.000000	0.000000	0.000000	0.000000	-0.016157	1.026640	0.022927	-0.032773	0.005041
	0.000000	1.000000	0.000000	0.000000	0.000000	-0.015973	1.029066	-0.006492	0.007301	-0.006919
	0.000000	1.000000	0.000000	0.000000	0.000000	0.008187	0.999457	-0.017484	-0.018424	0.021365
	0.000000	1.000000	0.000000	0.000000	0.000000	-0.009585	1.048976	0.009409	-0.015395	-0.028270
	0.000000	1.000000	0.000000	0.000000	0.000000	0.056732	0.840732	-0.026389	-0.057981	0.153870
	0.000000	1.000000	0.000000	0.000000	0.000000	0.027504	0.949854	-0.034157	-0.023006	0.054132
	0.000000	1.000000	0.000000	0.000000	0.000000	-0.028858	0.984367	0.054227	0.011338	-0.028353
	0.000000	1.000000	0.000000	0.000000	0.000000	0.020440	0.996473	-0.030922	-0.018856	0.013996
	0.000000	1.000000	0.000000	0.000000	0.000000	-0.006296	1.059240	0.050567	-0.056576	-0.036356
	0.000000	1.000000	0.000000	0.000000	0.000000	-0.041001	0.823143	-0.047863	0.102288	0.166065
	0.000000	1.000000	0.000000	0.000000	0.000000	-0.024533	0.847528	-0.029172	0.042360	0.164649
	0.000000	1.000000	0.000000	0.000000	0.000000	0.044140	0.919500	0.112002	-0.120261	0.069112
	0.000000	1.000000	0.000000	0.000000	0.000000	0.008724	1.065553	0.001023	-0.036886	-0.034223
	0.000000	1.000000	0.000000	0.000000	0.000000	0.063615	1.061772	0.004260	-0.101106	-0.023300
	0.000000	1.000000	0.000000	0.000000	0.000000	0.031534	1.033527	0.057483	-0.083542	-0.021537
	0.000000	1.000000	0.000000	0.000000	0.000000	-0.068069	0.973127	0.005459	0.088723	-0.007967
	0.000000	1.000000	0.000000	0.000000	0.000000	0.034193	0.887002	0.018746	0.002543	0.041295
	0.000000	1.000000	0.000000	0.000000	0.000000	0.014332	0.915571	0.010238	0.007941	0.020783
	0.000000	1.000000	0.000000	0.000000	0.000000	0.031309	0.983541	0.047368	-0.000678	-0.066033
	0.000000	1.000000	0.000000	0.000000	0.000000	0.048356	0.990284	-0.026292	-0.067655	0.038440
	0.000000	1.000000	0.000000	0.000000	0.000000	-0.021930	1.082213	0.004033	0.001568	-0.052968
	0.000000	1.000000	0.000000	0.000000	0.000000	-0.030606	1.011163	0.034796	0.002916	-0.034508
	0.000000	1.000000	0.000000	0.000000	0.000000	0.068691	0.550663	0.062631	0.208617	-0.017808
	0.000000	1.000000	0.000000	0.000000	0.000000	0.017015	0.994414	-0.021603	-0.030574	0.029962
	0.000000	1.000000	0.000000	0.000000	0.000000	-0.011962	1.004107	-0.020777	0.044534	-0.015697
	0.000000	1.000000	0.000000	0.000000	0.000000	-0.006336	1.047014	0.015696	-0.021245	-0.035764
	0.000000	1.000000	0.000000	0.000000	0.000000	-0.014649	1.076469	-0.002899	0.002740	-0.053241
	0.000000	0.000000	1.000000	0.000000	0.000000	0.017892	0.037693	1.024695	-0.064971	-0.024875
	0.000000	0.000000	1.000000	0.000000	0.000000	-0.042768	0.107479	0.987980	-0.057072	-0.059102
	0.000000	0.000000	1.000000	0.000000	0.000000	-0.018006	0.004413	1.037442	-0.045257	0.007323
	0.000000	0.000000	1.000000	0.000000	0.000000	-0.025280	0.018957	0.888833	0.101870	-0.006835
	0.000000	0.000000	1.000000	0.000000	0.000000	0.008449	0.011159	1.056773	-0.080279	0.001380
	0.000000	0.000000	1.000000	0.000000	0.000000	-0.074771	-0.004356	0.900818	0.143823	0.022206
	0.000000	0.000000	1.000000	0.000000	0.000000	0.005466	-0.013627	1.017364	-0.028295	0.017779
	0.000000	0.000000	1.000000	0.000000	0.000000	0.030413	0.007820	0.964534	0.005168	-0.007776
	0.000000	0.000000	1.000000	0.000000	0.000000	0.062558	0.038852	1.038180	-0.109753	-0.012841
	0.000000	0.000000	1.000000	0.000000	0.000000	-0.048309	-0.031674	0.958382	0.087336	0.036516
	0.000000	0.000000	1.000000	0.000000	0.000000	0.012862	0.034174	0.900912	0.045831	-0.017674
	0.000000	0.000000	1.000000	0.000000	0.000000	-0.036245	-0.029859	1.029685	-0.008173	0.040006
	0.000000	0.000000	1.000000	0.000000	0.000000	-0.021677	-0.016850	1.003215	-0.036249	0.072265
	0.000000	0.000000	0.000000	1.000000	0.000000	-0.110719	0.055565	-0.032035	1.043016	-0.017185
	0.000000	0.000000	0.000000	1.000000	0.000000	0.126752	0.079708	0.004623	0.796313	-0.044430
	0.000000	0.000000	0.000000	1.000000	0.000000	0.149763	0.104704	-0.045655	0.666663	0.103183
	0.000000	0.000000	0.000000	1.000000	0.000000	-0.152535	0.159594	-0.074664	0.946388	0.165645
	0.000000	0.000000	0.000000	1.000000	0.000000	0.092721	-0.023526	0.034187	0.865996	-0.023286
	0.000000	0.000000	0.000000	1.000000	0.000000	0.007821	0.033756	-0.035151	0.773854	0.133336
	0.000000	0.000000	0.000000	1.000000	0.000000	0.006598	-0.033402	0.114926	0.966376	-0.058340
	0.000000	0.000000	0.000000	1.000000	0.000000	-0.094883	0.255331	-0.083897	0.864274	0.064692
	0.000000	0.000000	0.000000	1.000000	0.000000	-0.100322	-0.006782	-0.044518	0.995971	0.106066
	0.000000	0.000000	0.000000	1.000000	0.000000	-0.118191	0.001267	-0.074252	0.923529	0.255471
	0.000000	0.000000	0.000000	1.000000	0.000000	0.150750	-0.033760	0.169399	0.899580	-0.117354
	0.000000	0.000000	0.000000	1.000000	0.000000	-0.024470	-0.031865	0.090623	1.011712	-0.062365
	0.000000	0.000000	0.000000	1.000000	0.000000	-0.032146	0.043851	-0.017826	0.988919	-0.040557
	0.000000	0.000000	0.000000	1.000000	0.000000	0.155570	-0.054452	0.155169	0.979179	-0.128990
	0.000000	0.000000	0.000000	1.000000	0.000000	-0.104348	-0.028517	-0.010237	1.095250	-0.013719
	0.000000	0.000000	0.000000	1.000000	0.000000	0.002472	-0.023520	0.073721	1.028378	-0.085252
	0.000000	0.000000	0.000000	0.000000	1.000000	-0.007418	-0.013258	0.011594	0.008869	1.014921
	0.000000	0.000000	0.000000	0.000000	1.000000	0.044002	-0.036667	0.004013	0.041077	0.966391
	0.000000	0.000000	0.000000	0.000000	1.000000	0.040737	0.044282	0.037507	-0.021799	0.926089
	0.000000	0.000000	0.000000	0.000000	1.000000	0.011110	-0.068822	-0.021175	0.106704	0.960073
	0.000000	0.000000	0.000000	0.000000	1.000000	0.086930	0.003502	0.010219	-0.040134	0.947040
	0.000000	0.000000	0.000000	0.000000	1.000000	0.036840	0.087790	0.001495	-0.082841	0.949221
	0.000000	0.000000	0.000000	0.000000	1.000000	-0.004550	0.031526	-0.008422	-0.041727	1.008118
	0.000000	0.000000	0.000000	0.000000	1.000000	0.037457	-0.033794	0.009393	-0.011401	1.007864
	0.000000	0.000000	0.000000	0.000000	1.000000	-0.041630	-0.053524	-0.003034	0.012363	1.082707
	0.000000	0.000000	0.000000	0.000000	1.000000	0.004390	0.060118	-0.019921	-0.031188	0.960181
	0.000000	0.000000	0.000000	0.000000	1.000000	-0.031839	-0.013148	-0.009511	0.037822	1.009940
	0.000000	0.000000	0.000000	0.000000	1.000000	-0.021679	-0.032399	0.001179	-0.008073	1.057227
	0.000000	0.000000	0.000000	0.000000	1.000000	-0.002938	0.034241	-0.011323	-0.043634	1.005480
	0.000000	0.000000	0.000000	0.000000	1.000000	-0.022700	-0.027688	0.002462	-0.013588	1.058021
	0.000000	0.000000	0.000000	0.000000	1.000000	-0.011001	-0.025353	0.001320	-0.014114	1.045798
	0.000000	0.000000	0.000000	0.000000	1.000000	-0.017888	-0.013024	-0.005618	0.023603	1.008083
	0.000000	0.000000	0.000000	0.000000	1.000000	-0.013084	0.084379	-0.017240	-0.005150	0.935254
	0.000000	0.000000	0.000000	0.000000	1.000000	0.072744	-0.034495	-0.002465	0.065961	0.903073
	0.000000	0.000000	0.000000	0.000000	1.000000	0.001853	-0.030129	-0.002974	0.088005	0.951672
	0.000000	0.000000	0.000000	0.000000	1.000000	0.009910	0.043669	0.004280	0.006084	0.934003
	0.000000	0.000000	0.000000	0.000000	1.000000	-0.025600	-0.004401	0.005291	-0.023870	1.046158
	0.000000	0.000000	0.000000	0.000000	1.000000	-0.020319	-0.049872	0.010582	-0.011838	1.076647
	0.000000	0.000000	0.000000	0.000000	1.000000	-0.029138	-0.013201	-0.002845	-0.016235	1.052623
	0.000000	0.000000	0.000000	0.000000	1.000000	0.048190	-0.030462	0.016196	-0.021215	1.012819
	0.000000	0.000000	0.000000	0.000000	1.000000	-0.012025	-0.018312	0.009754	-0.026528	1.047155
	0.000000	0.000000	0.000000	0.000000	1.000000	-0.034663	-0.035296	0.005087	-0.002957	1.066019
	0.000000	0.000000	0.000000	0.000000	1.000000	0.026138	0.002520	0.012857	-0.056226	1.021989
	0.000000	0.000000	0.000000	0.000000	1.000000	0.004923	0.081837	-0.009080	-0.032086	0.938491
	0.000000	0.000000	0.000000	0.000000	1.000000	-0.008373	-0.031569	0.009765	0.007372	1.030872
	0.000000	0.000000	0.000000	0.000000	1.000000	-0.037955	-0.052665	0.005594	0.010179	1.066573
	0.000000	0.000000	0.000000	0.000000	1.000000	-0.006479	-0.015141	0.014616	-0.018006	1.033866
	0.000000	0.000000	0.000000	0.000000	1.000000	-0.029392	-0.068577	0.001038	0.012480	1.087133
	0.000000	0.000000	0.000000	0.000000	1.000000	-0.031081	-0.023686	-0.013244	0.004553	1.051791
	0.000000	0.000000	0.000000	0.000000	1.000000	-0.008665	0.018743	-0.009600	-0.019693	1.007486
	0.000000	0.000000	0.000000	0.000000	1.000000	0.216433	-0.020541	0.001590	0.055318	0.754064
	0.000000	0.000000	0.000000	0.000000	1.000000	0.014983	0.037565	0.026186	-0.061922	0.998463
	0.000000	0.000000	0.000000	0.000000	1.000000	-0.012412	-0.046383	0.009797	-0.008096	1.062071
	0.000000	0.000000	0.000000	0.000000	1.000000	-0.040486	-0.043558	-0.009106	0.009962	1.074228
	0.000000	0.000000	0.000000	0.000000	1.000000	0.004353	0.028500	-0.021109	-0.044738	1.007536
	0.000000	0.000000	0.000000	0.000000	1.000000	-0.000933	-0.055950	0.005335	-0.003945	1.063321
	0.000000	0.000000	0.000000	0.000000	1.000000	0.021705	0.120468	-0.001705	-0.051270	0.899604
	0.000000	0.000000	0.000000	0.000000	1.000000	0.007157	0.045881	0.003829	0.001868	0.933545
	0.000000	0.000000	0.000000	0.000000	1.000000	-0.044987	-0.049689	-0.001295	0.023285	1.073904
	0.000000	0.000000	0.000000	0.000000	1.000000	-0.011904	0.000220	-0.003822	-0.022881	1.030549
	0.000000	0.000000	0.000000	0.000000	1.000000	-0.033727	-0.008105	-0.006334	-0.000094	1.041482
	0.000000	0.000000	0.000000	0.000000	1.000000	0.001032	0.004028	0.015581	0.008697	0.984023
	0.000000	0.000000	0.000000	0.000000	1.000000	-0.002054	0.053137	0.009861	-0.048250	0.987791
	0.000000	0.000000	0.000000	0.000000	1.000000	0.024989	-0.013307	0.005333	-0.021369	0.999961
	0.000000	0.000000	0.000000	0.000000	1.000000	-0.042769	0.110079	0.008481	0.047048	0.896978
	0.000000	0.000000	0.000000	0.000000	1.000000	0.012766	0.045522	-0.003887	-0.031444	0.959381
	0.000000	0.000000	0.000000	0.000000	1.000000	-0.000263	0.030721	-0.009264	-0.003679	0.963244
	0.000000	0.000000	0.000000	0.000000	1.000000	0.270485	-0.005768	-0.003019	0.172924	0.561320
	0.000000	0.000000	0.000000	0.000000	1.000000	-0.054665	0.052906	0.051975	0.036116	0.934410
	0.000000	0.000000	0.000000	0.000000	1.000000	0.114833	0.016901	0.057708	-0.091819	0.919504
	0.000000	0.000000	0.000000	0.000000	1.000000	-0.029241	0.148732	0.030546	-0.031720	0.907283
	0.000000	0.000000	0.000000	0.000000	1.000000	-0.003509	0.003600	0.049458	0.009690	0.932171
	0.000000	0.000000	0.000000	0.000000	1.000000	-0.052403	0.020690	0.008512	0.084545	0.965341
	0.000000	0.000000	0.000000	0.000000	1.000000	-0.027686	-0.014529	-0.003938	-0.018296	1.054611
	0.000000	0.000000	0.000000	0.000000	1.000000	0.022334	-0.031752	0.043377	-0.063425	1.031016
	0.000000	0.000000	0.000000	0.000000	1.000000	0.031919	0.004682	0.016177	-0.080014	1.034459
	0.000000	0.000000	0.000000	0.000000	1.000000	0.154227	0.025009	0.032585	-0.067871	0.893748
	0.000000	0.000000	0.000000	0.000000	1.000000	-0.019965	0.008381	-0.001682	-0.007179	1.016940
	0.000000	0.000000	0.000000	0.000000	1.000000	0.058595	-0.021250	0.031733	-0.093404	1.052842
	0.000000	0.000000	0.000000	0.000000	1.000000	0.067696	-0.031680	0.028938	-0.085642	1.051440
	0.000000	0.000000	0.000000	0.000000	1.000000	-0.002889	0.081375	0.046871	0.093590	0.742568
	1.000000	0.000000	0.000000	0.000000	0.000000	0.562677	-0.052222	-0.061738	0.246361	0.243591
	1.000000	0.000000	0.000000	0.000000	0.000000	0.488683	-0.033589	-0.023815	0.043377	0.423414
	1.000000	0.000000	0.000000	0.000000	0.000000	0.695589	-0.033730	-0.046185	0.164579	0.185455
	1.000000	0.000000	0.000000	0.000000	0.000000	0.930065	0.001015	0.023557	-0.115997	0.257850
	1.000000	0.000000	0.000000	0.000000	0.000000	0.788187	-0.050946	-0.056396	0.172830	0.077347
	1.000000	0.000000	0.000000	0.000000	0.000000	0.872057	-0.027546	-0.025839	0.026486	0.151678
	1.000000	0.000000	0.000000	0.000000	0.000000	0.853247	-0.042054	-0.034677	0.065792	0.130108
	1.000000	0.000000	0.000000	0.000000	0.000000	0.819043	0.011598	-0.033841	0.227301	-0.021428
	1.000000	0.000000	0.000000	0.000000	0.000000	0.885695	-0.019305	-0.051462	0.157900	-0.001399
	1.000000	0.000000	0.000000	0.000000	0.000000	0.305985	-0.039588	-0.013348	0.059659	0.701595
	1.000000	0.000000	0.000000	0.000000	0.000000	0.269526	0.423791	0.007899	0.311062	-0.032681
	1.000000	0.000000	0.000000	0.000000	0.000000	0.637519	-0.035984	-0.006681	-0.014962	0.460733
	1.000000	0.000000	0.000000	0.000000	0.000000	0.348351	-0.019612	0.019149	-0.078316	0.757540
	1.000000	0.000000	0.000000	0.000000	0.000000	0.410795	0.009259	0.046435	-0.037267	0.644558
	1.000000	0.000000	0.000000	0.000000	0.000000	0.683619	-0.028592	-0.021827	0.082175	0.169611
	1.000000	0.000000	0.000000	0.000000	0.000000	0.499252	-0.039253	0.021287	0.262627	0.094443
	0.000000	1.000000	0.000000	0.000000	0.000000	0.000384	1.039718	0.019596	0.012230	-0.081147
	0.000000	1.000000	0.000000	0.000000	0.000000	0.005305	0.937392	-0.060945	0.045572	0.040682
	0.000000	1.000000	0.000000	0.000000	0.000000	0.037728	0.899467	0.138759	0.022752	-0.155519
	0.000000	1.000000	0.000000	0.000000	0.000000	0.008472	0.970618	0.023749	0.058235	-0.112117
	0.000000	1.000000	0.000000	0.000000	0.000000	-0.011480	0.986723	-0.046522	0.055700	0.000933
	0.000000	1.000000	0.000000	0.000000	0.000000	0.110791	0.731727	0.070350	-0.081497	0.197465
	0.000000	1.000000	0.000000	0.000000	0.000000	0.048699	0.678991	-0.040563	0.017037	0.222751
	0.000000	1.000000	0.000000	0.000000	0.000000	-0.064346	0.681814	-0.082383	0.178325	0.287656
	0.000000	1.000000	0.000000	0.000000	0.000000	0.001034	1.028318	-0.015457	-0.003646	-0.013574
	0.000000	1.000000	0.000000	0.000000	0.000000	-0.004288	1.044332	-0.011157	-0.002797	-0.026519
	0.000000	1.000000	0.000000	0.000000	0.000000	0.022793	1.048178	0.041330	-0.064970	-0.032936
	0.000000	1.000000	0.000000	0.000000	0.000000	0.057372	0.943145	-0.041229	-0.061127	0.071244
	0.000000	1.000000	0.000000	0.000000	0.000000	-0.000469	1.007910	-0.033288	0.015405	-0.001231
	0.000000	1.000000	0.000000	0.000000	0.000000	0.007290	0.987715	-0.032807	0.003319	0.019586
	0.000000	1.000000	0.000000	0.000000	0.000000	-0.139500	0.924316	-0.054681	0.353156	-0.012806
	0.000000	1.000000	0.000000	0.000000	0.000000	-0.118164	0.830188	0.385286	-0.185291	0.246770
	0.000000	1.000000	0.000000	0.000000	0.000000	-0.000412	1.033108	-0.011219	-0.005317	-0.017543
	0.000000	1.000000	0.000000	0.000000	0.000000	-0.014248	1.039950	0.023815	-0.055367	0.005127
	0.000000	1.000000	0.000000	0.000000	0.000000	-0.026820	1.071808	0.012185	0.004575	-0.056794
	0.000000	1.000000	0.000000	0.000000	0.000000	0.217924	0.953968	0.013292	-0.096065	-0.048840
	0.000000	1.000000	0.000000	0.000000	0.000000	-0.002448	1.039474	-0.015428	0.007457	-0.034605
	0.000000	1.000000	0.000000	0.000000	0.000000	0.042845	0.948557	-0.023765	-0.053740	0.067421
	0.000000	1.000000	0.000000	0.000000	0.000000	-0.017275	1.032792	0.020115	-0.052922	0.012303
	0.000000	1.000000	0.000000	0.000000	0.000000	-0.014012	1.016123	-0.003497	-0.000600	0.010901
	0.000000	1.000000	0.000000	0.000000	0.000000	-0.013057	1.062826	-0.000155	0.009749	-0.051405
	0.000000	1.000000	0.000000	0.000000	0.000000	-0.051678	0.862347	-0.042371	0.104392	0.143648
	0.000000	1.000000	0.000000	0.000000	0.000000	0.047732	0.997844	0.002938	-0.104288	0.048023
	0.000000	1.000000	0.000000	0.000000	0.000000	0.000208	0.957463	-0.014844	0.012291	0.043992
	0.000000	1.000000	0.000000	0.000000	0.000000	-0.006265	1.047421	-0.010721	-0.004357	-0.023832
	0.000000	1.000000	0.000000	0.000000	0.000000	0.002501	0.923687	-0.008446	-0.003233	0.075643
	0.000000	1.000000	0.000000	0.000000	0.000000	-0.064986	0.895255	-0.050711	0.223251	0.001453
	0.000000	1.000000	0.000000	0.000000	0.000000	-0.046603	0.864028	-0.013027	0.149519	0.026288
	0.000000	1.000000	0.000000	0.000000	0.000000	-0.008122	1.041553	0.008767	-0.014291	-0.029117
	0.000000	1.000000	0.000000	0.000000	0.000000	-0.012896	1.079705	0.003469	-0.004231	-0.060156
	0.000000	1.000000	0.000000	0.000000	0.000000	-0.173694	0.714537	0.376764	-0.082504	0.207619
	0.000000	0.000000	1.000000	0.000000	0.000000	-0.094295	-0.026337	0.949946	0.041043	0.133413
	0.000000	0.000000	1.000000	0.000000	0.000000	-0.008949	-0.044134	0.939558	0.105793	0.012195
	0.000000	0.000000	1.000000	0.000000	0.000000	0.048545	0.074554	1.056660	-0.140029	-0.029629
	0.000000	0.000000	1.000000	0.000000	0.000000	0.063654	0.051325	0.888506	0.010373	-0.031649
	0.000000	0.000000	1.000000	0.000000	0.000000	-0.077021	0.062168	0.929830	0.044547	-0.013516
	0.000000	0.000000	1.000000	0.000000	0.000000	0.037338	0.032354	0.937857	0.028811	-0.044468
	0.000000	0.000000	1.000000	0.000000	0.000000	-0.066159	-0.015308	0.555662	0.528118	0.002943
	0.000000	0.000000	1.000000	0.000000	0.000000	-0.024132	0.066265	1.001997	-0.026601	-0.061727
	0.000000	0.000000	1.000000	0.000000	0.000000	-0.005107	-0.024905	1.017488	-0.017651	0.025046
	0.000000	0.000000	1.000000	0.000000	0.000000	0.028336	-0.014640	0.846891	0.160688	-0.017749
	0.000000	0.000000	1.000000	0.000000	0.000000	0.228977	0.099819	0.844742	-0.041622	-0.073537
	0.000000	0.000000	1.000000	0.000000	0.000000	0.031690	-0.048362	0.809448	0.223074	-0.003858
	0.000000	0.000000	1.000000	0.000000	0.000000	0.028304	0.013760	1.056198	-0.098949	0.002933
	0.000000	0.000000	1.000000	0.000000	0.000000	-0.263144	0.127843	0.116608	0.912394	0.230493
	0.000000	0.000000	1.000000	0.000000	0.000000	-0.026259	-0.022394	1.014349	-0.009416	0.040614
	0.000000	0.000000	1.000000	0.000000	0.000000	0.053592	0.081763	1.054870	-0.150032	-0.017757
	0.000000	0.000000	0.000000	1.000000	0.000000	0.149284	0.026961	0.216107	0.774157	-0.119517
	0.000000	0.000000	0.000000	1.000000	0.000000	-0.000515	-0.050802	-0.019003	0.626431	0.344429
	0.000000	0.000000	0.000000	1.000000	0.000000	-0.208736	0.119937	-0.074466	0.996978	0.238269
	0.000000	0.000000	0.000000	1.000000	0.000000	-0.164984	0.018494	-0.048665	1.095434	0.040626
	0.000000	0.000000	0.000000	1.000000	0.000000	0.040143	-0.041780	0.036616	0.902328	-0.002235
	0.000000	0.000000	0.000000	1.000000	0.000000	-0.138599	0.001770	-0.072631	0.966655	0.227612
	0.000000	0.000000	0.000000	1.000000	0.000000	0.107186	0.035571	-0.028769	0.805963	0.005064
	0.000000	0.000000	0.000000	1.000000	0.000000	0.110500	-0.009375	0.092338	0.937482	-0.106619
	0.000000	0.000000	0.000000	1.000000	0.000000	-0.147600	-0.023106	0.068758	1.040302	0.030420
	0.000000	0.000000	0.000000	1.000000	0.000000	-0.131495	0.018491	-0.064973	1.072699	0.042542
	0.000000	0.000000	0.000000	1.000000	0.000000	0.172349	-0.004785	0.228723	0.821926	-0.130422
	0.000000	0.000000	0.000000	1.000000	0.000000	-0.030530	-0.045556	0.087817	1.027512	-0.050352
	0.000000	0.000000	0.000000	1.000000	0.000000	-0.218599	-0.023138	0.005528	1.128465	0.085248
	0.000000	0.000000	0.000000	1.000000	0.000000	0.032404	-0.078526	0.538629	0.646784	-0.050955
	0.000000	0.000000	0.000000	1.000000	0.000000	-0.020772	-0.005589	0.278682	0.786474	-0.034247
	0.000000	0.000000	0.000000	0.000000	1.000000	0.012765	-0.027023	0.016407	0.001053	1.019763
	0.000000	0.000000	0.000000	0.000000	1.000000	-0.040853	-0.007165	0.003311	0.081561	0.988952
	0.000000	0.000000	0.000000	0.000000	1.000000	-0.023626	-0.018225	0.001616	-0.008761	1.045661
	0.000000	0.000000	0.000000	0.000000	1.000000	0.015394	-0.002533	0.015693	-0.060984	1.035432
	0.000000	0.000000	0.000000	0.000000	1.000000	0.045108	0.053401	0.007815	-0.032520	0.922578
	0.000000	0.000000	0.000000	0.000000	1.000000	0.025665	-0.053253	0.016552	-0.038157	1.065893
	0.000000	0.000000	0.000000	0.000000	1.000000	-0.016592	-0.020736	-0.010129	0.108639	0.943909
	0.000000	0.000000	0.000000	0.000000	1.000000	-0.004628	-0.011986	0.006251	-0.024181	1.037302
	0.000000	0.000000	0.000000	0.000000	1.000000	0.160993	0.008369	0.048839	-0.095611	0.943297
	0.000000	0.000000	0.000000	0.000000	1.000000	0.418187	-0.037717	-0.028167	0.075651	0.506553
	0.000000	0.000000	0.000000	0.000000	1.000000	-0.021913	0.004852	-0.009811	-0.011189	1.024623
	0.000000	0.000000	0.000000	0.000000	1.000000	-0.013117	-0.028750	0.028762	-0.032966	1.062527
	0.000000	0.000000	0.000000	0.000000	1.000000	-0.008000	0.007134	0.000040	-0.038613	1.028986
	0.000000	0.000000	0.000000	0.000000	1.000000	-0.040659	-0.072589	-0.000676	0.026037	1.093350
	0.000000	0.000000	0.000000	0.000000	1.000000	0.006711	0.017524	-0.000458	-0.039933	1.007223
	0.000000	0.000000	0.000000	0.000000	1.000000	-0.008456	-0.077322	-0.023559	0.111338	0.996210
	0.000000	0.000000	0.000000	0.000000	1.000000	-0.006249	-0.025911	0.013759	0.011285	1.022398
	0.000000	0.000000	0.000000	0.000000	1.000000	-0.063642	0.085370	-0.014803	0.083389	0.921500
	0.000000	0.000000	0.000000	0.000000	1.000000	-0.000957	0.020459	0.008305	-0.064264	1.031004
	0.000000	0.000000	0.000000	0.000000	1.000000	-0.028177	-0.023450	-0.010615	0.121276	0.945400
	0.000000	0.000000	0.000000	0.000000	1.000000	0.011449	-0.030160	0.004963	-0.027298	1.043670
	0.000000	0.000000	0.000000	0.000000	1.000000	-0.019990	-0.023580	0.002329	-0.035090	1.066904
	0.000000	0.000000	0.000000	0.000000	1.000000	0.085926	0.014699	0.032476	-0.113898	1.018998
	0.000000	0.000000	0.000000	0.000000	1.000000	0.022285	-0.035188	0.009224	0.012127	1.008537
	0.000000	0.000000	0.000000	0.000000	1.000000	-0.004087	0.006241	0.003887	-0.049660	1.037063
	0.000000	0.000000	0.000000	0.000000	1.000000	0.029304	-0.015192	0.026404	-0.088134	1.057044
	0.000000	0.000000	0.000000	0.000000	1.000000	0.010668	-0.036778	0.019094	-0.056258	1.072237
	0.000000	0.000000	0.000000	0.000000	1.000000	0.125477	-0.033972	-0.012871	0.108827	0.800500
	0.000000	0.000000	0.000000	0.000000	1.000000	-0.006616	-0.060776	0.010762	-0.026465	1.087543
	0.000000	0.000000	0.000000	0.000000	1.000000	-0.033919	-0.043232	0.001733	0.003108	1.072101
	0.000000	0.000000	0.000000	0.000000	1.000000	-0.053047	-0.072583	-0.008386	0.070700	1.075492
	0.000000	0.000000	0.000000	0.000000	1.000000	0.005574	-0.005696	-0.007584	-0.011305	1.011592
	0.000000	0.000000	0.000000	0.000000	1.000000	-0.021121	-0.042594	0.002789	-0.021366	1.079567
	0.000000	0.000000	0.000000	0.000000	1.000000	-0.029669	-0.020917	-0.007749	-0.011033	1.056405
	0.000000	0.000000	0.000000	0.000000	1.000000	0.034362	-0.043716	0.011248	0.006090	1.010707
	0.000000	0.000000	0.000000	0.000000	1.000000	0.015715	0.136966	-0.015369	-0.030589	0.869720
	0.000000	0.000000	0.000000	0.000000	1.000000	0.014989	0.032674	0.009368	-0.075020	1.015617
	0.000000	0.000000	0.000000	0.000000	1.000000	0.023367	0.159284	-0.013685	-0.049642	0.861817
	0.000000	0.000000	0.000000	0.000000	1.000000	0.015150	0.110149	-0.014811	-0.052878	0.923258
	0.000000	0.000000	0.000000	0.000000	1.000000	0.008937	0.032229	0.015821	-0.037723	0.983517
	0.000000	0.000000	0.000000	0.000000	1.000000	0.030926	0.102825	-0.034508	-0.066295	0.931127
	0.000000	0.000000	0.000000	0.000000	1.000000	-0.015991	0.033085	-0.005462	0.013031	0.971352
	0.000000	0.000000	0.000000	0.000000	1.000000	-0.011547	-0.064279	-0.003657	0.025987	1.057711
	0.000000	0.000000	0.000000	0.000000	1.000000	0.040513	0.005208	0.018901	-0.059858	1.008132
	0.000000	0.000000	0.000000	0.000000	1.000000	-0.059435	-0.030802	-0.003039	0.037414	1.063247
	0.000000	0.000000	0.000000	0.000000	1.000000	-0.006801	0.001833	0.010002	-0.062224	1.050697
	0.000000	0.000000	0.000000	0.000000	1.000000	-0.002398	-0.034799	-0.000001	-0.011432	1.050450
	0.000000	0.000000	0.000000	0.000000	1.000000	-0.009074	0.015685	0.003226	-0.008306	0.996336
	0.000000	0.000000	0.000000	0.000000	1.000000	0.033903	0.087579	-0.006750	-0.086370	0.959414
	0.000000	0.000000	0.000000	0.000000	1.000000	-0.024884	-0.038863	0.003654	0.012438	1.050385
	0.000000	0.000000	0.000000	0.000000	1.000000	0.050294	-0.022389	0.022690	-0.076085	1.048546
	0.000000	0.000000	0.000000	0.000000	1.000000	-0.020346	0.016105	-0.006054	-0.030003	1.026505
	0.000000	0.000000	0.000000	0.000000	1.000000	0.036846	0.008399	0.006179	-0.042278	0.982587
	0.000000	0.000000	0.000000	0.000000	1.000000	-0.011217	-0.013099	0.001801	-0.028134	1.043216
	0.000000	0.000000	0.000000	0.000000	1.000000	-0.078834	-0.013175	0.042623	0.053108	1.025817
	0.000000	0.000000	0.000000	0.000000	1.000000	0.004170	-0.002820	0.001271	-0.004904	0.999802
	0.000000	0.000000	0.000000	0.000000	1.000000	0.017494	0.023649	0.010137	-0.060558	1.010680
	0.000000	0.000000	0.000000	0.000000	1.000000	-0.001577	-0.049802	0.009225	0.000536	1.047895
	0.000000	0.000000	0.000000	0.000000	1.000000	0.121873	-0.008739	0.052385	-0.139373	1.045728
	0.000000	0.000000	0.000000	0.000000	1.000000	0.042049	-0.027632	0.023950	-0.080193	1.062004
	0.000000	0.000000	0.000000	0.000000	1.000000	0.006581	-0.032802	0.017218	-0.036664	1.056634
