	1.000000	0.000000	0.000000	0.000000	0.000000	0.918505	-0.065487	0.003662	-0.038682	0.136405
	1.000000	0.000000	0.000000	0.000000	0.000000	0.890549	-0.087786	-0.052501	0.089345	0.114379
	1.000000	0.000000	0.000000	0.000000	0.000000	1.038780	-0.108896	-0.031649	-0.001444	-0.040686
	1.000000	0.000000	0.000000	0.000000	0.000000	1.013865	-0.083867	-0.056710	0.067231	-0.021703
	1.000000	0.000000	0.000000	0.000000	0.000000	0.836583	-0.077227	-0.053436	0.129075	0.130933
	1.000000	0.000000	0.000000	0.000000	0.000000	0.879662	-0.067401	-0.026705	0.027106	0.148063
	1.000000	0.000000	0.000000	0.000000	0.000000	0.795418	-0.067635	-0.050094	0.162790	0.124028
	1.000000	0.000000	0.000000	0.000000	0.000000	0.967974	-0.077067	-0.052834	0.118227	-0.038745
	1.000000	0.000000	0.000000	0.000000	0.000000	0.859784	-0.072899	-0.017709	-0.028730	0.247781
	1.000000	0.000000	0.000000	0.000000	0.000000	0.952454	-0.080260	-0.053031	0.216440	-0.103976
	1.000000	0.000000	0.000000	0.000000	0.000000	0.865373	-0.059555	-0.015097	-0.022683	0.208686
	1.000000	0.000000	0.000000	0.000000	0.000000	0.954025	-0.092902	-0.017643	-0.011634	0.053464
	1.000000	0.000000	0.000000	0.000000	0.000000	0.868533	-0.073075	-0.065347	0.202645	0.010306
	1.000000	0.000000	0.000000	0.000000	0.000000	0.343919	0.136061	0.051885	-0.000576	0.431064
	0.000000	1.000000	0.000000	0.000000	0.000000	-0.005562	1.011197	0.009641	-0.032947	0.001746
	0.000000	1.000000	0.000000	0.000000	0.000000	-0.029803	1.017542	-0.023412	0.060433	-0.023659
	0.000000	1.000000	0.000000	0.000000	0.000000	-0.022159	1.035975	0.015458	-0.036327	0.001424
	0.000000	1.000000	0.000000	0.000000	0.000000	-0.042709	1.011407	-0.032319	0.088999	-0.006687
	0.000000	1.000000	0.000000	0.000000	0.000000	0.017564	1.038116	0.002823	-0.050052	-0.012635
	0.000000	1.000000	0.000000	0.000000	0.000000	-0.027592	0.972873	-0.035999	0.080703	-0.001412
	0.000000	1.000000	0.000000	0.000000	0.000000	-0.016409	0.897119	-0.041182	0.051081	0.095282
	0.000000	1.000000	0.000000	0.000000	0.000000	-0.036779	0.920558	-0.043611	0.144078	0.012460
	0.000000	1.000000	0.000000	0.000000	0.000000	-0.041015	1.047257	-0.005209	0.061110	-0.053446
	0.000000	1.000000	0.000000	0.000000	0.000000	-0.026815	1.016195	-0.026258	0.074529	-0.054071
	0.000000	1.000000	0.000000	0.000000	0.000000	-0.000562	0.984699	0.004571	-0.010498	0.018575
	0.000000	1.000000	0.000000	0.000000	0.000000	-0.018733	1.049083	-0.028012	0.046858	-0.058988
	0.000000	1.000000	0.000000	0.000000	0.000000	-0.038498	1.010109	0.017453	-0.000900	0.013197
	0.000000	1.000000	0.000000	0.000000	0.000000	-0.015288	1.021381	-0.018389	0.016469	-0.005656
	0.000000	1.000000	0.000000	0.000000	0.000000	0.006066	0.981378	-0.030687	-0.002483	0.031140
	0.000000	1.000000	0.000000	0.000000	0.000000	-0.015897	1.046020	0.001265	-0.005907	-0.029737
	0.000000	1.000000	0.000000	0.000000	0.000000	0.040364	0.808991	-0.044710	-0.024531	0.170615
	0.000000	1.000000	0.000000	0.000000	0.000000	0.024253	0.922238	-0.051930	-0.000254	0.069160
	0.000000	1.000000	0.000000	0.000000	0.000000	-0.034134	0.981845	0.061404	0.005336	-0.024796
	0.000000	1.000000	0.000000	0.000000	0.000000	0.017604	0.969909	-0.048329	0.002441	0.030216
	0.000000	1.000000	0.000000	0.000000	0.000000	-0.008307	1.058504	0.055735	-0.065767	-0.039679
	0.000000	1.000000	0.000000	0.000000	0.000000	-0.032962	0.815888	-0.058016	0.111661	0.165471
	0.000000	1.000000	0.000000	0.000000	0.000000	-0.040778	0.799438	-0.031498	0.081509	0.209964
	0.000000	1.000000	0.000000	0.000000	0.000000	0.001676	0.885837	0.128116	-0.133858	0.126942
	0.000000	1.000000	0.000000	0.000000	0.000000	0.007597	1.063113	-0.009856	-0.029740	-0.037098
	0.000000	1.000000	0.000000	0.000000	0.000000	0.102944	1.038424	-0.007513	-0.132840	-0.008612
	0.000000	1.000000	0.000000	0.000000	0.000000	0.027299	1.021384	0.062575	-0.102655	-0.008481
	0.000000	1.000000	0.000000	0.000000	0.000000	-0.094899	0.957040	0.003889	0.145897	0.002285
	0.000000	1.000000	0.000000	0.000000	0.000000	0.032111	0.864005	0.004332	0.020674	0.029304
	0.000000	1.000000	0.000000	0.000000	0.000000	-0.010383	0.904339	-0.001599	0.026394	0.034855
	0.000000	1.000000	0.000000	0.000000	0.000000	0.003420	0.983347	0.048479	-0.012687	-0.048287
	0.000000	1.000000	0.000000	0.000000	0.000000	0.063346	0.961280	-0.043528	-0.070769	0.058935
	0.000000	1.000000	0.000000	0.000000	0.000000	-0.035544	1.087549	-0.003675	0.029485	-0.062718
	0.000000	1.000000	0.000000	0.000000	0.000000	-0.050310	0.998905	0.038478	0.020553	-0.023364
	0.000000	1.000000	0.000000	0.000000	0.000000	-0.042390	0.320339	0.102236	0.388920	0.120420
	0.000000	1.000000	0.000000	0.000000	0.000000	-0.000043	0.965594	-0.029637	0.001384	0.053965
	0.000000	1.000000	0.000000	0.000000	0.000000	-0.011658	1.001057	-0.032358	0.065550	-0.027030
	0.000000	1.000000	0.000000	0.000000	0.000000	-0.015936	1.043984	0.009146	-0.010591	-0.036865
	0.000000	1.000000	0.000000	0.000000	0.000000	-0.026559	1.076019	-0.014451	0.030925	-0.058413
	0.000000	0.000000	1.000000	0.000000	0.000000	0.003003	0.036486	1.012011	-0.044157	-0.028909
	0.000000	0.000000	1.000000	0.000000	0.000000	-0.095578	0.064339	0.985327	0.011885	-0.011983
	0.000000	0.000000	1.000000	0.000000	0.000000	-0.022825	0.008585	1.032059	-0.034502	-0.003589
	0.000000	0.000000	1.000000	0.000000	0.000000	-0.054985	0.020362	0.874354	0.135759	0.008851
	0.000000	0.000000	1.000000	0.000000	0.000000	-0.006661	0.000297	1.046527	-0.050883	-0.002477
	0.000000	0.000000	1.000000	0.000000	0.000000	-0.122768	-0.011710	0.869641	0.243243	0.052798
	0.000000	0.000000	1.000000	0.000000	0.000000	0.011991	-0.011420	1.014132	-0.031452	0.003644
	0.000000	0.000000	1.000000	0.000000	0.000000	0.035813	0.006308	0.942185	0.031282	-0.023596
	0.000000	0.000000	1.000000	0.000000	0.000000	0.067108	0.039759	1.030488	-0.111602	-0.025955
	0.000000	0.000000	1.000000	0.000000	0.000000	-0.075319	-0.035324	0.936083	0.144637	0.044063
	0.000000	0.000000	1.000000	0.000000	0.000000	0.027989	0.052194	0.876924	0.049893	-0.035974
	0.000000	0.000000	1.000000	0.000000	0.000000	-0.033203	-0.029435	1.026235	-0.001884	0.028178
	0.000000	0.000000	1.000000	0.000000	0.000000	-0.012358	-0.019827	1.009758	-0.052123	0.068824
	0.000000	0.000000	0.000000	1.000000	0.000000	-0.131572	0.059869	-0.013740	1.033359	0.027582
	0.000000	0.000000	0.000000	1.000000	0.000000	0.075021	0.053310	0.020108	0.803626	-0.004450
	0.000000	0.000000	0.000000	1.000000	0.000000	0.182667	0.121307	-0.039971	0.628575	0.086045
	0.000000	0.000000	0.000000	1.000000	0.000000	-0.147269	0.191255	-0.061790	0.906926	0.173265
	0.000000	0.000000	0.000000	1.000000	0.000000	0.076071	-0.010963	0.047916	0.844330	-0.009768
	0.000000	0.000000	0.000000	1.000000	0.000000	0.063982	0.021972	-0.014539	0.720876	0.106738
	0.000000	0.000000	0.000000	1.000000	0.000000	0.041119	-0.010424	0.126071	0.953010	-0.080053
	0.000000	0.000000	0.000000	1.000000	0.000000	-0.109230	0.272357	-0.073991	0.840254	0.101804
	0.000000	0.000000	0.000000	1.000000	0.000000	-0.101956	0.027810	-0.026710	0.964637	0.105426
	0.000000	0.000000	0.000000	1.000000	0.000000	-0.133801	0.022612	-0.063091	0.882518	0.303638
	0.000000	0.000000	0.000000	1.000000	0.000000	0.179277	-0.000094	0.152797	0.902150	-0.135606
	0.000000	0.000000	0.000000	1.000000	0.000000	0.007147	0.006372	0.097285	0.979809	-0.077409
	0.000000	0.000000	0.000000	1.000000	0.000000	-0.056561	0.050497	-0.008317	0.980077	-0.006342
	0.000000	0.000000	0.000000	1.000000	0.000000	0.226508	-0.006023	0.124427	0.973018	-0.159820
	0.000000	0.000000	0.000000	1.000000	0.000000	-0.092972	0.027028	-0.005752	1.061626	-0.020601
	0.000000	0.000000	0.000000	1.000000	0.000000	0.026323	0.017247	0.073395	1.003874	-0.095542
	0.000000	0.000000	0.000000	0.000000	1.000000	-0.007310	-0.010894	0.008425	0.012530	1.016860
	0.000000	0.000000	0.000000	0.000000	1.000000	0.040010	-0.033842	-0.004637	0.049303	0.965065
	0.000000	0.000000	0.000000	0.000000	1.000000	0.027223	0.034842	0.037333	-0.015655	0.940748
	0.000000	0.000000	0.000000	0.000000	1.000000	0.011303	-0.073714	-0.035058	0.148452	0.940561
	0.000000	0.000000	0.000000	0.000000	1.000000	0.089546	-0.004809	-0.001177	-0.014056	0.928312
	0.000000	0.000000	0.000000	0.000000	1.000000	0.022817	0.070783	0.000303	-0.066402	0.968325
	0.000000	0.000000	0.000000	0.000000	1.000000	-0.019153	0.006061	-0.004856	-0.013502	1.034601
	0.000000	0.000000	0.000000	0.000000	1.000000	0.014063	-0.039283	0.000369	0.007785	1.022874
	0.000000	0.000000	0.000000	0.000000	1.000000	-0.037571	-0.049055	-0.010603	0.022577	1.083392
	0.000000	0.000000	0.000000	0.000000	1.000000	-0.008851	0.047305	-0.026324	-0.002080	0.979195
	0.000000	0.000000	0.000000	0.000000	1.000000	-0.039200	-0.006280	-0.019474	0.057061	1.013709
	0.000000	0.000000	0.000000	0.000000	1.000000	-0.024193	-0.026931	-0.008438	0.002143	1.060899
	0.000000	0.000000	0.000000	0.000000	1.000000	0.007071	0.036350	-0.014741	-0.039045	1.005730
	0.000000	0.000000	0.000000	0.000000	1.000000	-0.020979	-0.023572	-0.003807	-0.006424	1.059911
	0.000000	0.000000	0.000000	0.000000	1.000000	-0.004185	-0.019778	-0.007352	-0.006262	1.040163
	0.000000	0.000000	0.000000	0.000000	1.000000	-0.010072	-0.007510	-0.013470	0.037403	0.998175
	0.000000	0.000000	0.000000	0.000000	1.000000	-0.015492	0.082397	-0.023024	0.014498	0.940825
	0.000000	0.000000	0.000000	0.000000	1.000000	0.047500	-0.032768	-0.016735	0.095143	0.902361
	0.000000	0.000000	0.000000	0.000000	1.000000	-0.007664	-0.023431	-0.013803	0.114906	0.940293
	0.000000	0.000000	0.000000	0.000000	1.000000	0.004348	0.043756	0.000056	0.012793	0.941195
	0.000000	0.000000	0.000000	0.000000	1.000000	-0.013855	0.002787	0.006131	-0.028334	1.043926
	0.000000	0.000000	0.000000	0.000000	1.000000	-0.000498	-0.044123	0.006887	-0.014526	1.065245
	0.000000	0.000000	0.000000	0.000000	1.000000	-0.011953	0.000904	-0.008597	-0.022093	1.043797
	0.000000	0.000000	0.000000	0.000000	1.000000	0.058153	-0.029320	0.008907	-0.020040	1.006400
	0.000000	0.000000	0.000000	0.000000	1.000000	-0.006084	-0.017235	0.005861	-0.021532	1.047015
	0.000000	0.000000	0.000000	0.000000	1.000000	-0.029912	-0.034271	-0.000651	0.010362	1.064666
	0.000000	0.000000	0.000000	0.000000	1.000000	0.022679	-0.008449	0.012601	-0.050484	1.034314
	0.000000	0.000000	0.000000	0.000000	1.000000	0.008645	0.089979	-0.020773	-0.022732	0.932892
	0.000000	0.000000	0.000000	0.000000	1.000000	-0.000989	-0.036766	0.007518	0.019486	1.025550
	0.000000	0.000000	0.000000	0.000000	1.000000	-0.040857	-0.062655	-0.000900	0.038474	1.064865
	0.000000	0.000000	0.000000	0.000000	1.000000	-0.000673	-0.013078	0.011782	-0.016817	1.032830
	0.000000	0.000000	0.000000	0.000000	1.000000	-0.024486	-0.066216	-0.008857	0.025542	1.083500
	0.000000	0.000000	0.000000	0.000000	1.000000	-0.031416	-0.024521	-0.017620	0.018904	1.060189
	0.000000	0.000000	0.000000	0.000000	1.000000	0.000770	0.023381	-0.014863	-0.014901	1.005098
	0.000000	0.000000	0.000000	0.000000	1.000000	0.233696	-0.026402	-0.007354	0.075094	0.723282
	0.000000	0.000000	0.000000	0.000000	1.000000	0.027468	0.049899	0.018501	-0.066144	0.986115
	0.000000	0.000000	0.000000	0.000000	1.000000	-0.009864	-0.043909	0.001704	-0.001081	1.061760
	0.000000	0.000000	0.000000	0.000000	1.000000	-0.038230	-0.042582	-0.014544	0.023428	1.078526
	0.000000	0.000000	0.000000	0.000000	1.000000	0.002937	0.014189	-0.018411	-0.032640	1.026615
	0.000000	0.000000	0.000000	0.000000	1.000000	-0.003435	-0.055635	-0.003878	0.006303	1.066574
	0.000000	0.000000	0.000000	0.000000	1.000000	0.025930	0.130513	-0.015761	-0.042237	0.887799
	0.000000	0.000000	0.000000	0.000000	1.000000	0.001096	0.064297	-0.011675	0.014367	0.921558
	0.000000	0.000000	0.000000	0.000000	1.000000	-0.037035	-0.043771	-0.007520	0.029174	1.071741
	0.000000	0.000000	0.000000	0.000000	1.000000	-0.016984	-0.007469	-0.004093	-0.007836	1.044592
	0.000000	0.000000	0.000000	0.000000	1.000000	-0.021577	-0.000225	-0.009747	0.001916	1.037398
	0.000000	0.000000	0.000000	0.000000	1.000000	-0.002778	0.008424	0.011016	0.012363	0.985920
	0.000000	0.000000	0.000000	0.000000	1.000000	0.002527	0.054437	0.006897	-0.048589	0.992595
	0.000000	0.000000	0.000000	0.000000	1.000000	0.021392	-0.024049	-0.001151	0.004844	0.996368
	0.000000	0.000000	0.000000	0.000000	1.000000	-0.038077	0.124300	0.003211	0.057084	0.884731
	0.000000	0.000000	0.000000	0.000000	1.000000	-0.010249	0.042474	-0.015462	-0.003243	0.975557
	0.000000	0.000000	0.000000	0.000000	1.000000	-0.016702	0.033932	-0.020951	0.023002	0.970463
	0.000000	0.000000	0.000000	0.000000	1.000000	0.295267	-0.011192	-0.007203	0.189800	0.513493
	0.000000	0.000000	0.000000	0.000000	1.000000	-0.044090	0.032438	0.056379	0.056458	0.907142
	0.000000	0.000000	0.000000	0.000000	1.000000	0.111561	-0.009165	0.051916	-0.068145	0.894704
	0.000000	0.000000	0.000000	0.000000	1.000000	-0.027926	0.153604	0.029674	-0.023826	0.904777
	0.000000	0.000000	0.000000	0.000000	1.000000	0.012669	-0.027165	0.037865	0.055510	0.886395
	0.000000	0.000000	0.000000	0.000000	1.000000	-0.069303	0.013585	0.013210	0.133325	0.973228
	0.000000	0.000000	0.000000	0.000000	1.000000	-0.017364	-0.011029	-0.004625	-0.018481	1.056288
	0.000000	0.000000	0.000000	0.000000	1.000000	0.031380	-0.049980	0.036357	-0.039235	1.006769
	0.000000	0.000000	0.000000	0.000000	1.000000	0.036115	-0.004200	0.016466	-0.077232	1.041138
	0.000000	0.000000	0.000000	0.000000	1.000000	0.142441	0.000300	0.028969	-0.048585	0.900205
	0.000000	0.000000	0.000000	0.000000	1.000000	-0.020123	0.017302	-0.008391	-0.001350	1.019805
	0.000000	0.000000	0.000000	0.000000	1.000000	0.052734	-0.032943	0.028079	-0.089196	1.059216
	0.000000	0.000000	0.000000	0.000000	1.000000	0.055356	-0.044922	0.022047	-0.074820	1.058686
	0.000000	0.000000	0.000000	0.000000	1.000000	-0.017653	0.068805	0.046950	0.132299	0.722048
	1.000000	0.000000	0.000000	0.000000	0.000000	0.487379	-0.071973	-0.068250	0.278473	0.311955
	1.000000	0.000000	0.000000	0.000000	0.000000	0.482948	-0.081813	-0.041020	0.110595	0.402161
	1.000000	0.000000	0.000000	0.000000	0.000000	0.621444	-0.064483	-0.057567	0.202530	0.252371
	1.000000	0.000000	0.000000	0.000000	0.000000	0.882900	-0.066805	-0.001181	-0.070227	0.286554
	1.000000	0.000000	0.000000	0.000000	0.000000	0.709741	-0.089172	-0.073230	0.243454	0.121240
	1.000000	0.000000	0.000000	0.000000	0.000000	0.791109	-0.076323	-0.045193	0.088711	0.209513
	1.000000	0.000000	0.000000	0.000000	0.000000	0.781742	-0.085483	-0.057288	0.154855	0.153658
	1.000000	0.000000	0.000000	0.000000	0.000000	0.795009	-0.039005	-0.046702	0.278759	-0.011832
	1.000000	0.000000	0.000000	0.000000	0.000000	0.807056	-0.064354	-0.065268	0.235346	0.040542
	1.000000	0.000000	0.000000	0.000000	0.000000	0.288902	-0.054909	-0.028666	0.093996	0.701694
	1.000000	0.000000	0.000000	0.000000	0.000000	0.153469	0.384049	0.010879	0.331385	0.043497
	1.000000	0.000000	0.000000	0.000000	0.000000	0.545042	-0.078644	-0.029696	0.050018	0.513043
	1.000000	0.000000	0.000000	0.000000	0.000000	0.320683	-0.058500	0.001338	-0.037346	0.746324
	1.000000	0.000000	0.000000	0.000000	0.000000	0.325626	-0.010826	0.031989	0.005947	0.662668
	1.000000	0.000000	0.000000	0.000000	0.000000	0.655582	-0.083186	-0.037770	0.148381	0.177146
	1.000000	0.000000	0.000000	0.000000	0.000000	0.601586	-0.073993	0.017695	0.275827	0.039788
	0.000000	1.000000	0.000000	0.000000	0.000000	-0.006778	1.040222	0.020026	0.013703	-0.082270
	0.000000	1.000000	0.000000	0.000000	0.000000	-0.004136	0.900458	-0.078883	0.089171	0.064393
	0.000000	1.000000	0.000000	0.000000	0.000000	0.004651	0.876918	0.181530	-0.008291	-0.114007
	0.000000	1.000000	0.000000	0.000000	0.000000	-0.051656	0.964512	0.025979	0.075051	-0.077039
	0.000000	1.000000	0.000000	0.000000	0.000000	-0.022464	0.957958	-0.062847	0.098188	0.019410
	0.000000	1.000000	0.000000	0.000000	0.000000	0.082556	0.711641	0.059384	-0.089465	0.230483
	0.000000	1.000000	0.000000	0.000000	0.000000	0.003076	0.630788	-0.052598	0.066957	0.286035
	0.000000	1.000000	0.000000	0.000000	0.000000	-0.094894	0.548751	-0.066207	0.247502	0.439061
	0.000000	1.000000	0.000000	0.000000	0.000000	-0.008181	1.016984	-0.027453	0.023564	-0.011454
	0.000000	1.000000	0.000000	0.000000	0.000000	-0.008714	1.035302	-0.026259	0.016532	-0.025049
	0.000000	1.000000	0.000000	0.000000	0.000000	0.022414	1.044956	0.041598	-0.082020	-0.030724
	0.000000	1.000000	0.000000	0.000000	0.000000	0.050318	0.906792	-0.058986	-0.034386	0.094475
	0.000000	1.000000	0.000000	0.000000	0.000000	-0.009057	0.994386	-0.047497	0.048045	0.002505
	0.000000	1.000000	0.000000	0.000000	0.000000	0.000824	0.966191	-0.045307	0.031163	0.030113
	0.000000	1.000000	0.000000	0.000000	0.000000	-0.153115	0.902261	-0.065616	0.466987	-0.025262
	0.000000	1.000000	0.000000	0.000000	0.000000	-0.157752	0.650186	0.451308	-0.132588	0.369424
	0.000000	1.000000	0.000000	0.000000	0.000000	-0.007623	1.027870	-0.024639	0.019711	-0.021933
	0.000000	1.000000	0.000000	0.000000	0.000000	-0.016510	1.026498	0.023147	-0.056647	0.014349
	0.000000	1.000000	0.000000	0.000000	0.000000	-0.041257	1.074668	0.007623	0.028648	-0.064199
	0.000000	1.000000	0.000000	0.000000	0.000000	0.145616	0.905674	-0.000201	-0.068457	-0.007113
	0.000000	1.000000	0.000000	0.000000	0.000000	-0.015325	1.031048	-0.030611	0.039263	-0.033844
	0.000000	1.000000	0.000000	0.000000	0.000000	0.039400	0.926750	-0.040892	-0.034153	0.076443
	0.000000	1.000000	0.000000	0.000000	0.000000	-0.023833	1.021282	0.020516	-0.046343	0.018846
	0.000000	1.000000	0.000000	0.000000	0.000000	-0.021918	1.006325	-0.010313	0.017669	0.015735
	0.000000	1.000000	0.000000	0.000000	0.000000	-0.019030	1.065659	-0.010193	0.028700	-0.062398
	0.000000	1.000000	0.000000	0.000000	0.000000	-0.037743	0.844838	-0.053270	0.100242	0.156669
	0.000000	1.000000	0.000000	0.000000	0.000000	0.056067	0.964046	-0.006049	-0.112144	0.075533
	0.000000	1.000000	0.000000	0.000000	0.000000	0.006773	0.955483	-0.028451	0.021113	0.031153
	0.000000	1.000000	0.000000	0.000000	0.000000	-0.010471	1.039041	-0.023970	0.013687	-0.021967
	0.000000	1.000000	0.000000	0.000000	0.000000	-0.019060	0.893571	-0.018770	0.036666	0.096547
	0.000000	1.000000	0.000000	0.000000	0.000000	-0.085629	0.867161	-0.059307	0.289280	0.019729
	0.000000	1.000000	0.000000	0.000000	0.000000	-0.060787	0.865634	-0.024894	0.172544	0.029056
	0.000000	1.000000	0.000000	0.000000	0.000000	-0.019373	1.033798	0.000601	0.002367	-0.027043
	0.000000	1.000000	0.000000	0.000000	0.000000	-0.026826	1.081086	-0.006172	0.023454	-0.067726
	0.000000	1.000000	0.000000	0.000000	0.000000	-0.181581	0.694150	0.405201	-0.073133	0.229939
	0.000000	0.000000	1.000000	0.000000	0.000000	-0.103230	-0.014676	0.965357	0.007999	0.149679
	0.000000	0.000000	1.000000	0.000000	0.000000	0.009628	-0.040722	0.927461	0.111228	-0.007325
	0.000000	0.000000	1.000000	0.000000	0.000000	0.032500	0.047634	1.054982	-0.124493	-0.021222
	0.000000	0.000000	1.000000	0.000000	0.000000	0.015690	0.048953	0.880769	0.020545	-0.005030
	0.000000	0.000000	1.000000	0.000000	0.000000	-0.127431	0.064164	0.921533	0.078970	0.030259
	0.000000	0.000000	1.000000	0.000000	0.000000	0.037213	0.041507	0.919709	0.042126	-0.054536
	0.000000	0.000000	1.000000	0.000000	0.000000	-0.041721	-0.003076	0.561347	0.532584	-0.018184
	0.000000	0.000000	1.000000	0.000000	0.000000	-0.048134	0.058066	0.988597	0.021746	-0.054341
	0.000000	0.000000	1.000000	0.000000	0.000000	-0.005834	-0.033015	1.013605	-0.009353	0.020314
	0.000000	0.000000	1.000000	0.000000	0.000000	0.026148	-0.015657	0.828802	0.189050	-0.024783
	0.000000	0.000000	1.000000	0.000000	0.000000	0.242029	0.101941	0.838815	-0.061783	-0.082111
	0.000000	0.000000	1.000000	0.000000	0.000000	0.048134	-0.050963	0.808137	0.216031	-0.015088
	0.000000	0.000000	1.000000	0.000000	0.000000	0.028679	0.004591	1.050827	-0.092486	-0.005103
	0.000000	0.000000	1.000000	0.000000	0.000000	-0.265752	0.187597	0.147236	0.874434	0.267817
	0.000000	0.000000	1.000000	0.000000	0.000000	-0.030242	-0.019465	1.011922	-0.010112	0.034882
	0.000000	0.000000	1.000000	0.000000	0.000000	0.035605	0.054138	1.054285	-0.138483	-0.004377
	0.000000	0.000000	0.000000	1.000000	0.000000	0.190768	0.050265	0.197016	0.770875	-0.137827
	0.000000	0.000000	0.000000	1.000000	0.000000	0.005405	-0.028158	-0.011435	0.623005	0.311797
	0.000000	0.000000	0.000000	1.000000	0.000000	-0.215301	0.162152	-0.057462	0.964041	0.279976
	0.000000	0.000000	0.000000	1.000000	0.000000	-0.151062	0.091822	-0.044904	1.055489	0.021114
	0.000000	0.000000	0.000000	1.000000	0.000000	0.052370	-0.036541	0.057592	0.891219	-0.009747
	0.000000	0.000000	0.000000	1.000000	0.000000	-0.118240	0.042595	-0.059881	0.940508	0.184501
	0.000000	0.000000	0.000000	1.000000	0.000000	0.068988	0.015498	-0.017354	0.812571	0.040153
	0.000000	0.000000	0.000000	1.000000	0.000000	0.105051	0.018801	0.089733	0.929354	-0.106572
	0.000000	0.000000	0.000000	1.000000	0.000000	-0.139508	0.008716	0.084875	1.019096	0.027812
	0.000000	0.000000	0.000000	1.000000	0.000000	-0.159612	0.057542	-0.051649	1.044449	0.096738
	0.000000	0.000000	0.000000	1.000000	0.000000	0.136112	-0.000422	0.222455	0.868189	-0.126531
	0.000000	0.000000	0.000000	1.000000	0.000000	0.002417	-0.004664	0.093044	1.001487	-0.072738
	0.000000	0.000000	0.000000	1.000000	0.000000	-0.193709	0.023912	0.033739	1.095377	0.052861
	0.000000	0.000000	0.000000	1.000000	0.000000	0.071270	-0.057863	0.496311	0.686561	-0.083677
	0.000000	0.000000	0.000000	1.000000	0.000000	0.062177	0.034071	0.283421	0.734510	-0.085671
	0.000000	0.000000	0.000000	0.000000	1.000000	0.027226	-0.019173	0.011954	-0.005903	1.009515
	0.000000	0.000000	0.000000	0.000000	1.000000	-0.045801	-0.002484	0.003138	0.094592	0.993810
	0.000000	0.000000	0.000000	0.000000	1.000000	-0.026080	-0.018162	-0.004002	0.003969	1.052062
	0.000000	0.000000	0.000000	0.000000	1.000000	0.035264	0.003858	0.009718	-0.064521	1.022801
	0.000000	0.000000	0.000000	0.000000	1.000000	0.022370	0.043008	0.001334	-0.007017	0.938183
	0.000000	0.000000	0.000000	0.000000	1.000000	0.022744	-0.056378	0.007093	-0.029074	1.067973
	0.000000	0.000000	0.000000	0.000000	1.000000	-0.029095	-0.015480	-0.019390	0.135428	0.939112
	0.000000	0.000000	0.000000	0.000000	1.000000	0.004557	-0.005017	0.000462	-0.024948	1.033292
	0.000000	0.000000	0.000000	0.000000	1.000000	0.151782	-0.011861	0.044947	-0.082055	0.937931
	0.000000	0.000000	0.000000	0.000000	1.000000	0.408723	-0.072986	-0.042518	0.143460	0.486643
	0.000000	0.000000	0.000000	0.000000	1.000000	-0.013212	0.009694	-0.016399	-0.001832	1.020389
	0.000000	0.000000	0.000000	0.000000	1.000000	-0.001522	-0.022639	0.028610	-0.043371	1.058442
	0.000000	0.000000	0.000000	0.000000	1.000000	-0.008353	0.006389	-0.005022	-0.029152	1.035920
	0.000000	0.000000	0.000000	0.000000	1.000000	-0.034278	-0.066599	-0.010733	0.035394	1.089670
	0.000000	0.000000	0.000000	0.000000	1.000000	0.000512	0.019998	-0.009998	-0.027267	1.012447
	0.000000	0.000000	0.000000	0.000000	1.000000	-0.014969	-0.076355	-0.036702	0.146649	0.989728
	0.000000	0.000000	0.000000	0.000000	1.000000	0.001148	-0.020102	0.009205	0.010477	1.016881
	0.000000	0.000000	0.000000	0.000000	1.000000	-0.067124	0.071524	-0.010916	0.099576	0.942561
	0.000000	0.000000	0.000000	0.000000	1.000000	0.009433	0.016300	0.011973	-0.068219	1.035942
	0.000000	0.000000	0.000000	0.000000	1.000000	-0.034250	-0.008274	-0.020273	0.137820	0.935475
	0.000000	0.000000	0.000000	0.000000	1.000000	0.021067	-0.024293	-0.005930	-0.022988	1.035136
	0.000000	0.000000	0.000000	0.000000	1.000000	-0.005290	-0.016151	-0.003062	-0.038688	1.061788
	0.000000	0.000000	0.000000	0.000000	1.000000	0.074377	-0.011794	0.034599	-0.099075	1.034419
	0.000000	0.000000	0.000000	0.000000	1.000000	0.025073	-0.032205	0.002203	0.016610	1.005815
	0.000000	0.000000	0.000000	0.000000	1.000000	0.010466	0.008759	0.004208	-0.056497	1.036892
	0.000000	0.000000	0.000000	0.000000	1.000000	0.022270	-0.027626	0.020992	-0.075011	1.063132
	0.000000	0.000000	0.000000	0.000000	1.000000	-0.001184	-0.046277	0.009538	-0.030634	1.078229
	0.000000	0.000000	0.000000	0.000000	1.000000	0.090180	-0.035274	-0.024873	0.140344	0.810030
	0.000000	0.000000	0.000000	0.000000	1.000000	0.011555	-0.063097	0.004870	-0.023490	1.078859
	0.000000	0.000000	0.000000	0.000000	1.000000	-0.025053	-0.036561	-0.005893	0.009839	1.067996
	0.000000	0.000000	0.000000	0.000000	1.000000	-0.046769	-0.062978	-0.018149	0.081507	1.069911
	0.000000	0.000000	0.000000	0.000000	1.000000	-0.008566	-0.006314	-0.015996	0.005864	1.025199
	0.000000	0.000000	0.000000	0.000000	1.000000	-0.002674	-0.033806	-0.002155	-0.028255	1.072478
	0.000000	0.000000	0.000000	0.000000	1.000000	-0.026577	-0.020181	-0.012726	-0.000463	1.061795
	0.000000	0.000000	0.000000	0.000000	1.000000	0.034472	-0.043802	0.003893	0.013927	1.008989
	0.000000	0.000000	0.000000	0.000000	1.000000	-0.003705	0.115556	-0.018859	-0.005745	0.903427
	0.000000	0.000000	0.000000	0.000000	1.000000	0.025116	0.032864	0.009531	-0.075995	1.015070
	0.000000	0.000000	0.000000	0.000000	1.000000	0.000450	0.126746	-0.012109	-0.022476	0.905373
	0.000000	0.000000	0.000000	0.000000	1.000000	-0.008816	0.073911	-0.009770	-0.022458	0.969265
	0.000000	0.000000	0.000000	0.000000	1.000000	-0.006972	0.029077	0.008869	-0.017215	0.993492
	0.000000	0.000000	0.000000	0.000000	1.000000	0.024642	0.083283	-0.035504	-0.046875	0.955738
	0.000000	0.000000	0.000000	0.000000	1.000000	-0.014230	0.041430	-0.008906	0.010814	0.977312
	0.000000	0.000000	0.000000	0.000000	1.000000	-0.016817	-0.063762	-0.013814	0.043666	1.061445
	0.000000	0.000000	0.000000	0.000000	1.000000	0.052657	0.001069	0.017373	-0.057699	1.001741
	0.000000	0.000000	0.000000	0.000000	1.000000	-0.044149	-0.024795	-0.003068	0.032374	1.061386
	0.000000	0.000000	0.000000	0.000000	1.000000	0.006701	0.004350	0.010625	-0.067915	1.050175
	0.000000	0.000000	0.000000	0.000000	1.000000	-0.014080	-0.041374	-0.003984	0.005053	1.064418
	0.000000	0.000000	0.000000	0.000000	1.000000	-0.016420	0.012085	-0.000392	0.003356	1.008429
	0.000000	0.000000	0.000000	0.000000	1.000000	0.042006	0.080977	-0.005329	-0.087056	0.969169
	0.000000	0.000000	0.000000	0.000000	1.000000	-0.024067	-0.039119	-0.001437	0.023860	1.052732
	0.000000	0.000000	0.000000	0.000000	1.000000	0.053318	-0.030887	0.020407	-0.075280	1.052616
	0.000000	0.000000	0.000000	0.000000	1.000000	-0.023525	0.003099	-0.005290	-0.014101	1.044590
	0.000000	0.000000	0.000000	0.000000	1.000000	-0.000314	0.012977	-0.013446	-0.014566	0.999309
	0.000000	0.000000	0.000000	0.000000	1.000000	-0.012502	-0.007983	-0.008249	-0.018600	1.045808
	0.000000	0.000000	0.000000	0.000000	1.000000	-0.067890	-0.014071	0.043965	0.065876	0.997974
	0.000000	0.000000	0.000000	0.000000	1.000000	-0.014105	-0.010710	-0.003585	0.018555	1.016565
	0.000000	0.000000	0.000000	0.000000	1.000000	0.026782	0.023763	0.008717	-0.060279	1.010200
	0.000000	0.000000	0.000000	0.000000	1.000000	-0.010704	-0.049230	-0.001250	0.016642	1.051699
	0.000000	0.000000	0.000000	0.000000	1.000000	0.126263	-0.028486	0.052625	-0.139388	1.047575
	0.000000	0.000000	0.000000	0.000000	1.000000	0.044670	-0.034908	0.021429	-0.080521	1.065799
	0.000000	0.000000	0.000000	0.000000	1.000000	0.028936	-0.029327	0.014568	-0.045503	1.046520
