	1.000000	0.000000	0.000000	0.000000	0.000000	0.950753	-0.094731	-0.003085	0.001458	0.067659
	1.000000	0.000000	0.000000	0.000000	0.000000	0.942946	-0.114702	-0.059222	0.136423	0.037128
	1.000000	0.000000	0.000000	0.000000	0.000000	1.041594	-0.134278	-0.038103	0.042438	-0.065852
	1.000000	0.000000	0.000000	0.000000	0.000000	1.015571	-0.113111	-0.060740	0.116494	-0.049002
	1.000000	0.000000	0.000000	0.000000	0.000000	0.902923	-0.103344	-0.057349	0.170573	0.048830
	1.000000	0.000000	0.000000	0.000000	0.000000	0.935918	-0.097935	-0.033231	0.075356	0.057434
	1.000000	0.000000	0.000000	0.000000	0.000000	0.864458	-0.092563	-0.054503	0.214143	0.037345
	1.000000	0.000000	0.000000	0.000000	0.000000	0.974618	-0.103734	-0.055741	0.175276	-0.068530
	1.000000	0.000000	0.000000	0.000000	0.000000	0.915771	-0.105496	-0.026595	0.014403	0.155211
	1.000000	0.000000	0.000000	0.000000	0.000000	0.941687	-0.098695	-0.053242	0.289635	-0.120617
	1.000000	0.000000	0.000000	0.000000	0.000000	0.927167	-0.092355	-0.019942	0.017100	0.115710
	1.000000	0.000000	0.000000	0.000000	0.000000	0.988339	-0.120237	-0.026732	0.043254	-0.013789
	1.000000	0.000000	0.000000	0.000000	0.000000	0.908502	-0.095477	-0.065090	0.253101	-0.041946
	1.000000	0.000000	0.000000	0.000000	0.000000	0.407909	0.102374	0.062150	0.030105	0.343332
	0.000000	1.000000	0.000000	0.000000	0.000000	-0.007695	0.989190	0.016426	-0.021416	0.004994
	0.000000	1.000000	0.000000	0.000000	0.000000	-0.029215	1.000631	-0.020504	0.080723	-0.027170
	0.000000	1.000000	0.000000	0.000000	0.000000	-0.023473	1.020567	0.018538	-0.021855	0.001396
	0.000000	1.000000	0.000000	0.000000	0.000000	-0.045206	0.992121	-0.026831	0.111957	-0.003331
	0.000000	1.000000	0.000000	0.000000	0.000000	0.027513	1.020721	0.010186	-0.052449	-0.014713
	0.000000	1.000000	0.000000	0.000000	0.000000	-0.031475	0.949319	-0.033382	0.110895	-0.000393
	0.000000	1.000000	0.000000	0.000000	0.000000	-0.024844	0.861961	-0.034991	0.080884	0.111649
	0.000000	1.000000	0.000000	0.000000	0.000000	-0.035670	0.892200	-0.038522	0.175996	0.008277
	0.000000	1.000000	0.000000	0.000000	0.000000	-0.035157	1.037156	0.000135	0.070430	-0.063104
	0.000000	1.000000	0.000000	0.000000	0.000000	-0.028512	1.000395	-0.025453	0.101903	-0.060352
	0.000000	1.000000	0.000000	0.000000	0.000000	-0.002741	0.951011	0.017344	0.011828	0.021767
	0.000000	1.000000	0.000000	0.000000	0.000000	-0.021856	1.036468	-0.029707	0.073739	-0.063674
	0.000000	1.000000	0.000000	0.000000	0.000000	-0.047159	0.988095	0.023744	0.027184	0.015150
	0.000000	1.000000	0.000000	0.000000	0.000000	-0.012497	1.003736	-0.015775	0.027208	-0.004644
	0.000000	1.000000	0.000000	0.000000	0.000000	0.006287	0.957342	-0.027161	0.011417	0.037410
	0.000000	1.000000	0.000000	0.000000	0.000000	-0.011499	1.033319	0.005257	-0.000049	-0.033949
	0.000000	1.000000	0.000000	0.000000	0.000000	0.029551	0.767180	-0.039831	0.005266	0.185707
	0.000000	1.000000	0.000000	0.000000	0.000000	0.018952	0.890278	-0.051526	0.026287	0.079361
	0.000000	1.000000	0.000000	0.000000	0.000000	-0.014854	0.960724	0.072735	0.008299	-0.041350
	0.000000	1.000000	0.000000	0.000000	0.000000	0.014422	0.941985	-0.049401	0.026587	0.038896
	0.000000	1.000000	0.000000	0.000000	0.000000	0.006646	1.045419	0.066125	-0.071787	-0.050808
	0.000000	1.000000	0.000000	0.000000	0.000000	-0.031720	0.785878	-0.050479	0.127890	0.175657
	0.000000	1.000000	0.000000	0.000000	0.000000	-0.047562	0.751475	-0.017537	0.104180	0.242190
	0.000000	1.000000	0.000000	0.000000	0.000000	0.001926	0.850167	0.147613	-0.133496	0.133192
	0.000000	1.000000	0.000000	0.000000	0.000000	0.014756	1.051699	-0.007293	-0.027881	-0.040535
	0.000000	1.000000	0.000000	0.000000	0.000000	0.118234	1.011964	-0.007858	-0.135050	-0.004599
	0.000000	1.000000	0.000000	0.000000	0.000000	0.040965	0.998870	0.074729	-0.108569	-0.013307
	0.000000	1.000000	0.000000	0.000000	0.000000	-0.102804	0.930909	0.007518	0.198412	-0.002383
	0.000000	1.000000	0.000000	0.000000	0.000000	0.037783	0.816159	0.009385	0.063335	0.013502
	0.000000	1.000000	0.000000	0.000000	0.000000	-0.013562	0.876115	0.004198	0.050164	0.033514
	0.000000	1.000000	0.000000	0.000000	0.000000	0.016856	0.965143	0.057329	-0.013167	-0.058606
	0.000000	1.000000	0.000000	0.000000	0.000000	0.066760	0.930800	-0.044084	-0.061825	0.071767
	0.000000	1.000000	0.000000	0.000000	0.000000	-0.033748	1.083159	-0.000537	0.040260	-0.070753
	0.000000	1.000000	0.000000	0.000000	0.000000	-0.045880	0.980471	0.046631	0.032759	-0.030709
	0.000000	1.000000	0.000000	0.000000	0.000000	-0.014301	0.251710	0.118015	0.480270	0.075487
	0.000000	1.000000	0.000000	0.000000	0.000000	-0.010315	0.934731	-0.020363	0.025574	0.071147
	0.000000	1.000000	0.000000	0.000000	0.000000	-0.002855	0.984231	-0.029357	0.082060	-0.037974
	0.000000	1.000000	0.000000	0.000000	0.000000	-0.011146	1.031337	0.013537	-0.004231	-0.043145
	0.000000	1.000000	0.000000	0.000000	0.000000	-0.026165	1.067340	-0.014533	0.048291	-0.063848
	0.000000	0.000000	1.000000	0.000000	0.000000	0.031226	0.031392	1.017491	-0.045981	-0.055496
	0.000000	0.000000	1.000000	0.000000	0.000000	-0.064051	0.051830	1.002040	0.014036	-0.038287
	0.000000	0.000000	1.000000	0.000000	0.000000	0.007785	0.007995	1.040193	-0.042488	-0.035599
	0.000000	0.000000	1.000000	0.000000	0.000000	-0.001591	0.026028	0.876209	0.127407	-0.038285
	0.000000	0.000000	1.000000	0.000000	0.000000	0.014434	-0.002708	1.051273	-0.051381	-0.030433
	0.000000	0.000000	1.000000	0.000000	0.000000	-0.079426	-0.003419	0.870589	0.243178	-0.000157
	0.000000	0.000000	1.000000	0.000000	0.000000	0.046410	-0.008859	1.018174	-0.042441	-0.031945
	0.000000	0.000000	1.000000	0.000000	0.000000	0.085796	0.013203	0.931282	0.033192	-0.067045
	0.000000	0.000000	1.000000	0.000000	0.000000	0.100147	0.034071	1.030913	-0.112466	-0.057561
	0.000000	0.000000	1.000000	0.000000	0.000000	-0.034471	-0.028504	0.938052	0.137979	-0.003030
	0.000000	0.000000	1.000000	0.000000	0.000000	0.097038	0.058444	0.865835	0.047737	-0.083028
	0.000000	0.000000	1.000000	0.000000	0.000000	0.002265	-0.024963	1.034498	-0.019580	-0.011053
	0.000000	0.000000	1.000000	0.000000	0.000000	0.043124	-0.017447	1.016231	-0.066248	0.009384
	0.000000	0.000000	0.000000	1.000000	0.000000	-0.072643	0.072274	0.002953	1.014991	-0.024874
	0.000000	0.000000	0.000000	1.000000	0.000000	0.187957	0.056383	0.035160	0.808333	-0.079792
	0.000000	0.000000	0.000000	1.000000	0.000000	0.312005	0.108499	-0.025965	0.625462	-0.002933
	0.000000	0.000000	0.000000	1.000000	0.000000	-0.099018	0.189547	-0.048085	0.900560	0.095696
	0.000000	0.000000	0.000000	1.000000	0.000000	0.218400	0.008947	0.060994	0.823344	-0.091180
	0.000000	0.000000	0.000000	1.000000	0.000000	0.263013	0.025778	0.003785	0.708962	-0.039445
	0.000000	0.000000	0.000000	1.000000	0.000000	0.170082	0.013425	0.126167	0.933511	-0.137829
	0.000000	0.000000	0.000000	1.000000	0.000000	-0.070760	0.255857	-0.058176	0.842304	0.057026
	0.000000	0.000000	0.000000	1.000000	0.000000	0.031849	0.053626	-0.007361	0.936566	-0.028448
	0.000000	0.000000	0.000000	1.000000	0.000000	-0.071522	0.036170	-0.054445	0.881166	0.180214
	0.000000	0.000000	0.000000	1.000000	0.000000	0.258894	0.021752	0.138145	0.901829	-0.165005
	0.000000	0.000000	0.000000	1.000000	0.000000	0.112120	0.029367	0.100416	0.957904	-0.126122
	0.000000	0.000000	0.000000	1.000000	0.000000	0.020588	0.061310	0.005409	0.968440	-0.060931
	0.000000	0.000000	0.000000	1.000000	0.000000	0.303595	0.021187	0.097981	0.971231	-0.183755
	0.000000	0.000000	0.000000	1.000000	0.000000	-0.004224	0.054173	0.006002	1.035197	-0.081174
	0.000000	0.000000	0.000000	1.000000	0.000000	0.131179	0.040157	0.076894	0.982877	-0.139406
	0.000000	0.000000	0.000000	0.000000	1.000000	0.020300	-0.021700	0.016336	0.015382	0.994909
	0.000000	0.000000	0.000000	0.000000	1.000000	0.093835	-0.044091	-0.000467	0.055918	0.913941
	0.000000	0.000000	0.000000	0.000000	1.000000	0.065002	0.018773	0.046894	-0.002973	0.896444
	0.000000	0.000000	0.000000	0.000000	1.000000	0.081628	-0.081917	-0.040646	0.179286	0.843383
	0.000000	0.000000	0.000000	0.000000	1.000000	0.138149	-0.024217	0.001917	0.008382	0.876427
	0.000000	0.000000	0.000000	0.000000	1.000000	0.019348	0.040494	0.011931	-0.048197	0.977988
	0.000000	0.000000	0.000000	0.000000	1.000000	-0.014091	-0.012419	0.005221	-0.003218	1.038043
	0.000000	0.000000	0.000000	0.000000	1.000000	0.040692	-0.050733	0.003036	0.019993	0.997034
	0.000000	0.000000	0.000000	0.000000	1.000000	-0.026568	-0.057473	-0.006462	0.027055	1.080361
	0.000000	0.000000	0.000000	0.000000	1.000000	-0.012994	0.021867	-0.018708	0.020412	0.991790
	0.000000	0.000000	0.000000	0.000000	1.000000	-0.034804	-0.018357	-0.015584	0.075851	1.009133
	0.000000	0.000000	0.000000	0.000000	1.000000	-0.016134	-0.038555	-0.003590	0.008873	1.060477
	0.000000	0.000000	0.000000	0.000000	1.000000	0.014838	0.015238	-0.004888	-0.032865	1.012108
	0.000000	0.000000	0.000000	0.000000	1.000000	-0.010615	-0.035377	0.002308	-0.001356	1.057627
	0.000000	0.000000	0.000000	0.000000	1.000000	0.012606	-0.032171	-0.001685	-0.000528	1.031391
	0.000000	0.000000	0.000000	0.000000	1.000000	0.011853	-0.019915	-0.008401	0.049354	0.978170
	0.000000	0.000000	0.000000	0.000000	1.000000	-0.013676	0.058640	-0.013081	0.031204	0.947543
	0.000000	0.000000	0.000000	0.000000	1.000000	0.095972	-0.042879	-0.016300	0.117471	0.836524
	0.000000	0.000000	0.000000	0.000000	1.000000	0.027895	-0.031081	-0.012302	0.136664	0.886667
	0.000000	0.000000	0.000000	0.000000	1.000000	0.021215	0.024670	0.008359	0.027685	0.923715
	0.000000	0.000000	0.000000	0.000000	1.000000	0.002185	-0.009821	0.017943	-0.030794	1.039887
	0.000000	0.000000	0.000000	0.000000	1.000000	0.035589	-0.052404	0.015191	-0.018602	1.043764
	0.000000	0.000000	0.000000	0.000000	1.000000	0.000302	-0.012170	-0.000048	-0.022435	1.044438
	0.000000	0.000000	0.000000	0.000000	1.000000	0.110989	-0.041755	0.016593	-0.021711	0.972049
	0.000000	0.000000	0.000000	0.000000	1.000000	0.011298	-0.030309	0.012591	-0.016324	1.037781
	0.000000	0.000000	0.000000	0.000000	1.000000	-0.015237	-0.043847	0.004351	0.016793	1.055687
	0.000000	0.000000	0.000000	0.000000	1.000000	0.041265	-0.027067	0.020041	-0.041970	1.025570
	0.000000	0.000000	0.000000	0.000000	1.000000	0.009247	0.064181	-0.012659	-0.006079	0.940221
	0.000000	0.000000	0.000000	0.000000	1.000000	0.043829	-0.045906	0.012688	0.028400	0.981937
	0.000000	0.000000	0.000000	0.000000	1.000000	-0.021056	-0.069915	-0.003841	0.063889	1.030937
	0.000000	0.000000	0.000000	0.000000	1.000000	0.025123	-0.024756	0.020243	-0.015348	1.015344
	0.000000	0.000000	0.000000	0.000000	1.000000	-0.001926	-0.072944	-0.005805	0.027499	1.069448
	0.000000	0.000000	0.000000	0.000000	1.000000	-0.024194	-0.037106	-0.011370	0.026415	1.062622
	0.000000	0.000000	0.000000	0.000000	1.000000	0.011827	0.005014	-0.006328	-0.007498	1.005542
	0.000000	0.000000	0.000000	0.000000	1.000000	0.361655	-0.042617	-0.003937	0.093155	0.590052
	0.000000	0.000000	0.000000	0.000000	1.000000	0.049285	0.032516	0.030615	-0.067463	0.976541
	0.000000	0.000000	0.000000	0.000000	1.000000	0.011051	-0.053353	0.006025	0.001976	1.048780
	0.000000	0.000000	0.000000	0.000000	1.000000	-0.029912	-0.052697	-0.009660	0.030412	1.078262
	0.000000	0.000000	0.000000	0.000000	1.000000	0.006960	-0.009304	-0.007557	-0.023399	1.037386
	0.000000	0.000000	0.000000	0.000000	1.000000	0.020355	-0.064665	-0.000050	0.008343	1.052678
	0.000000	0.000000	0.000000	0.000000	1.000000	0.027818	0.101931	-0.006948	-0.026945	0.893356
	0.000000	0.000000	0.000000	0.000000	1.000000	0.009749	0.047594	-0.005712	0.031468	0.909376
	0.000000	0.000000	0.000000	0.000000	1.000000	-0.022309	-0.051773	-0.003225	0.033381	1.063852
	0.000000	0.000000	0.000000	0.000000	1.000000	-0.006419	-0.022461	0.004775	-0.001869	1.044364
	0.000000	0.000000	0.000000	0.000000	1.000000	-0.007201	-0.012511	-0.000747	0.002501	1.034704
	0.000000	0.000000	0.000000	0.000000	1.000000	0.022043	-0.003951	0.018495	0.020203	0.960837
	0.000000	0.000000	0.000000	0.000000	1.000000	0.008560	0.031916	0.017619	-0.041285	0.997151
	0.000000	0.000000	0.000000	0.000000	1.000000	0.051760	-0.038833	0.001322	0.026355	0.960608
	0.000000	0.000000	0.000000	0.000000	1.000000	-0.023899	0.106105	0.015201	0.068338	0.870562
	0.000000	0.000000	0.000000	0.000000	1.000000	-0.015583	0.019665	-0.009238	0.022251	0.983014
	0.000000	0.000000	0.000000	0.000000	1.000000	-0.017907	0.015189	-0.015427	0.047157	0.971561
	0.000000	0.000000	0.000000	0.000000	1.000000	0.474367	-0.025379	-0.001408	0.206184	0.325034
	0.000000	0.000000	0.000000	0.000000	1.000000	-0.003420	0.022719	0.054231	0.106670	0.801899
	0.000000	0.000000	0.000000	0.000000	1.000000	0.189187	-0.026907	0.048191	-0.030309	0.773482
	0.000000	0.000000	0.000000	0.000000	1.000000	-0.026808	0.129265	0.046448	-0.007143	0.903157
	0.000000	0.000000	0.000000	0.000000	1.000000	0.086261	-0.039666	0.025719	0.116480	0.743642
	0.000000	0.000000	0.000000	0.000000	1.000000	-0.046629	0.007934	0.020628	0.155046	0.933622
	0.000000	0.000000	0.000000	0.000000	1.000000	-0.004462	-0.024335	0.005462	-0.019898	1.056995
	0.000000	0.000000	0.000000	0.000000	1.000000	0.089705	-0.061491	0.030460	-0.009551	0.925311
	0.000000	0.000000	0.000000	0.000000	1.000000	0.058494	-0.023041	0.027049	-0.075679	1.034762
	0.000000	0.000000	0.000000	0.000000	1.000000	0.214242	-0.021639	0.034322	-0.030768	0.830125
	0.000000	0.000000	0.000000	0.000000	1.000000	-0.011609	0.002833	0.000243	0.002459	1.021311
	0.000000	0.000000	0.000000	0.000000	1.000000	0.085478	-0.047942	0.036721	-0.088832	1.041274
	0.000000	0.000000	0.000000	0.000000	1.000000	0.094752	-0.058579	0.029227	-0.073336	1.034701
	0.000000	0.000000	0.000000	0.000000	1.000000	0.031486	0.057649	0.045260	0.199948	0.582071
	1.000000	0.000000	0.000000	0.000000	0.000000	0.634601	-0.087602	-0.064817	0.299094	0.179213
	1.000000	0.000000	0.000000	0.000000	0.000000	0.628518	-0.102756	-0.045866	0.166177	0.235294
	1.000000	0.000000	0.000000	0.000000	0.000000	0.718392	-0.086055	-0.057830	0.234555	0.157082
	1.000000	0.000000	0.000000	0.000000	0.000000	0.936631	-0.102868	-0.014173	-0.027385	0.184770
	1.000000	0.000000	0.000000	0.000000	0.000000	0.793582	-0.106642	-0.072853	0.285838	0.039041
	1.000000	0.000000	0.000000	0.000000	0.000000	0.860659	-0.103008	-0.050892	0.133668	0.117611
	1.000000	0.000000	0.000000	0.000000	0.000000	0.856555	-0.107108	-0.061867	0.207288	0.058609
	1.000000	0.000000	0.000000	0.000000	0.000000	0.840826	-0.061693	-0.047525	0.334296	-0.065578
	1.000000	0.000000	0.000000	0.000000	0.000000	0.852138	-0.086205	-0.064929	0.288344	-0.015708
	1.000000	0.000000	0.000000	0.000000	0.000000	0.411812	-0.073124	-0.029709	0.117501	0.575858
	1.000000	0.000000	0.000000	0.000000	0.000000	0.201044	0.331571	0.029556	0.371179	0.004853
	1.000000	0.000000	0.000000	0.000000	0.000000	0.670227	-0.102082	-0.035327	0.085773	0.370779
	1.000000	0.000000	0.000000	0.000000	0.000000	0.440333	-0.081696	-0.003965	-0.003188	0.604546
	1.000000	0.000000	0.000000	0.000000	0.000000	0.456561	-0.027638	0.034760	0.033958	0.502457
	1.000000	0.000000	0.000000	0.000000	0.000000	0.762228	-0.102828	-0.040059	0.204400	0.064143
	1.000000	0.000000	0.000000	0.000000	0.000000	0.735126	-0.079363	0.016066	0.325522	-0.063371
	0.000000	1.000000	0.000000	0.000000	0.000000	0.011037	1.025552	0.026752	0.017606	-0.097502
	0.000000	1.000000	0.000000	0.000000	0.000000	-0.012704	0.864262	-0.080397	0.132214	0.079570
	0.000000	1.000000	0.000000	0.000000	0.000000	0.052689	0.834913	0.205061	-0.005453	-0.133753
	0.000000	1.000000	0.000000	0.000000	0.000000	-0.057260	0.946718	0.033111	0.095838	-0.077757
	0.000000	1.000000	0.000000	0.000000	0.000000	-0.028498	0.928691	-0.064202	0.136481	0.029289
	0.000000	1.000000	0.000000	0.000000	0.000000	0.092238	0.661090	0.076524	-0.082645	0.230528
	0.000000	1.000000	0.000000	0.000000	0.000000	-0.019993	0.569288	-0.043140	0.121308	0.322430
	0.000000	1.000000	0.000000	0.000000	0.000000	-0.112372	0.475307	-0.047105	0.299005	0.514363
	0.000000	1.000000	0.000000	0.000000	0.000000	-0.007885	0.998587	-0.024329	0.041552	-0.012244
	0.000000	1.000000	0.000000	0.000000	0.000000	-0.007283	1.019624	-0.026916	0.032679	-0.025991
	0.000000	1.000000	0.000000	0.000000	0.000000	0.037725	1.028683	0.051085	-0.090681	-0.037778
	0.000000	1.000000	0.000000	0.000000	0.000000	0.041624	0.871375	-0.058433	-0.006940	0.109995
	0.000000	1.000000	0.000000	0.000000	0.000000	-0.009713	0.976276	-0.046526	0.069723	0.002821
	0.000000	1.000000	0.000000	0.000000	0.000000	-0.001073	0.940030	-0.042618	0.054030	0.035849
	0.000000	1.000000	0.000000	0.000000	0.000000	-0.150221	0.885665	-0.070505	0.527694	-0.047489
	0.000000	1.000000	0.000000	0.000000	0.000000	-0.158144	0.550432	0.477422	-0.081123	0.363863
	0.000000	1.000000	0.000000	0.000000	0.000000	-0.004097	1.013727	-0.022257	0.032662	-0.026532
	0.000000	1.000000	0.000000	0.000000	0.000000	-0.017925	1.010199	0.026910	-0.043719	0.014302
	0.000000	1.000000	0.000000	0.000000	0.000000	-0.038573	1.067729	0.011579	0.039790	-0.073683
	0.000000	1.000000	0.000000	0.000000	0.000000	0.141611	0.853770	0.010803	-0.041085	-0.005194
	0.000000	1.000000	0.000000	0.000000	0.000000	-0.016217	1.016482	-0.031161	0.061418	-0.037023
	0.000000	1.000000	0.000000	0.000000	0.000000	0.036955	0.896900	-0.038090	-0.016146	0.084422
	0.000000	1.000000	0.000000	0.000000	0.000000	-0.025944	1.007606	0.024099	-0.030487	0.016287
	0.000000	1.000000	0.000000	0.000000	0.000000	-0.026008	0.984837	-0.001456	0.035553	0.020848
	0.000000	1.000000	0.000000	0.000000	0.000000	-0.012485	1.056539	-0.007906	0.038480	-0.072376
	0.000000	1.000000	0.000000	0.000000	0.000000	-0.037017	0.811724	-0.047532	0.114574	0.175388
	0.000000	1.000000	0.000000	0.000000	0.000000	0.048731	0.934124	-0.003390	-0.096440	0.086821
	0.000000	1.000000	0.000000	0.000000	0.000000	0.014274	0.932935	-0.023758	0.033453	0.025970
	0.000000	1.000000	0.000000	0.000000	0.000000	-0.008747	1.023947	-0.023087	0.027120	-0.022000
	0.000000	1.000000	0.000000	0.000000	0.000000	-0.027168	0.856309	-0.010109	0.066362	0.109186
	0.000000	1.000000	0.000000	0.000000	0.000000	-0.090699	0.832201	-0.054032	0.337682	0.023810
	0.000000	1.000000	0.000000	0.000000	0.000000	-0.061216	0.838994	-0.019555	0.203287	0.025084
	0.000000	1.000000	0.000000	0.000000	0.000000	-0.019122	1.017806	0.004486	0.016343	-0.030098
	0.000000	1.000000	0.000000	0.000000	0.000000	-0.026205	1.073495	-0.005243	0.039824	-0.075725
	0.000000	1.000000	0.000000	0.000000	0.000000	-0.171537	0.658505	0.412828	-0.046734	0.196761
	0.000000	0.000000	1.000000	0.000000	0.000000	-0.027918	-0.005885	0.978216	-0.019331	0.055409
	0.000000	0.000000	1.000000	0.000000	0.000000	0.049156	-0.032221	0.918741	0.108236	-0.045628
	0.000000	0.000000	1.000000	0.000000	0.000000	0.058011	0.033021	1.062526	-0.123307	-0.046640
	0.000000	0.000000	1.000000	0.000000	0.000000	0.053954	0.045945	0.884585	0.018332	-0.037478
	0.000000	0.000000	1.000000	0.000000	0.000000	-0.080414	0.064436	0.938761	0.061792	-0.016394
	0.000000	0.000000	1.000000	0.000000	0.000000	0.080145	0.043413	0.914594	0.041909	-0.085352
	0.000000	0.000000	1.000000	0.000000	0.000000	0.059477	0.016233	0.553538	0.511081	-0.086421
	0.000000	0.000000	1.000000	0.000000	0.000000	-0.020650	0.050585	0.999913	0.020824	-0.074194
	0.000000	0.000000	1.000000	0.000000	0.000000	0.020803	-0.033391	1.019614	-0.017580	-0.011346
	0.000000	0.000000	1.000000	0.000000	0.000000	0.077031	-0.007331	0.818166	0.187814	-0.064956
	0.000000	0.000000	1.000000	0.000000	0.000000	0.293374	0.095590	0.823943	-0.056133	-0.114690
	0.000000	0.000000	1.000000	0.000000	0.000000	0.100535	-0.040045	0.797718	0.205754	-0.056716
	0.000000	0.000000	1.000000	0.000000	0.000000	0.052941	-0.000485	1.054667	-0.095114	-0.033747
	0.000000	0.000000	1.000000	0.000000	0.000000	-0.254003	0.208245	0.158687	0.861182	0.219697
	0.000000	0.000000	1.000000	0.000000	0.000000	0.011886	-0.015375	1.020399	-0.027844	-0.008961
	0.000000	0.000000	1.000000	0.000000	0.000000	0.065027	0.037620	1.060009	-0.134224	-0.035894
	0.000000	0.000000	0.000000	1.000000	0.000000	0.289533	0.064939	0.182342	0.774215	-0.171969
	0.000000	0.000000	0.000000	1.000000	0.000000	0.148235	-0.012921	-0.003708	0.638816	0.127174
	0.000000	0.000000	0.000000	1.000000	0.000000	-0.201256	0.171457	-0.047883	0.965978	0.229577
	0.000000	0.000000	0.000000	1.000000	0.000000	-0.083814	0.117686	-0.031083	1.030195	-0.044145
	0.000000	0.000000	0.000000	1.000000	0.000000	0.209997	-0.015362	0.069509	0.873769	-0.098922
	0.000000	0.000000	0.000000	1.000000	0.000000	-0.017361	0.061517	-0.045543	0.931172	0.044846
	0.000000	0.000000	0.000000	1.000000	0.000000	0.218310	0.022410	-0.001311	0.809287	-0.060656
	0.000000	0.000000	0.000000	1.000000	0.000000	0.197361	0.037615	0.091438	0.918699	-0.144251
	0.000000	0.000000	0.000000	1.000000	0.000000	-0.045488	0.034807	0.096580	0.990999	-0.054958
	0.000000	0.000000	0.000000	1.000000	0.000000	-0.113206	0.078744	-0.036771	1.027948	0.033146
	0.000000	0.000000	0.000000	1.000000	0.000000	0.201111	0.017092	0.210264	0.875429	-0.154686
	0.000000	0.000000	0.000000	1.000000	0.000000	0.127887	0.023366	0.095043	0.976910	-0.132297
	0.000000	0.000000	0.000000	1.000000	0.000000	-0.110754	0.054185	0.051712	1.063511	-0.040351
	0.000000	0.000000	0.000000	1.000000	0.000000	0.135568	-0.033183	0.444807	0.708518	-0.122135
	0.000000	0.000000	0.000000	1.000000	0.000000	0.207553	0.058951	0.272966	0.709759	-0.148714
	0.000000	0.000000	0.000000	0.000000	1.000000	0.076056	-0.029494	0.020825	-0.009414	0.974621
	0.000000	0.000000	0.000000	0.000000	1.000000	-0.019704	-0.009048	0.010420	0.104222	0.962589
	0.000000	0.000000	0.000000	0.000000	1.000000	-0.017221	-0.030763	0.001823	0.012133	1.050010
	0.000000	0.000000	0.000000	0.000000	1.000000	0.061492	-0.012847	0.018971	-0.063464	1.010668
	0.000000	0.000000	0.000000	0.000000	1.000000	0.036004	0.021728	0.008992	0.012314	0.922937
	0.000000	0.000000	0.000000	0.000000	1.000000	0.059335	-0.066351	0.012662	-0.030349	1.047013
	0.000000	0.000000	0.000000	0.000000	1.000000	-0.006001	-0.023789	-0.018792	0.165075	0.893088
	0.000000	0.000000	0.000000	0.000000	1.000000	0.024367	-0.018479	0.008877	-0.024684	1.025848
	0.000000	0.000000	0.000000	0.000000	1.000000	0.251351	-0.029107	0.055056	-0.074748	0.849160
	0.000000	0.000000	0.000000	0.000000	1.000000	0.603673	-0.091505	-0.044695	0.184936	0.279405
	0.000000	0.000000	0.000000	0.000000	1.000000	-0.003825	-0.006121	-0.009211	0.006740	1.019861
	0.000000	0.000000	0.000000	0.000000	1.000000	0.028694	-0.031462	0.038155	-0.046513	1.037645
	0.000000	0.000000	0.000000	0.000000	1.000000	-0.002725	-0.011384	0.002774	-0.021126	1.040128
	0.000000	0.000000	0.000000	0.000000	1.000000	-0.014725	-0.072254	-0.007520	0.035489	1.079200
	0.000000	0.000000	0.000000	0.000000	1.000000	0.003411	0.000307	-0.003382	-0.013875	1.016715
	0.000000	0.000000	0.000000	0.000000	1.000000	0.030243	-0.082636	-0.040575	0.169361	0.930535
	0.000000	0.000000	0.000000	0.000000	1.000000	0.034730	-0.029855	0.015665	0.013816	0.988176
	0.000000	0.000000	0.000000	0.000000	1.000000	-0.064782	0.052730	-0.001060	0.122630	0.939664
	0.000000	0.000000	0.000000	0.000000	1.000000	0.020019	-0.003600	0.023411	-0.065245	1.037536
	0.000000	0.000000	0.000000	0.000000	1.000000	-0.010335	-0.014114	-0.017739	0.157860	0.893508
	0.000000	0.000000	0.000000	0.000000	1.000000	0.043088	-0.037562	-0.000536	-0.019068	1.023912
	0.000000	0.000000	0.000000	0.000000	1.000000	0.006399	-0.030034	0.004642	-0.038032	1.062263
	0.000000	0.000000	0.000000	0.000000	1.000000	0.113447	-0.031487	0.045756	-0.094821	1.013936
	0.000000	0.000000	0.000000	0.000000	1.000000	0.067560	-0.042585	0.007982	0.018928	0.972414
	0.000000	0.000000	0.000000	0.000000	1.000000	0.024520	-0.009085	0.014663	-0.056060	1.037304
	0.000000	0.000000	0.000000	0.000000	1.000000	0.034483	-0.044139	0.025597	-0.065040	1.055759
	0.000000	0.000000	0.000000	0.000000	1.000000	0.015539	-0.057419	0.013724	-0.023958	1.069219
	0.000000	0.000000	0.000000	0.000000	1.000000	0.164099	-0.045650	-0.023706	0.163890	0.712101
	0.000000	0.000000	0.000000	0.000000	1.000000	0.057341	-0.071914	0.011919	-0.029336	1.053017
	0.000000	0.000000	0.000000	0.000000	1.000000	-0.007155	-0.045160	0.000173	0.009502	1.060667
	0.000000	0.000000	0.000000	0.000000	1.000000	-0.025648	-0.067325	-0.016190	0.085462	1.053456
	0.000000	0.000000	0.000000	0.000000	1.000000	-0.000362	-0.021150	-0.009410	0.014654	1.025009
	0.000000	0.000000	0.000000	0.000000	1.000000	0.018189	-0.044010	0.006033	-0.033687	1.067540
	0.000000	0.000000	0.000000	0.000000	1.000000	-0.020651	-0.034224	-0.006745	0.007620	1.065626
	0.000000	0.000000	0.000000	0.000000	1.000000	0.088945	-0.053679	0.008959	0.016581	0.964200
	0.000000	0.000000	0.000000	0.000000	1.000000	-0.011085	0.081629	-0.008307	0.020074	0.920350
	0.000000	0.000000	0.000000	0.000000	1.000000	0.038322	0.011827	0.021445	-0.072856	1.015110
	0.000000	0.000000	0.000000	0.000000	1.000000	-0.006947	0.089992	0.000869	0.000736	0.925243
	0.000000	0.000000	0.000000	0.000000	1.000000	-0.013360	0.043552	0.002798	-0.004313	0.986367
	0.000000	0.000000	0.000000	0.000000	1.000000	0.000373	0.011734	0.016580	-0.002478	0.986850
	0.000000	0.000000	0.000000	0.000000	1.000000	0.017790	0.047368	-0.024383	-0.028085	0.981108
	0.000000	0.000000	0.000000	0.000000	1.000000	-0.004814	0.023526	-0.000085	0.020055	0.975447
	0.000000	0.000000	0.000000	0.000000	1.000000	0.006415	-0.071326	-0.012049	0.050494	1.043783
	0.000000	0.000000	0.000000	0.000000	1.000000	0.090167	-0.016686	0.026606	-0.052283	0.975940
	0.000000	0.000000	0.000000	0.000000	1.000000	-0.025586	-0.032986	0.005275	0.028630	1.053813
	0.000000	0.000000	0.000000	0.000000	1.000000	0.018724	-0.012548	0.021244	-0.068154	1.051235
	0.000000	0.000000	0.000000	0.000000	1.000000	0.003441	-0.052002	0.002266	0.009210	1.055784
	0.000000	0.000000	0.000000	0.000000	1.000000	-0.007857	-0.004734	0.006692	0.016981	1.003158
	0.000000	0.000000	0.000000	0.000000	1.000000	0.044495	0.047260	0.007721	-0.076816	0.984544
	0.000000	0.000000	0.000000	0.000000	1.000000	-0.004581	-0.048257	0.002804	0.030722	1.037560
	0.000000	0.000000	0.000000	0.000000	1.000000	0.089215	-0.046067	0.030033	-0.076788	1.036047
	0.000000	0.000000	0.000000	0.000000	1.000000	-0.019821	-0.015375	0.002826	-0.003961	1.051432
	0.000000	0.000000	0.000000	0.000000	1.000000	-0.005603	-0.006459	-0.009920	0.009473	1.004638
	0.000000	0.000000	0.000000	0.000000	1.000000	-0.007230	-0.023432	-0.002758	-0.009377	1.048721
	0.000000	0.000000	0.000000	0.000000	1.000000	-0.037367	-0.016601	0.040251	0.102127	0.924068
	0.000000	0.000000	0.000000	0.000000	1.000000	-0.001988	-0.024778	0.001655	0.034604	1.004536
	0.000000	0.000000	0.000000	0.000000	1.000000	0.047367	0.004712	0.020329	-0.058732	1.004115
	0.000000	0.000000	0.000000	0.000000	1.000000	0.011137	-0.057841	0.001496	0.023830	1.033333
	0.000000	0.000000	0.000000	0.000000	1.000000	0.187299	-0.046727	0.065392	-0.142252	1.017129
	0.000000	0.000000	0.000000	0.000000	1.000000	0.076699	-0.049069	0.031269	-0.083614	1.052251
	0.000000	0.000000	0.000000	0.000000	1.000000	0.068425	-0.041083	0.024045	-0.050854	1.025324
