	1.000000	0.000000	0.000000	0.000000	0.000000	0.941758	-0.052386	0.004687	-0.035258	0.089564
	1.000000	0.000000	0.000000	0.000000	0.000000	0.908168	-0.077124	-0.051281	0.095707	0.072620
	1.000000	0.000000	0.000000	0.000000	0.000000	1.049473	-0.091581	-0.025833	-0.001271	-0.066058
	1.000000	0.000000	0.000000	0.000000	0.000000	1.027772	-0.069682	-0.054100	0.070236	-0.052023
	1.000000	0.000000	0.000000	0.000000	0.000000	0.851035	-0.066928	-0.052922	0.141970	0.087337
	1.000000	0.000000	0.000000	0.000000	0.000000	0.897401	-0.054034	-0.025943	0.034822	0.101692
	1.000000	0.000000	0.000000	0.000000	0.000000	0.810699	-0.056371	-0.048480	0.174131	0.082284
	1.000000	0.000000	0.000000	0.000000	0.000000	0.981440	-0.060416	-0.048462	0.121167	-0.067021
	1.000000	0.000000	0.000000	0.000000	0.000000	0.887698	-0.061393	-0.016414	-0.028091	0.194076
	1.000000	0.000000	0.000000	0.000000	0.000000	0.962278	-0.060884	-0.045646	0.215575	-0.123686
	1.000000	0.000000	0.000000	0.000000	0.000000	0.884884	-0.047177	-0.015208	-0.016514	0.157857
	1.000000	0.000000	0.000000	0.000000	0.000000	0.969636	-0.076325	-0.013959	-0.010692	0.017759
	1.000000	0.000000	0.000000	0.000000	0.000000	0.880683	-0.060075	-0.063040	0.213917	-0.022384
	1.000000	0.000000	0.000000	0.000000	0.000000	0.375358	0.152876	0.052026	0.011530	0.362945
	0.000000	1.000000	0.000000	0.000000	0.000000	-0.001793	1.017018	0.013420	-0.030486	-0.014849
	0.000000	1.000000	0.000000	0.000000	0.000000	-0.027174	1.020465	-0.019207	0.061108	-0.036220
	0.000000	1.000000	0.000000	0.000000	0.000000	-0.020205	1.041871	0.019982	-0.034496	-0.013582
	0.000000	1.000000	0.000000	0.000000	0.000000	-0.040903	1.015572	-0.028632	0.090044	-0.020716
	0.000000	1.000000	0.000000	0.000000	0.000000	0.015494	1.041976	0.007763	-0.043247	-0.024665
	0.000000	1.000000	0.000000	0.000000	0.000000	-0.024259	0.978167	-0.032079	0.081872	-0.018272
	0.000000	1.000000	0.000000	0.000000	0.000000	-0.016084	0.907259	-0.036882	0.055632	0.072316
	0.000000	1.000000	0.000000	0.000000	0.000000	-0.034266	0.926291	-0.041346	0.149587	-0.006771
	0.000000	1.000000	0.000000	0.000000	0.000000	-0.036924	1.047033	-0.002409	0.061410	-0.063183
	0.000000	1.000000	0.000000	0.000000	0.000000	-0.020724	1.018516	-0.022787	0.073594	-0.067743
	0.000000	1.000000	0.000000	0.000000	0.000000	0.003631	0.995459	0.006386	-0.008330	-0.002911
	0.000000	1.000000	0.000000	0.000000	0.000000	-0.013694	1.050692	-0.022912	0.044107	-0.069907
	0.000000	1.000000	0.000000	0.000000	0.000000	-0.032461	1.017489	0.020415	-0.002957	-0.005117
	0.000000	1.000000	0.000000	0.000000	0.000000	-0.015982	1.024835	-0.012926	0.020868	-0.018096
	0.000000	1.000000	0.000000	0.000000	0.000000	0.003193	0.987968	-0.024985	0.004436	0.014925
	0.000000	1.000000	0.000000	0.000000	0.000000	-0.013860	1.047828	0.005982	-0.003784	-0.040377
	0.000000	1.000000	0.000000	0.000000	0.000000	0.039038	0.821394	-0.039137	-0.018679	0.144697
	0.000000	1.000000	0.000000	0.000000	0.000000	0.021540	0.931375	-0.045650	0.005627	0.049636
	0.000000	1.000000	0.000000	0.000000	0.000000	-0.028576	0.984896	0.060793	0.010635	-0.042043
	0.000000	1.000000	0.000000	0.000000	0.000000	0.015299	0.978010	-0.041798	0.007318	0.012803
	0.000000	1.000000	0.000000	0.000000	0.000000	-0.004842	1.060356	0.058297	-0.062610	-0.050288
	0.000000	1.000000	0.000000	0.000000	0.000000	-0.040436	0.822173	-0.053934	0.130506	0.144749
	0.000000	1.000000	0.000000	0.000000	0.000000	-0.043707	0.813931	-0.028580	0.092817	0.180006
	0.000000	1.000000	0.000000	0.000000	0.000000	0.010464	0.897388	0.128137	-0.128141	0.096449
	0.000000	1.000000	0.000000	0.000000	0.000000	0.006773	1.065311	-0.004008	-0.025774	-0.046939
	0.000000	1.000000	0.000000	0.000000	0.000000	0.093485	1.048681	0.000465	-0.123155	-0.025760
	0.000000	1.000000	0.000000	0.000000	0.000000	0.030279	1.026842	0.065337	-0.096619	-0.024283
	0.000000	1.000000	0.000000	0.000000	0.000000	-0.085499	0.964389	0.003116	0.139615	-0.020495
	0.000000	1.000000	0.000000	0.000000	0.000000	0.039780	0.879768	0.005873	0.025471	0.000412
	0.000000	1.000000	0.000000	0.000000	0.000000	-0.004632	0.910914	0.000972	0.032039	0.011688
	0.000000	1.000000	0.000000	0.000000	0.000000	0.011550	0.985294	0.049661	-0.005727	-0.065462
	0.000000	1.000000	0.000000	0.000000	0.000000	0.053868	0.971671	-0.035926	-0.059646	0.039479
	0.000000	1.000000	0.000000	0.000000	0.000000	-0.031245	1.086587	0.000978	0.025814	-0.069217
	0.000000	1.000000	0.000000	0.000000	0.000000	-0.043787	1.002527	0.039557	0.021359	-0.039549
	0.000000	1.000000	0.000000	0.000000	0.000000	-0.005358	0.373124	0.091649	0.361716	0.046763
	0.000000	1.000000	0.000000	0.000000	0.000000	-0.001686	0.976726	-0.025264	0.008053	0.031660
	0.000000	1.000000	0.000000	0.000000	0.000000	-0.012034	1.003335	-0.028531	0.071556	-0.038903
	0.000000	1.000000	0.000000	0.000000	0.000000	-0.012732	1.045737	0.013355	-0.008896	-0.047888
	0.000000	1.000000	0.000000	0.000000	0.000000	-0.022842	1.076621	-0.008929	0.027607	-0.066549
	0.000000	0.000000	1.000000	0.000000	0.000000	0.019365	0.044015	1.019207	-0.057499	-0.042864
	0.000000	0.000000	1.000000	0.000000	0.000000	-0.072508	0.080360	0.989903	-0.013385	-0.039923
	0.000000	0.000000	1.000000	0.000000	0.000000	-0.009051	0.013940	1.038443	-0.047151	-0.016023
	0.000000	0.000000	1.000000	0.000000	0.000000	-0.036358	0.025637	0.884542	0.117263	-0.011747
	0.000000	0.000000	1.000000	0.000000	0.000000	0.007006	0.006314	1.054128	-0.065275	-0.012998
	0.000000	0.000000	1.000000	0.000000	0.000000	-0.104705	-0.007826	0.883238	0.212653	0.030369
	0.000000	0.000000	1.000000	0.000000	0.000000	0.020808	-0.008355	1.021845	-0.039053	-0.004761
	0.000000	0.000000	1.000000	0.000000	0.000000	0.047743	0.011309	0.953701	0.016443	-0.032957
	0.000000	0.000000	1.000000	0.000000	0.000000	0.080530	0.047814	1.036723	-0.117915	-0.038857
	0.000000	0.000000	1.000000	0.000000	0.000000	-0.061356	-0.032925	0.948394	0.123521	0.029811
	0.000000	0.000000	1.000000	0.000000	0.000000	0.040933	0.057639	0.888082	0.038499	-0.050581
	0.000000	0.000000	1.000000	0.000000	0.000000	-0.025131	-0.027667	1.033629	-0.011005	0.020222
	0.000000	0.000000	1.000000	0.000000	0.000000	-0.004609	-0.016704	1.015527	-0.053617	0.054276
	0.000000	0.000000	0.000000	1.000000	0.000000	-0.120680	0.063213	-0.014799	1.038076	-0.003530
	0.000000	0.000000	0.000000	1.000000	0.000000	0.104839	0.065920	0.021241	0.805724	-0.040511
	0.000000	0.000000	0.000000	1.000000	0.000000	0.178604	0.128746	-0.042886	0.669962	0.049508
	0.000000	0.000000	0.000000	1.000000	0.000000	-0.144868	0.193066	-0.067865	0.933658	0.128546
	0.000000	0.000000	0.000000	1.000000	0.000000	0.090216	-0.005170	0.049921	0.858779	-0.037724
	0.000000	0.000000	0.000000	1.000000	0.000000	0.061252	0.033026	-0.016831	0.753734	0.071406
	0.000000	0.000000	0.000000	1.000000	0.000000	0.046989	-0.010053	0.131571	0.954047	-0.091353
	0.000000	0.000000	0.000000	1.000000	0.000000	-0.102928	0.277833	-0.079509	0.865472	0.056577
	0.000000	0.000000	0.000000	1.000000	0.000000	-0.094848	0.028792	-0.029052	0.983529	0.069091
	0.000000	0.000000	0.000000	1.000000	0.000000	-0.130636	0.024861	-0.066000	0.916916	0.246810
	0.000000	0.000000	0.000000	1.000000	0.000000	0.185409	0.000004	0.163709	0.899802	-0.143594
	0.000000	0.000000	0.000000	1.000000	0.000000	0.014474	0.005417	0.103107	0.983633	-0.091424
	0.000000	0.000000	0.000000	1.000000	0.000000	-0.040487	0.055881	-0.006777	0.984032	-0.036491
	0.000000	0.000000	0.000000	1.000000	0.000000	0.220346	-0.010023	0.139002	0.972996	-0.162758
	0.000000	0.000000	0.000000	1.000000	0.000000	-0.086397	0.022893	-0.003039	1.069720	-0.040282
	0.000000	0.000000	0.000000	1.000000	0.000000	0.034306	0.015840	0.079274	1.007311	-0.108568
	0.000000	0.000000	0.000000	0.000000	1.000000	-0.007614	-0.009126	0.011522	0.020134	1.001416
	0.000000	0.000000	0.000000	0.000000	1.000000	0.042803	-0.032895	-0.001884	0.058493	0.944387
	0.000000	0.000000	0.000000	0.000000	1.000000	0.029353	0.042314	0.039531	-0.005164	0.913213
	0.000000	0.000000	0.000000	0.000000	1.000000	0.013752	-0.072801	-0.033841	0.161473	0.914413
	0.000000	0.000000	0.000000	0.000000	1.000000	0.096556	-0.000299	0.001879	-0.012892	0.905727
	0.000000	0.000000	0.000000	0.000000	1.000000	0.027841	0.079433	0.002524	-0.066768	0.946536
	0.000000	0.000000	0.000000	0.000000	1.000000	-0.016951	0.011248	-0.002391	-0.013631	1.019037
	0.000000	0.000000	0.000000	0.000000	1.000000	0.020000	-0.037901	0.003644	0.010949	1.004647
	0.000000	0.000000	0.000000	0.000000	1.000000	-0.037003	-0.050367	-0.006046	0.022335	1.075442
	0.000000	0.000000	0.000000	0.000000	1.000000	-0.005816	0.051359	-0.022746	-0.003588	0.961836
	0.000000	0.000000	0.000000	0.000000	1.000000	-0.037405	-0.005936	-0.016048	0.059919	0.998281
	0.000000	0.000000	0.000000	0.000000	1.000000	-0.022832	-0.027892	-0.003853	0.002499	1.051266
	0.000000	0.000000	0.000000	0.000000	1.000000	0.005511	0.036526	-0.010803	-0.036409	0.995167
	0.000000	0.000000	0.000000	0.000000	1.000000	-0.020173	-0.023928	0.000358	-0.005252	1.050089
	0.000000	0.000000	0.000000	0.000000	1.000000	-0.003321	-0.020024	-0.003111	-0.004891	1.029753
	0.000000	0.000000	0.000000	0.000000	1.000000	-0.010517	-0.006622	-0.010244	0.042732	0.983346
	0.000000	0.000000	0.000000	0.000000	1.000000	-0.017093	0.086455	-0.019613	0.020305	0.922533
	0.000000	0.000000	0.000000	0.000000	1.000000	0.055226	-0.031327	-0.014574	0.104785	0.873302
	0.000000	0.000000	0.000000	0.000000	1.000000	-0.005241	-0.022185	-0.011744	0.126516	0.916274
	0.000000	0.000000	0.000000	0.000000	1.000000	0.005197	0.048663	0.002283	0.021729	0.917568
	0.000000	0.000000	0.000000	0.000000	1.000000	-0.016038	0.003178	0.009048	-0.022851	1.033431
	0.000000	0.000000	0.000000	0.000000	1.000000	-0.001477	-0.044435	0.010598	-0.011476	1.056682
	0.000000	0.000000	0.000000	0.000000	1.000000	-0.014420	-0.001415	-0.004267	-0.018309	1.036433
	0.000000	0.000000	0.000000	0.000000	1.000000	0.059385	-0.028537	0.012773	-0.015438	0.992907
	0.000000	0.000000	0.000000	0.000000	1.000000	-0.005383	-0.016271	0.009676	-0.019544	1.035660
	0.000000	0.000000	0.000000	0.000000	1.000000	-0.029595	-0.034026	0.003493	0.011340	1.054764
	0.000000	0.000000	0.000000	0.000000	1.000000	0.026448	-0.004775	0.016106	-0.049958	1.019489
	0.000000	0.000000	0.000000	0.000000	1.000000	0.008380	0.092692	-0.016457	-0.019203	0.916200
	0.000000	0.000000	0.000000	0.000000	1.000000	-0.001740	-0.034165	0.010206	0.027287	1.009309
	0.000000	0.000000	0.000000	0.000000	1.000000	-0.039448	-0.060500	0.002657	0.040892	1.051382
	0.000000	0.000000	0.000000	0.000000	1.000000	-0.000983	-0.011559	0.015099	-0.011387	1.019652
	0.000000	0.000000	0.000000	0.000000	1.000000	-0.023233	-0.067417	-0.004301	0.025716	1.075214
	0.000000	0.000000	0.000000	0.000000	1.000000	-0.030703	-0.024914	-0.013604	0.018764	1.050418
	0.000000	0.000000	0.000000	0.000000	1.000000	-0.000038	0.024002	-0.010950	-0.011985	0.993203
	0.000000	0.000000	0.000000	0.000000	1.000000	0.239224	-0.022312	-0.006221	0.087789	0.686914
	0.000000	0.000000	0.000000	0.000000	1.000000	0.025061	0.051157	0.022598	-0.059740	0.973568
	0.000000	0.000000	0.000000	0.000000	1.000000	-0.008433	-0.044235	0.006023	0.000785	1.051315
	0.000000	0.000000	0.000000	0.000000	1.000000	-0.037212	-0.043183	-0.010368	0.022303	1.069763
	0.000000	0.000000	0.000000	0.000000	1.000000	0.004946	0.017323	-0.015836	-0.033311	1.012974
	0.000000	0.000000	0.000000	0.000000	1.000000	-0.000824	-0.056265	0.000598	0.007188	1.056260
	0.000000	0.000000	0.000000	0.000000	1.000000	0.025152	0.134098	-0.011152	-0.037671	0.869626
	0.000000	0.000000	0.000000	0.000000	1.000000	0.001940	0.065315	-0.007803	0.021315	0.902352
	0.000000	0.000000	0.000000	0.000000	1.000000	-0.037356	-0.044767	-0.003351	0.031329	1.062686
	0.000000	0.000000	0.000000	0.000000	1.000000	-0.015879	-0.005727	-0.000803	-0.006641	1.032170
	0.000000	0.000000	0.000000	0.000000	1.000000	-0.024209	-0.001134	-0.005965	0.006666	1.028134
	0.000000	0.000000	0.000000	0.000000	1.000000	-0.002169	0.011110	0.013778	0.021171	0.966819
	0.000000	0.000000	0.000000	0.000000	1.000000	0.001669	0.057826	0.010431	-0.043864	0.977340
	0.000000	0.000000	0.000000	0.000000	1.000000	0.026557	-0.019988	0.001695	0.005509	0.977393
	0.000000	0.000000	0.000000	0.000000	1.000000	-0.043835	0.129160	0.006212	0.073419	0.862860
	0.000000	0.000000	0.000000	0.000000	1.000000	-0.005246	0.046298	-0.011974	-0.004149	0.955922
	0.000000	0.000000	0.000000	0.000000	1.000000	-0.012919	0.036292	-0.017597	0.023998	0.951528
	0.000000	0.000000	0.000000	0.000000	1.000000	0.291131	-0.004573	-0.008510	0.222595	0.467207
	0.000000	0.000000	0.000000	0.000000	1.000000	-0.046432	0.045227	0.056592	0.074118	0.873675
	0.000000	0.000000	0.000000	0.000000	1.000000	0.122462	0.001009	0.053555	-0.063535	0.860124
	0.000000	0.000000	0.000000	0.000000	1.000000	-0.031870	0.164647	0.031942	-0.012321	0.879147
	0.000000	0.000000	0.000000	0.000000	1.000000	0.015289	-0.016987	0.041450	0.062230	0.856376
	0.000000	0.000000	0.000000	0.000000	1.000000	-0.070942	0.018604	0.014871	0.146695	0.950379
	0.000000	0.000000	0.000000	0.000000	1.000000	-0.018811	-0.011443	-0.001261	-0.015201	1.047174
	0.000000	0.000000	0.000000	0.000000	1.000000	0.036579	-0.044322	0.039458	-0.037031	0.987411
	0.000000	0.000000	0.000000	0.000000	1.000000	0.038334	-0.001598	0.019919	-0.076508	1.029232
	0.000000	0.000000	0.000000	0.000000	1.000000	0.152799	0.008348	0.031796	-0.045692	0.870117
	0.000000	0.000000	0.000000	0.000000	1.000000	-0.021588	0.016627	-0.004316	0.003877	1.008448
	0.000000	0.000000	0.000000	0.000000	1.000000	0.058055	-0.030259	0.032255	-0.089134	1.047235
	0.000000	0.000000	0.000000	0.000000	1.000000	0.062110	-0.042548	0.026501	-0.075620	1.046314
	0.000000	0.000000	0.000000	0.000000	1.000000	-0.012522	0.082809	0.044620	0.153498	0.666751
	1.000000	0.000000	0.000000	0.000000	0.000000	0.504988	-0.065788	-0.069015	0.304971	0.252542
	1.000000	0.000000	0.000000	0.000000	0.000000	0.508576	-0.071021	-0.038030	0.111473	0.350608
	1.000000	0.000000	0.000000	0.000000	0.000000	0.644047	-0.056771	-0.056712	0.218169	0.198122
	1.000000	0.000000	0.000000	0.000000	0.000000	0.907752	-0.054916	0.001051	-0.071464	0.237516
	1.000000	0.000000	0.000000	0.000000	0.000000	0.735366	-0.079402	-0.070496	0.250499	0.077342
	1.000000	0.000000	0.000000	0.000000	0.000000	0.816958	-0.066881	-0.043967	0.094643	0.158316
	1.000000	0.000000	0.000000	0.000000	0.000000	0.806109	-0.076077	-0.055134	0.158106	0.110061
	1.000000	0.000000	0.000000	0.000000	0.000000	0.803551	-0.022959	-0.043610	0.297140	-0.043533
	1.000000	0.000000	0.000000	0.000000	0.000000	0.826342	-0.052255	-0.063081	0.245422	0.002194
	1.000000	0.000000	0.000000	0.000000	0.000000	0.303795	-0.051269	-0.026987	0.102870	0.659450
	1.000000	0.000000	0.000000	0.000000	0.000000	0.185629	0.408384	0.005767	0.349678	-0.011541
	1.000000	0.000000	0.000000	0.000000	0.000000	0.579572	-0.071782	-0.027664	0.051244	0.455819
	1.000000	0.000000	0.000000	0.000000	0.000000	0.344902	-0.050992	0.003580	-0.036540	0.703056
	1.000000	0.000000	0.000000	0.000000	0.000000	0.350696	-0.003067	0.033318	0.014837	0.610139
	1.000000	0.000000	0.000000	0.000000	0.000000	0.679030	-0.069361	-0.033984	0.151157	0.132071
	1.000000	0.000000	0.000000	0.000000	0.000000	0.595835	-0.056994	0.021746	0.300020	0.009232
	0.000000	1.000000	0.000000	0.000000	0.000000	-0.001531	1.041101	0.021266	0.017392	-0.094164
	0.000000	1.000000	0.000000	0.000000	0.000000	-0.005329	0.910160	-0.073141	0.092808	0.043643
	0.000000	1.000000	0.000000	0.000000	0.000000	0.025767	0.887636	0.171010	-0.002623	-0.141094
	0.000000	1.000000	0.000000	0.000000	0.000000	-0.037671	0.966754	0.024646	0.078172	-0.098620
	0.000000	1.000000	0.000000	0.000000	0.000000	-0.021782	0.965250	-0.057422	0.099445	0.001830
	0.000000	1.000000	0.000000	0.000000	0.000000	0.086828	0.727140	0.062405	-0.078629	0.193717
	0.000000	1.000000	0.000000	0.000000	0.000000	0.007814	0.649352	-0.050260	0.073612	0.242122
	0.000000	1.000000	0.000000	0.000000	0.000000	-0.092922	0.582654	-0.067632	0.253306	0.381815
	0.000000	1.000000	0.000000	0.000000	0.000000	-0.008183	1.021405	-0.022509	0.027290	-0.024997
	0.000000	1.000000	0.000000	0.000000	0.000000	-0.008023	1.038352	-0.020162	0.017925	-0.036373
	0.000000	1.000000	0.000000	0.000000	0.000000	0.023898	1.047751	0.045230	-0.075947	-0.042483
	0.000000	1.000000	0.000000	0.000000	0.000000	0.045489	0.918830	-0.052265	-0.027501	0.072304
	0.000000	1.000000	0.000000	0.000000	0.000000	-0.010105	0.998730	-0.042250	0.052535	-0.011255
	0.000000	1.000000	0.000000	0.000000	0.000000	-0.001526	0.973517	-0.040112	0.037679	0.012932
	0.000000	1.000000	0.000000	0.000000	0.000000	-0.146751	0.905298	-0.066765	0.458565	-0.043298
	0.000000	1.000000	0.000000	0.000000	0.000000	-0.136624	0.709173	0.431449	-0.146984	0.283674
	0.000000	1.000000	0.000000	0.000000	0.000000	-0.007530	1.030381	-0.019412	0.022914	-0.033049
	0.000000	1.000000	0.000000	0.000000	0.000000	-0.014610	1.033041	0.027592	-0.054265	-0.001600
	0.000000	1.000000	0.000000	0.000000	0.000000	-0.035985	1.074277	0.011195	0.025809	-0.072319
	0.000000	1.000000	0.000000	0.000000	0.000000	0.160606	0.922384	0.002792	-0.064970	-0.037082
	0.000000	1.000000	0.000000	0.000000	0.000000	-0.012716	1.033590	-0.025183	0.038913	-0.045353
	0.000000	1.000000	0.000000	0.000000	0.000000	0.034893	0.935497	-0.034550	-0.026224	0.057489
	0.000000	1.000000	0.000000	0.000000	0.000000	-0.021515	1.027548	0.024606	-0.044526	0.002914
	0.000000	1.000000	0.000000	0.000000	0.000000	-0.021280	1.012189	-0.006449	0.021876	-0.000512
	0.000000	1.000000	0.000000	0.000000	0.000000	-0.016343	1.065639	-0.005693	0.028905	-0.070326
	0.000000	1.000000	0.000000	0.000000	0.000000	-0.045267	0.852520	-0.048336	0.117445	0.135694
	0.000000	1.000000	0.000000	0.000000	0.000000	0.054043	0.977184	0.000137	-0.107118	0.052361
	0.000000	1.000000	0.000000	0.000000	0.000000	0.003357	0.959860	-0.023624	0.030640	0.016729
	0.000000	1.000000	0.000000	0.000000	0.000000	-0.010475	1.042240	-0.018124	0.016174	-0.033469
	0.000000	1.000000	0.000000	0.000000	0.000000	-0.016933	0.904604	-0.015270	0.040705	0.071774
	0.000000	1.000000	0.000000	0.000000	0.000000	-0.080125	0.874724	-0.058920	0.291173	-0.004766
	0.000000	1.000000	0.000000	0.000000	0.000000	-0.056138	0.869328	-0.023876	0.180856	0.006133
	0.000000	1.000000	0.000000	0.000000	0.000000	-0.015734	1.036978	0.004873	0.003030	-0.039757
	0.000000	1.000000	0.000000	0.000000	0.000000	-0.021959	1.081280	-0.001194	0.019560	-0.075526
	0.000000	1.000000	0.000000	0.000000	0.000000	-0.171746	0.711735	0.395233	-0.074268	0.177711
	0.000000	0.000000	1.000000	0.000000	0.000000	-0.092045	-0.014537	0.969992	0.008565	0.124975
	0.000000	0.000000	1.000000	0.000000	0.000000	0.016117	-0.038439	0.940164	0.096519	-0.013414
	0.000000	0.000000	1.000000	0.000000	0.000000	0.050664	0.060951	1.058817	-0.133997	-0.038983
	0.000000	0.000000	1.000000	0.000000	0.000000	0.039268	0.056689	0.888985	0.010529	-0.029304
	0.000000	0.000000	1.000000	0.000000	0.000000	-0.106258	0.072065	0.927446	0.060502	-0.000483
	0.000000	0.000000	1.000000	0.000000	0.000000	0.052434	0.048179	0.929636	0.027151	-0.067351
	0.000000	0.000000	1.000000	0.000000	0.000000	-0.031606	-0.001109	0.571593	0.517225	-0.031784
	0.000000	0.000000	1.000000	0.000000	0.000000	-0.029368	0.069245	0.995007	-0.000438	-0.072131
	0.000000	0.000000	1.000000	0.000000	0.000000	0.003385	-0.028910	1.022072	-0.019664	0.010963
	0.000000	0.000000	1.000000	0.000000	0.000000	0.037016	-0.012039	0.842371	0.172387	-0.035050
	0.000000	0.000000	1.000000	0.000000	0.000000	0.255412	0.112251	0.847038	-0.063837	-0.096273
	0.000000	0.000000	1.000000	0.000000	0.000000	0.053755	-0.048195	0.820998	0.206275	-0.022804
	0.000000	0.000000	1.000000	0.000000	0.000000	0.039754	0.011262	1.057847	-0.101118	-0.015294
	0.000000	0.000000	1.000000	0.000000	0.000000	-0.262656	0.183207	0.137249	0.886424	0.220567
	0.000000	0.000000	1.000000	0.000000	0.000000	-0.020330	-0.017614	1.019192	-0.017086	0.023946
	0.000000	0.000000	1.000000	0.000000	0.000000	0.056500	0.069078	1.057354	-0.146805	-0.026732
	0.000000	0.000000	0.000000	1.000000	0.000000	0.202250	0.055067	0.208124	0.763563	-0.148116
	0.000000	0.000000	0.000000	1.000000	0.000000	0.008476	-0.023358	-0.013587	0.661152	0.259652
	0.000000	0.000000	0.000000	1.000000	0.000000	-0.212369	0.160689	-0.064727	0.986468	0.227197
	0.000000	0.000000	0.000000	1.000000	0.000000	-0.147527	0.086163	-0.045260	1.067610	-0.002613
	0.000000	0.000000	0.000000	1.000000	0.000000	0.062501	-0.030696	0.059812	0.899779	-0.032716
	0.000000	0.000000	0.000000	1.000000	0.000000	-0.118330	0.043466	-0.063214	0.966748	0.145566
	0.000000	0.000000	0.000000	1.000000	0.000000	0.085344	0.026721	-0.016467	0.827232	0.002610
	0.000000	0.000000	0.000000	1.000000	0.000000	0.120201	0.020811	0.096133	0.930009	-0.121502
	0.000000	0.000000	0.000000	1.000000	0.000000	-0.132911	0.006702	0.087235	1.022801	0.006330
	0.000000	0.000000	0.000000	1.000000	0.000000	-0.149027	0.056795	-0.053431	1.055943	0.055983
	0.000000	0.000000	0.000000	1.000000	0.000000	0.156520	0.003177	0.232102	0.853585	-0.137696
	0.000000	0.000000	0.000000	1.000000	0.000000	0.008440	-0.006928	0.098849	1.005497	-0.085276
	0.000000	0.000000	0.000000	1.000000	0.000000	-0.192150	0.018925	0.032286	1.100936	0.035051
	0.000000	0.000000	0.000000	1.000000	0.000000	0.072510	-0.060024	0.519381	0.665903	-0.085864
	0.000000	0.000000	0.000000	1.000000	0.000000	0.067518	0.034399	0.291987	0.731777	-0.094802
	0.000000	0.000000	0.000000	0.000000	1.000000	0.025618	-0.018628	0.015279	0.002485	0.996014
	0.000000	0.000000	0.000000	0.000000	1.000000	-0.047847	-0.000184	0.005348	0.108455	0.974361
	0.000000	0.000000	0.000000	0.000000	1.000000	-0.025105	-0.017623	0.000011	0.005253	1.040716
	0.000000	0.000000	0.000000	0.000000	1.000000	0.034831	0.004595	0.013700	-0.061935	1.012436
	0.000000	0.000000	0.000000	0.000000	1.000000	0.027353	0.048825	0.004027	-0.003517	0.913832
	0.000000	0.000000	0.000000	0.000000	1.000000	0.026231	-0.056380	0.011673	-0.028548	1.057764
	0.000000	0.000000	0.000000	0.000000	1.000000	-0.026335	-0.013537	-0.017674	0.146903	0.913628
	0.000000	0.000000	0.000000	0.000000	1.000000	0.003718	-0.005359	0.004548	-0.021002	1.023099
	0.000000	0.000000	0.000000	0.000000	1.000000	0.159601	-0.004850	0.047486	-0.077170	0.912626
	0.000000	0.000000	0.000000	0.000000	1.000000	0.421204	-0.064849	-0.042531	0.159288	0.432209
	0.000000	0.000000	0.000000	0.000000	1.000000	-0.013880	0.010062	-0.012386	0.000209	1.009320
	0.000000	0.000000	0.000000	0.000000	1.000000	-0.002727	-0.021616	0.032158	-0.037150	1.047218
	0.000000	0.000000	0.000000	0.000000	1.000000	-0.007289	0.007473	-0.001117	-0.028311	1.024175
	0.000000	0.000000	0.000000	0.000000	1.000000	-0.033876	-0.068545	-0.005954	0.035953	1.082426
	0.000000	0.000000	0.000000	0.000000	1.000000	0.002868	0.021311	-0.005768	-0.026900	0.999016
	0.000000	0.000000	0.000000	0.000000	1.000000	-0.012107	-0.077236	-0.034930	0.156283	0.968750
	0.000000	0.000000	0.000000	0.000000	1.000000	0.000751	-0.019088	0.012483	0.018067	1.002232
	0.000000	0.000000	0.000000	0.000000	1.000000	-0.069221	0.080290	-0.009642	0.111726	0.916653
	0.000000	0.000000	0.000000	0.000000	1.000000	0.009703	0.019475	0.014761	-0.066024	1.023423
	0.000000	0.000000	0.000000	0.000000	1.000000	-0.033605	-0.008211	-0.018479	0.151943	0.912280
	0.000000	0.000000	0.000000	0.000000	1.000000	0.022754	-0.024795	-0.001214	-0.022038	1.025114
	0.000000	0.000000	0.000000	0.000000	1.000000	-0.005840	-0.017098	0.001217	-0.037280	1.054039
	0.000000	0.000000	0.000000	0.000000	1.000000	0.081049	-0.006093	0.038471	-0.100881	1.019646
	0.000000	0.000000	0.000000	0.000000	1.000000	0.026504	-0.031577	0.005553	0.022913	0.990283
	0.000000	0.000000	0.000000	0.000000	1.000000	0.009481	0.009440	0.007613	-0.053359	1.026681
	0.000000	0.000000	0.000000	0.000000	1.000000	0.028260	-0.024399	0.025639	-0.078066	1.051230
	0.000000	0.000000	0.000000	0.000000	1.000000	0.003045	-0.045386	0.015029	-0.034208	1.069056
	0.000000	0.000000	0.000000	0.000000	1.000000	0.099482	-0.033010	-0.024055	0.155587	0.770807
	0.000000	0.000000	0.000000	0.000000	1.000000	0.011067	-0.063090	0.009048	-0.021596	1.070970
	0.000000	0.000000	0.000000	0.000000	1.000000	-0.025962	-0.038008	-0.001443	0.012116	1.060004
	0.000000	0.000000	0.000000	0.000000	1.000000	-0.047288	-0.065215	-0.014091	0.085403	1.060647
	0.000000	0.000000	0.000000	0.000000	1.000000	-0.005731	-0.005970	-0.012127	0.006904	1.011755
	0.000000	0.000000	0.000000	0.000000	1.000000	-0.004312	-0.035948	0.002260	-0.025827	1.066422
	0.000000	0.000000	0.000000	0.000000	1.000000	-0.025959	-0.020507	-0.008449	-0.000959	1.052529
	0.000000	0.000000	0.000000	0.000000	1.000000	0.036944	-0.042913	0.007121	0.020167	0.992343
	0.000000	0.000000	0.000000	0.000000	1.000000	-0.001246	0.124711	-0.016301	-0.002671	0.876833
	0.000000	0.000000	0.000000	0.000000	1.000000	0.025005	0.035131	0.012739	-0.073521	1.003003
	0.000000	0.000000	0.000000	0.000000	1.000000	0.002443	0.137701	-0.009881	-0.019200	0.878178
	0.000000	0.000000	0.000000	0.000000	1.000000	-0.006278	0.082643	-0.007633	-0.021463	0.947077
	0.000000	0.000000	0.000000	0.000000	1.000000	-0.004078	0.033045	0.012232	-0.014472	0.975245
	0.000000	0.000000	0.000000	0.000000	1.000000	0.026329	0.087206	-0.032000	-0.047873	0.939740
	0.000000	0.000000	0.000000	0.000000	1.000000	-0.015853	0.043043	-0.005928	0.019524	0.960228
	0.000000	0.000000	0.000000	0.000000	1.000000	-0.013893	-0.064700	-0.009770	0.044753	1.049897
	0.000000	0.000000	0.000000	0.000000	1.000000	0.054938	0.004678	0.020575	-0.055248	0.986465
	0.000000	0.000000	0.000000	0.000000	1.000000	-0.048021	-0.025078	0.000367	0.039962	1.051901
	0.000000	0.000000	0.000000	0.000000	1.000000	0.006330	0.005131	0.014014	-0.065841	1.040589
	0.000000	0.000000	0.000000	0.000000	1.000000	-0.011052	-0.040546	-0.000385	0.005622	1.052408
	0.000000	0.000000	0.000000	0.000000	1.000000	-0.015028	0.015623	0.002535	0.007835	0.990655
	0.000000	0.000000	0.000000	0.000000	1.000000	0.042125	0.085040	-0.002296	-0.084856	0.953806
	0.000000	0.000000	0.000000	0.000000	1.000000	-0.023366	-0.038658	0.002161	0.027420	1.040372
	0.000000	0.000000	0.000000	0.000000	1.000000	0.057275	-0.028792	0.024465	-0.074874	1.041281
	0.000000	0.000000	0.000000	0.000000	1.000000	-0.022706	0.005781	-0.001804	-0.014020	1.031984
	0.000000	0.000000	0.000000	0.000000	1.000000	0.007417	0.014315	-0.009026	-0.017125	0.981660
	0.000000	0.000000	0.000000	0.000000	1.000000	-0.010889	-0.008251	-0.003573	-0.018752	1.035483
	0.000000	0.000000	0.000000	0.000000	1.000000	-0.070612	-0.008060	0.045756	0.081187	0.977080
	0.000000	0.000000	0.000000	0.000000	1.000000	-0.010631	-0.007732	-0.000712	0.021434	0.998435
	0.000000	0.000000	0.000000	0.000000	1.000000	0.026217	0.025708	0.012035	-0.056617	0.997643
	0.000000	0.000000	0.000000	0.000000	1.000000	-0.007471	-0.049293	0.002795	0.018444	1.039041
	0.000000	0.000000	0.000000	0.000000	1.000000	0.133777	-0.024159	0.057457	-0.140468	1.035978
	0.000000	0.000000	0.000000	0.000000	1.000000	0.048371	-0.033339	0.025555	-0.080319	1.055759
	0.000000	0.000000	0.000000	0.000000	1.000000	0.027779	-0.028891	0.018251	-0.041327	1.036900
