	1.000000	0.000000	0.000000	0.000000	0.000000	0.901434	-0.128332	0.024691	-0.065059	0.194665
	1.000000	0.000000	0.000000	0.000000	0.000000	0.920154	-0.147467	-0.036957	0.038389	0.153423
	1.000000	0.000000	0.000000	0.000000	0.000000	1.025853	-0.178740	-0.021312	-0.012670	0.011760
	1.000000	0.000000	0.000000	0.000000	0.000000	1.003054	-0.152468	-0.038173	0.028485	0.038477
	1.000000	0.000000	0.000000	0.000000	0.000000	0.885063	-0.135999	-0.035347	0.058662	0.167476
	1.000000	0.000000	0.000000	0.000000	0.000000	0.900967	-0.134102	-0.005697	-0.016926	0.190999
	1.000000	0.000000	0.000000	0.000000	0.000000	0.839595	-0.125653	-0.035971	0.100982	0.157873
	1.000000	0.000000	0.000000	0.000000	0.000000	0.964462	-0.148169	-0.039842	0.078976	0.020217
	1.000000	0.000000	0.000000	0.000000	0.000000	0.836837	-0.134913	-0.007909	-0.039022	0.312671
	1.000000	0.000000	0.000000	0.000000	0.000000	0.947966	-0.150717	-0.048062	0.197518	-0.057608
	1.000000	0.000000	0.000000	0.000000	0.000000	0.875227	-0.124941	0.006477	-0.053046	0.260160
	1.000000	0.000000	0.000000	0.000000	0.000000	0.951662	-0.160791	-0.004607	-0.020028	0.101006
	1.000000	0.000000	0.000000	0.000000	0.000000	0.897507	-0.132729	-0.046641	0.135719	0.052586
	1.000000	0.000000	0.000000	0.000000	0.000000	0.362446	0.098025	0.068626	-0.053243	0.425302
	0.000000	1.000000	0.000000	0.000000	0.000000	0.034793	1.000836	0.011176	-0.063002	-0.025913
	0.000000	1.000000	0.000000	0.000000	0.000000	0.015145	1.026034	-0.029078	0.034132	-0.065062
	0.000000	1.000000	0.000000	0.000000	0.000000	0.020276	1.022451	0.009403	-0.061440	-0.014794
	0.000000	1.000000	0.000000	0.000000	0.000000	0.001867	1.024358	-0.033904	0.054387	-0.044192
	0.000000	1.000000	0.000000	0.000000	0.000000	0.090358	1.031621	0.006256	-0.107421	-0.051905
	0.000000	1.000000	0.000000	0.000000	0.000000	0.012004	0.977929	-0.043823	0.063743	-0.037518
	0.000000	1.000000	0.000000	0.000000	0.000000	0.031523	0.899087	-0.049307	0.021888	0.060256
	0.000000	1.000000	0.000000	0.000000	0.000000	0.019292	0.933795	-0.048026	0.099940	-0.038115
	0.000000	1.000000	0.000000	0.000000	0.000000	0.010028	1.062640	-0.000389	0.012416	-0.100718
	0.000000	1.000000	0.000000	0.000000	0.000000	0.006455	1.023488	-0.032922	0.065285	-0.090160
	0.000000	1.000000	0.000000	0.000000	0.000000	0.049499	0.965014	0.014650	-0.049719	-0.011655
	0.000000	1.000000	0.000000	0.000000	0.000000	0.006534	1.055597	-0.042381	0.061763	-0.093073
	0.000000	1.000000	0.000000	0.000000	0.000000	-0.008142	1.002327	0.021683	-0.022433	-0.010392
	0.000000	1.000000	0.000000	0.000000	0.000000	0.038085	1.025205	-0.027554	-0.018651	-0.042515
	0.000000	1.000000	0.000000	0.000000	0.000000	0.062297	0.983086	-0.040308	-0.035675	-0.007084
	0.000000	1.000000	0.000000	0.000000	0.000000	0.033227	1.049641	-0.000414	-0.043212	-0.067697
	0.000000	1.000000	0.000000	0.000000	0.000000	0.091469	0.806636	-0.059536	-0.039548	0.120396
	0.000000	1.000000	0.000000	0.000000	0.000000	0.071274	0.918127	-0.070503	-0.006446	0.032311
	0.000000	1.000000	0.000000	0.000000	0.000000	0.039102	0.983875	0.077262	-0.063850	-0.078720
	0.000000	1.000000	0.000000	0.000000	0.000000	0.062012	0.963019	-0.067262	-0.001623	0.001729
	0.000000	1.000000	0.000000	0.000000	0.000000	0.056808	1.052069	0.072693	-0.122921	-0.083767
	0.000000	1.000000	0.000000	0.000000	0.000000	0.052610	0.852439	-0.069347	0.028987	0.089962
	0.000000	1.000000	0.000000	0.000000	0.000000	0.028124	0.813971	-0.035115	0.012086	0.156667
	0.000000	1.000000	0.000000	0.000000	0.000000	0.044436	0.855492	0.150741	-0.174406	0.091751
	0.000000	1.000000	0.000000	0.000000	0.000000	0.061568	1.065972	-0.012494	-0.067864	-0.071510
	0.000000	1.000000	0.000000	0.000000	0.000000	0.191781	0.990377	-0.026312	-0.169974	-0.016198
	0.000000	1.000000	0.000000	0.000000	0.000000	0.095244	1.000310	0.075444	-0.154282	-0.048063
	0.000000	1.000000	0.000000	0.000000	0.000000	-0.087554	0.957004	0.021039	0.151763	-0.012728
	0.000000	1.000000	0.000000	0.000000	0.000000	0.092896	0.827389	-0.002717	-0.008551	-0.008355
	0.000000	1.000000	0.000000	0.000000	0.000000	0.034881	0.904112	-0.005154	-0.008615	-0.005707
	0.000000	1.000000	0.000000	0.000000	0.000000	0.063116	0.981949	0.055779	-0.070563	-0.090408
	0.000000	1.000000	0.000000	0.000000	0.000000	0.127363	0.950110	-0.062097	-0.094972	0.030738
	0.000000	1.000000	0.000000	0.000000	0.000000	-0.002201	1.104879	-0.003318	0.010033	-0.101840
	0.000000	1.000000	0.000000	0.000000	0.000000	-0.008413	1.001215	0.049261	-0.020163	-0.062938
	0.000000	1.000000	0.000000	0.000000	0.000000	-0.055977	0.236147	0.166486	0.354811	0.211565
	0.000000	1.000000	0.000000	0.000000	0.000000	0.048246	0.963422	-0.030135	-0.034600	0.027607
	0.000000	1.000000	0.000000	0.000000	0.000000	0.055085	1.011412	-0.039136	0.023705	-0.080977
	0.000000	1.000000	0.000000	0.000000	0.000000	0.031678	1.046874	0.008840	-0.045455	-0.077240
	0.000000	1.000000	0.000000	0.000000	0.000000	0.003833	1.086956	-0.024220	0.030203	-0.093574
	0.000000	0.000000	1.000000	0.000000	0.000000	0.039844	0.028793	1.028473	-0.078880	-0.073203
	0.000000	0.000000	1.000000	0.000000	0.000000	-0.074787	0.056079	1.016309	-0.020915	-0.036671
	0.000000	0.000000	1.000000	0.000000	0.000000	0.022066	0.009447	1.053376	-0.080460	-0.061814
	0.000000	0.000000	1.000000	0.000000	0.000000	-0.009085	0.037419	0.896506	0.050501	-0.029621
	0.000000	0.000000	1.000000	0.000000	0.000000	0.027205	-0.005679	1.061031	-0.075955	-0.059776
	0.000000	0.000000	1.000000	0.000000	0.000000	-0.092453	0.016365	0.886413	0.167111	0.013716
	0.000000	0.000000	1.000000	0.000000	0.000000	0.070895	-0.010079	1.031898	-0.085182	-0.060735
	0.000000	0.000000	1.000000	0.000000	0.000000	0.101854	0.011365	0.948959	-0.017491	-0.082784
	0.000000	0.000000	1.000000	0.000000	0.000000	0.111908	0.021480	1.042143	-0.138192	-0.075401
	0.000000	0.000000	1.000000	0.000000	0.000000	-0.034321	-0.019062	0.956878	0.066611	-0.005067
	0.000000	0.000000	1.000000	0.000000	0.000000	0.123365	0.065622	0.867085	-0.012639	-0.093612
	0.000000	0.000000	1.000000	0.000000	0.000000	0.026772	-0.020341	1.050904	-0.070444	-0.043610
	0.000000	0.000000	1.000000	0.000000	0.000000	0.053735	-0.021799	1.045827	-0.126439	0.011724
	0.000000	0.000000	0.000000	1.000000	0.000000	-0.063747	0.103939	0.026576	0.896566	0.034222
	0.000000	0.000000	0.000000	1.000000	0.000000	0.108376	0.048493	0.072860	0.639835	0.043939
	0.000000	0.000000	0.000000	1.000000	0.000000	0.363917	0.114809	-0.010860	0.422174	0.042183
	0.000000	0.000000	0.000000	1.000000	0.000000	-0.050721	0.247149	-0.021950	0.691930	0.132486
	0.000000	0.000000	0.000000	1.000000	0.000000	0.232499	-0.001800	0.093689	0.607676	-0.013711
	0.000000	0.000000	0.000000	1.000000	0.000000	0.283104	-0.003453	0.048373	0.446493	0.081303
	0.000000	0.000000	0.000000	1.000000	0.000000	0.212207	0.017967	0.144507	0.807696	-0.113329
	0.000000	0.000000	0.000000	1.000000	0.000000	-0.030452	0.324725	-0.039585	0.643652	0.086571
	0.000000	0.000000	0.000000	1.000000	0.000000	0.033828	0.066003	0.040867	0.701956	0.085286
	0.000000	0.000000	0.000000	1.000000	0.000000	-0.040148	0.043856	-0.017936	0.606451	0.345524
	0.000000	0.000000	0.000000	1.000000	0.000000	0.314800	0.028009	0.135951	0.799902	-0.152494
	0.000000	0.000000	0.000000	1.000000	0.000000	0.136794	0.045662	0.106910	0.847104	-0.096593
	0.000000	0.000000	0.000000	1.000000	0.000000	0.002178	0.078597	0.023670	0.851669	0.015917
	0.000000	0.000000	0.000000	1.000000	0.000000	0.397127	0.029084	0.084892	0.880019	-0.179479
	0.000000	0.000000	0.000000	1.000000	0.000000	0.021489	0.089836	0.016601	0.924457	-0.047047
	0.000000	0.000000	0.000000	1.000000	0.000000	0.154732	0.057939	0.084605	0.879959	-0.111928
	0.000000	0.000000	0.000000	0.000000	1.000000	0.069405	-0.004075	0.019263	-0.061080	0.977001
	0.000000	0.000000	0.000000	0.000000	1.000000	0.123438	-0.033208	0.001650	-0.019477	0.917500
	0.000000	0.000000	0.000000	0.000000	1.000000	0.097053	0.027725	0.056426	-0.084154	0.904578
	0.000000	0.000000	0.000000	0.000000	1.000000	0.118484	-0.079997	-0.028645	0.067942	0.885343
	0.000000	0.000000	0.000000	0.000000	1.000000	0.165385	-0.013024	-0.003806	-0.043195	0.868521
	0.000000	0.000000	0.000000	0.000000	1.000000	0.072499	0.068832	0.004332	-0.098667	0.937901
	0.000000	0.000000	0.000000	0.000000	1.000000	0.038579	0.011138	0.003128	-0.064402	1.009633
	0.000000	0.000000	0.000000	0.000000	1.000000	0.071251	-0.039572	0.006951	-0.045910	0.998684
	0.000000	0.000000	0.000000	0.000000	1.000000	0.016245	-0.036708	-0.012030	-0.021990	1.059335
	0.000000	0.000000	0.000000	0.000000	1.000000	0.038661	0.063352	-0.035744	-0.023668	0.942586
	0.000000	0.000000	0.000000	0.000000	1.000000	0.008957	0.013070	-0.024192	0.019023	0.979911
	0.000000	0.000000	0.000000	0.000000	1.000000	0.030973	-0.012385	-0.011900	-0.041649	1.031482
	0.000000	0.000000	0.000000	0.000000	1.000000	0.088283	0.066123	-0.023446	-0.090440	0.943766
	0.000000	0.000000	0.000000	0.000000	1.000000	0.039214	-0.010253	-0.003513	-0.056741	1.028251
	0.000000	0.000000	0.000000	0.000000	1.000000	0.063188	-0.006479	-0.009991	-0.054345	0.997555
	0.000000	0.000000	0.000000	0.000000	1.000000	0.063943	0.007713	-0.015353	-0.017180	0.945134
	0.000000	0.000000	0.000000	0.000000	1.000000	0.056151	0.113681	-0.031161	-0.038134	0.877055
	0.000000	0.000000	0.000000	0.000000	1.000000	0.117404	-0.030702	-0.012726	0.032136	0.856496
	0.000000	0.000000	0.000000	0.000000	1.000000	0.066731	-0.014755	-0.008150	0.040335	0.891719
	0.000000	0.000000	0.000000	0.000000	1.000000	0.072596	0.052108	0.003872	-0.047021	0.893767
	0.000000	0.000000	0.000000	0.000000	1.000000	0.068563	0.022565	0.018393	-0.104423	0.999005
	0.000000	0.000000	0.000000	0.000000	1.000000	0.079191	-0.039593	0.020689	-0.081018	1.029217
	0.000000	0.000000	0.000000	0.000000	1.000000	0.068664	0.030650	-0.012213	-0.085530	0.991044
	0.000000	0.000000	0.000000	0.000000	1.000000	0.150630	-0.030562	0.014457	-0.080182	0.956354
	0.000000	0.000000	0.000000	0.000000	1.000000	0.057755	-0.010053	0.010013	-0.071801	1.012726
	0.000000	0.000000	0.000000	0.000000	1.000000	0.028786	-0.024476	0.002847	-0.039419	1.035103
	0.000000	0.000000	0.000000	0.000000	1.000000	0.080415	-0.013102	0.016956	-0.090599	1.007422
	0.000000	0.000000	0.000000	0.000000	1.000000	0.074263	0.116555	-0.032727	-0.060521	0.869444
	0.000000	0.000000	0.000000	0.000000	1.000000	0.084610	-0.039918	0.024232	-0.056628	0.990022
	0.000000	0.000000	0.000000	0.000000	1.000000	0.010918	-0.062662	0.009148	-0.012348	1.042915
	0.000000	0.000000	0.000000	0.000000	1.000000	0.075012	-0.007034	0.022913	-0.083640	0.993590
	0.000000	0.000000	0.000000	0.000000	1.000000	0.038311	-0.060679	-0.005940	-0.028432	1.057532
	0.000000	0.000000	0.000000	0.000000	1.000000	0.024722	-0.006339	-0.021772	-0.024034	1.030025
	0.000000	0.000000	0.000000	0.000000	1.000000	0.075159	0.047070	-0.021995	-0.064461	0.949896
	0.000000	0.000000	0.000000	0.000000	1.000000	0.346059	-0.045495	0.003023	0.011800	0.658623
	0.000000	0.000000	0.000000	0.000000	1.000000	0.120447	0.069895	0.023508	-0.133136	0.919789
	0.000000	0.000000	0.000000	0.000000	1.000000	0.051688	-0.038736	0.005764	-0.054639	1.034064
	0.000000	0.000000	0.000000	0.000000	1.000000	0.012777	-0.029641	-0.016862	-0.015820	1.055177
	0.000000	0.000000	0.000000	0.000000	1.000000	0.067077	0.026599	-0.019944	-0.076047	0.991786
	0.000000	0.000000	0.000000	0.000000	1.000000	0.057379	-0.052435	-0.001813	-0.044577	1.040446
	0.000000	0.000000	0.000000	0.000000	1.000000	0.099559	0.158028	-0.028032	-0.084304	0.811364
	0.000000	0.000000	0.000000	0.000000	1.000000	0.068566	0.093103	-0.019340	-0.036238	0.851010
	0.000000	0.000000	0.000000	0.000000	1.000000	0.021050	-0.031537	-0.006394	-0.022144	1.043750
	0.000000	0.000000	0.000000	0.000000	1.000000	0.046319	0.005818	-0.000096	-0.062400	1.012093
	0.000000	0.000000	0.000000	0.000000	1.000000	0.059215	0.027640	-0.010418	-0.065521	0.984348
	0.000000	0.000000	0.000000	0.000000	1.000000	0.068357	0.015721	0.020970	-0.058057	0.944061
	0.000000	0.000000	0.000000	0.000000	1.000000	0.073266	0.069588	0.007528	-0.102805	0.946085
	0.000000	0.000000	0.000000	0.000000	1.000000	0.080416	-0.027817	0.002316	-0.031150	0.958902
	0.000000	0.000000	0.000000	0.000000	1.000000	0.052033	0.163802	0.003382	-0.031021	0.796031
	0.000000	0.000000	0.000000	0.000000	1.000000	0.029810	0.054668	-0.022227	-0.023627	0.943889
	0.000000	0.000000	0.000000	0.000000	1.000000	0.029151	0.053056	-0.027987	-0.005485	0.930403
	0.000000	0.000000	0.000000	0.000000	1.000000	0.494147	-0.044188	0.022842	0.049932	0.431419
	0.000000	0.000000	0.000000	0.000000	1.000000	0.046678	0.015522	0.081533	-0.032919	0.853713
	0.000000	0.000000	0.000000	0.000000	1.000000	0.184974	-0.036498	0.070079	-0.104513	0.844791
	0.000000	0.000000	0.000000	0.000000	1.000000	0.040420	0.175981	0.043628	-0.090655	0.844247
	0.000000	0.000000	0.000000	0.000000	1.000000	0.096058	-0.048380	0.046803	0.003519	0.835538
	0.000000	0.000000	0.000000	0.000000	1.000000	-0.004040	0.024136	0.031774	0.043847	0.938121
	0.000000	0.000000	0.000000	0.000000	1.000000	0.059067	0.008443	0.000643	-0.086548	1.016664
	0.000000	0.000000	0.000000	0.000000	1.000000	0.109403	-0.064250	0.049784	-0.086763	0.963134
	0.000000	0.000000	0.000000	0.000000	1.000000	0.110606	-0.005247	0.024420	-0.127651	1.005503
	0.000000	0.000000	0.000000	0.000000	1.000000	0.206690	-0.024448	0.037369	-0.085256	0.867155
	0.000000	0.000000	0.000000	0.000000	1.000000	0.054644	0.048263	-0.011357	-0.067645	0.966840
	0.000000	0.000000	0.000000	0.000000	1.000000	0.120588	-0.043942	0.043586	-0.139058	1.032855
	0.000000	0.000000	0.000000	0.000000	1.000000	0.123163	-0.056029	0.036282	-0.124317	1.032554
	0.000000	0.000000	0.000000	0.000000	1.000000	0.060269	0.055441	0.075745	0.036482	0.677381
	1.000000	0.000000	0.000000	0.000000	0.000000	0.601054	-0.107671	-0.044436	0.148106	0.338545
	1.000000	0.000000	0.000000	0.000000	0.000000	0.531398	-0.124065	-0.030632	0.083062	0.419550
	1.000000	0.000000	0.000000	0.000000	0.000000	0.657645	-0.106704	-0.045897	0.134659	0.300449
	1.000000	0.000000	0.000000	0.000000	0.000000	0.869413	-0.134888	0.000076	-0.065602	0.318738
	1.000000	0.000000	0.000000	0.000000	0.000000	0.750198	-0.133855	-0.059103	0.172878	0.167777
	1.000000	0.000000	0.000000	0.000000	0.000000	0.811193	-0.130550	-0.034380	0.048943	0.253035
	1.000000	0.000000	0.000000	0.000000	0.000000	0.817305	-0.135052	-0.043675	0.104411	0.184551
	1.000000	0.000000	0.000000	0.000000	0.000000	0.847104	-0.106883	-0.031092	0.180180	0.030284
	1.000000	0.000000	0.000000	0.000000	0.000000	0.824097	-0.118916	-0.047757	0.166750	0.097776
	1.000000	0.000000	0.000000	0.000000	0.000000	0.373087	-0.078880	-0.028337	0.052090	0.659896
	1.000000	0.000000	0.000000	0.000000	0.000000	0.178676	0.350568	0.045388	0.211012	0.070332
	1.000000	0.000000	0.000000	0.000000	0.000000	0.581074	-0.119518	-0.022761	0.017112	0.532696
	1.000000	0.000000	0.000000	0.000000	0.000000	0.384679	-0.095490	0.009884	-0.058973	0.715877
	1.000000	0.000000	0.000000	0.000000	0.000000	0.399348	-0.038878	0.056178	-0.059200	0.627916
	1.000000	0.000000	0.000000	0.000000	0.000000	0.700221	-0.134843	-0.024938	0.109846	0.212135
	1.000000	0.000000	0.000000	0.000000	0.000000	0.764674	-0.130257	0.038499	0.143730	0.040273
	0.000000	1.000000	0.000000	0.000000	0.000000	0.059431	1.040749	0.028332	-0.039428	-0.127210
	0.000000	1.000000	0.000000	0.000000	0.000000	0.034974	0.896667	-0.101070	0.104531	0.036676
	0.000000	1.000000	0.000000	0.000000	0.000000	0.053577	0.846129	0.244895	-0.081668	-0.121125
	0.000000	1.000000	0.000000	0.000000	0.000000	-0.034846	0.971775	0.036291	0.047203	-0.093215
	0.000000	1.000000	0.000000	0.000000	0.000000	0.014486	0.955418	-0.081683	0.106435	-0.006158
	0.000000	1.000000	0.000000	0.000000	0.000000	0.158563	0.687836	0.061512	-0.144202	0.170468
	0.000000	1.000000	0.000000	0.000000	0.000000	0.035775	0.622820	-0.062733	0.058264	0.261078
	0.000000	1.000000	0.000000	0.000000	0.000000	-0.058681	0.519885	-0.060186	0.200885	0.479621
	0.000000	1.000000	0.000000	0.000000	0.000000	0.042814	1.021547	-0.034193	-0.006510	-0.050231
	0.000000	1.000000	0.000000	0.000000	0.000000	0.032231	1.038986	-0.040116	0.006532	-0.059484
	0.000000	1.000000	0.000000	0.000000	0.000000	0.093691	1.032342	0.051941	-0.138147	-0.072414
	0.000000	1.000000	0.000000	0.000000	0.000000	0.099637	0.897851	-0.077820	-0.041281	0.064079
	0.000000	1.000000	0.000000	0.000000	0.000000	0.037950	1.004235	-0.057792	0.027065	-0.036589
	0.000000	1.000000	0.000000	0.000000	0.000000	0.053015	0.969236	-0.057199	0.008658	-0.009590
	0.000000	1.000000	0.000000	0.000000	0.000000	-0.126581	0.948997	-0.060611	0.447588	-0.072932
	0.000000	1.000000	0.000000	0.000000	0.000000	-0.169925	0.496444	0.555225	-0.121222	0.456973
	0.000000	1.000000	0.000000	0.000000	0.000000	0.043394	1.036736	-0.030914	-0.010086	-0.065369
	0.000000	1.000000	0.000000	0.000000	0.000000	0.025475	1.011591	0.018581	-0.081238	-0.003712
	0.000000	1.000000	0.000000	0.000000	0.000000	-0.006146	1.087220	0.010371	0.005131	-0.105123
	0.000000	1.000000	0.000000	0.000000	0.000000	0.167902	0.856007	0.001385	-0.084240	-0.017749
	0.000000	1.000000	0.000000	0.000000	0.000000	0.020452	1.037784	-0.042877	0.035470	-0.070300
	0.000000	1.000000	0.000000	0.000000	0.000000	0.097582	0.926331	-0.054915	-0.057918	0.030997
	0.000000	1.000000	0.000000	0.000000	0.000000	0.018345	1.011598	0.017446	-0.072500	-0.002278
	0.000000	1.000000	0.000000	0.000000	0.000000	0.023983	1.011005	-0.007173	-0.021719	-0.019481
	0.000000	1.000000	0.000000	0.000000	0.000000	0.030104	1.074880	-0.014240	0.000095	-0.106912
	0.000000	1.000000	0.000000	0.000000	0.000000	0.040643	0.870921	-0.069136	0.029483	0.098634
	0.000000	1.000000	0.000000	0.000000	0.000000	0.102414	0.924839	-0.018887	-0.127319	0.071895
	0.000000	1.000000	0.000000	0.000000	0.000000	0.080404	0.962515	-0.037262	-0.026977	-0.026423
	0.000000	1.000000	0.000000	0.000000	0.000000	0.034611	1.043742	-0.033849	-0.008610	-0.054614
	0.000000	1.000000	0.000000	0.000000	0.000000	0.030388	0.890411	-0.022781	0.001162	0.057371
	0.000000	1.000000	0.000000	0.000000	0.000000	-0.048081	0.883677	-0.059795	0.252437	-0.012364
	0.000000	1.000000	0.000000	0.000000	0.000000	-0.012640	0.886555	-0.027585	0.120782	-0.017509
	0.000000	1.000000	0.000000	0.000000	0.000000	0.020712	1.034299	-0.002091	-0.022140	-0.062392
	0.000000	1.000000	0.000000	0.000000	0.000000	0.002676	1.091704	-0.012959	0.021235	-0.105869
	0.000000	1.000000	0.000000	0.000000	0.000000	-0.154371	0.681144	0.451574	-0.112540	0.200989
	0.000000	0.000000	1.000000	0.000000	0.000000	-0.033618	0.003314	1.014075	-0.101056	0.078801
	0.000000	0.000000	1.000000	0.000000	0.000000	0.085751	-0.028029	0.923431	0.055873	-0.074423
	0.000000	0.000000	1.000000	0.000000	0.000000	0.059050	0.017983	1.075691	-0.141294	-0.062082
	0.000000	0.000000	1.000000	0.000000	0.000000	0.038403	0.048412	0.901084	-0.043294	-0.017656
	0.000000	0.000000	1.000000	0.000000	0.000000	-0.098002	0.082609	0.963423	-0.008837	-0.000028
	0.000000	0.000000	1.000000	0.000000	0.000000	0.100354	0.045901	0.921666	-0.008682	-0.099976
	0.000000	0.000000	1.000000	0.000000	0.000000	0.074649	0.033381	0.593547	0.368895	-0.076229
	0.000000	0.000000	1.000000	0.000000	0.000000	-0.002598	0.059451	1.006534	-0.022473	-0.095269
	0.000000	0.000000	1.000000	0.000000	0.000000	0.039804	-0.037435	1.032367	-0.057551	-0.036235
	0.000000	0.000000	1.000000	0.000000	0.000000	0.102721	-0.004444	0.833470	0.109974	-0.074180
	0.000000	0.000000	1.000000	0.000000	0.000000	0.312208	0.074741	0.841057	-0.102819	-0.114041
	0.000000	0.000000	1.000000	0.000000	0.000000	0.137513	-0.040882	0.826720	0.106506	-0.069150
	0.000000	0.000000	1.000000	0.000000	0.000000	0.071960	-0.009517	1.059967	-0.114816	-0.064754
	0.000000	0.000000	1.000000	0.000000	0.000000	-0.238994	0.316555	0.227852	0.647950	0.249307
	0.000000	0.000000	1.000000	0.000000	0.000000	0.026192	-0.013106	1.040975	-0.083946	-0.027511
	0.000000	0.000000	1.000000	0.000000	0.000000	0.046338	0.018443	1.078045	-0.152991	-0.031748
	0.000000	0.000000	0.000000	1.000000	0.000000	0.328403	0.063228	0.190557	0.651090	-0.154889
	0.000000	0.000000	0.000000	1.000000	0.000000	0.178967	-0.018761	0.033456	0.370882	0.265813
	0.000000	0.000000	0.000000	1.000000	0.000000	-0.171481	0.249923	-0.015587	0.776697	0.277441
	0.000000	0.000000	0.000000	1.000000	0.000000	-0.040073	0.178920	-0.015465	0.892177	-0.025282
	0.000000	0.000000	0.000000	1.000000	0.000000	0.225622	-0.030902	0.097236	0.694902	-0.031423
	0.000000	0.000000	0.000000	1.000000	0.000000	0.015850	0.079110	-0.010771	0.717429	0.139091
	0.000000	0.000000	0.000000	1.000000	0.000000	0.195040	-0.000257	0.031460	0.584767	0.073629
	0.000000	0.000000	0.000000	1.000000	0.000000	0.206768	0.047092	0.101621	0.807957	-0.111758
	0.000000	0.000000	0.000000	1.000000	0.000000	-0.030573	0.064297	0.120096	0.867830	-0.011129
	0.000000	0.000000	0.000000	1.000000	0.000000	-0.114473	0.125252	-0.007697	0.885876	0.122415
	0.000000	0.000000	0.000000	1.000000	0.000000	0.199713	0.023705	0.232954	0.785181	-0.132099
	0.000000	0.000000	0.000000	1.000000	0.000000	0.166816	0.038219	0.107169	0.857504	-0.107467
	0.000000	0.000000	0.000000	1.000000	0.000000	-0.084999	0.099419	0.082027	0.955974	-0.012877
	0.000000	0.000000	0.000000	1.000000	0.000000	0.203980	-0.019351	0.426261	0.632307	-0.133521
	0.000000	0.000000	0.000000	1.000000	0.000000	0.243848	0.066586	0.311700	0.541114	-0.133150
	0.000000	0.000000	0.000000	0.000000	1.000000	0.124472	-0.014725	0.022750	-0.081229	0.956131
	0.000000	0.000000	0.000000	0.000000	1.000000	0.027832	0.012083	0.016591	0.003910	0.953669
	0.000000	0.000000	0.000000	0.000000	1.000000	0.030457	-0.005845	-0.003924	-0.043280	1.022543
	0.000000	0.000000	0.000000	0.000000	1.000000	0.119139	0.011901	0.012095	-0.116727	0.970026
	0.000000	0.000000	0.000000	0.000000	1.000000	0.079718	0.047243	0.002994	-0.050357	0.894746
	0.000000	0.000000	0.000000	0.000000	1.000000	0.095327	-0.059559	0.016522	-0.087234	1.040765
	0.000000	0.000000	0.000000	0.000000	1.000000	0.031625	-0.004664	-0.015779	0.070362	0.895637
	0.000000	0.000000	0.000000	0.000000	1.000000	0.084471	0.011145	0.000990	-0.086228	0.984638
	0.000000	0.000000	0.000000	0.000000	1.000000	0.258346	-0.036613	0.071099	-0.139359	0.883635
	0.000000	0.000000	0.000000	0.000000	1.000000	0.590581	-0.116431	-0.023598	0.056580	0.428318
	0.000000	0.000000	0.000000	0.000000	1.000000	0.056767	0.032790	-0.023330	-0.049744	0.969482
	0.000000	0.000000	0.000000	0.000000	1.000000	0.074407	-0.019352	0.050164	-0.116462	1.025262
	0.000000	0.000000	0.000000	0.000000	1.000000	0.053970	0.021086	-0.007194	-0.075852	0.999641
	0.000000	0.000000	0.000000	0.000000	1.000000	0.026288	-0.057495	-0.009557	-0.018522	1.064722
	0.000000	0.000000	0.000000	0.000000	1.000000	0.056962	0.035218	-0.017040	-0.062953	0.972761
	0.000000	0.000000	0.000000	0.000000	1.000000	0.064611	-0.073343	-0.033510	0.077691	0.951795
	0.000000	0.000000	0.000000	0.000000	1.000000	0.077611	-0.014294	0.018089	-0.057063	0.973925
	0.000000	0.000000	0.000000	0.000000	1.000000	-0.004772	0.086372	-0.007184	0.026474	0.904620
	0.000000	0.000000	0.000000	0.000000	1.000000	0.080164	0.021038	0.020436	-0.121571	1.000374
	0.000000	0.000000	0.000000	0.000000	1.000000	0.036879	0.014126	-0.017359	0.059568	0.876022
	0.000000	0.000000	0.000000	0.000000	1.000000	0.091289	-0.014842	-0.011023	-0.067554	0.990543
	0.000000	0.000000	0.000000	0.000000	1.000000	0.064467	-0.002662	-0.003228	-0.091931	1.025331
	0.000000	0.000000	0.000000	0.000000	1.000000	0.137879	-0.027547	0.048406	-0.137349	1.007516
	0.000000	0.000000	0.000000	0.000000	1.000000	0.105129	-0.029596	0.008763	-0.048261	0.963298
	0.000000	0.000000	0.000000	0.000000	1.000000	0.088207	0.020991	0.007211	-0.113272	0.993777
	0.000000	0.000000	0.000000	0.000000	1.000000	0.067663	-0.036067	0.024757	-0.103574	1.042293
	0.000000	0.000000	0.000000	0.000000	1.000000	0.050249	-0.046464	0.012074	-0.067342	1.055608
	0.000000	0.000000	0.000000	0.000000	1.000000	0.175034	-0.038579	-0.014364	0.059320	0.763978
	0.000000	0.000000	0.000000	0.000000	1.000000	0.100322	-0.068230	0.019391	-0.091133	1.046424
	0.000000	0.000000	0.000000	0.000000	1.000000	0.046944	-0.020313	-0.004618	-0.052567	1.030417
	0.000000	0.000000	0.000000	0.000000	1.000000	0.015649	-0.048844	-0.018416	0.024102	1.038902
	0.000000	0.000000	0.000000	0.000000	1.000000	0.050804	0.011232	-0.019448	-0.042427	0.988130
	0.000000	0.000000	0.000000	0.000000	1.000000	0.078001	-0.018991	0.000289	-0.092117	1.032963
	0.000000	0.000000	0.000000	0.000000	1.000000	0.028461	-0.004926	-0.017695	-0.039299	1.032901
	0.000000	0.000000	0.000000	0.000000	1.000000	0.117196	-0.046591	0.015472	-0.055486	0.971611
	0.000000	0.000000	0.000000	0.000000	1.000000	0.046201	0.125717	-0.023788	-0.037965	0.865784
	0.000000	0.000000	0.000000	0.000000	1.000000	0.104598	0.045048	0.013578	-0.128563	0.964591
	0.000000	0.000000	0.000000	0.000000	1.000000	0.054664	0.136618	-0.014193	-0.059976	0.865367
	0.000000	0.000000	0.000000	0.000000	1.000000	0.045205	0.083392	-0.008082	-0.063903	0.938541
	0.000000	0.000000	0.000000	0.000000	1.000000	0.048712	0.038660	0.012596	-0.064981	0.956166
	0.000000	0.000000	0.000000	0.000000	1.000000	0.089670	0.110663	-0.050954	-0.073935	0.899928
	0.000000	0.000000	0.000000	0.000000	1.000000	0.059038	0.068258	-0.012648	-0.051500	0.920973
	0.000000	0.000000	0.000000	0.000000	1.000000	0.039741	-0.057891	-0.013475	-0.003387	1.035849
	0.000000	0.000000	0.000000	0.000000	1.000000	0.131196	-0.002889	0.024115	-0.105052	0.953927
	0.000000	0.000000	0.000000	0.000000	1.000000	0.034078	-0.007197	0.004450	-0.047510	1.023368
	0.000000	0.000000	0.000000	0.000000	1.000000	0.080821	0.014478	0.017784	-0.124533	1.011895
	0.000000	0.000000	0.000000	0.000000	1.000000	0.046855	-0.035635	0.002735	-0.052728	1.040378
	0.000000	0.000000	0.000000	0.000000	1.000000	0.041761	0.020237	0.002302	-0.048288	0.976234
	0.000000	0.000000	0.000000	0.000000	1.000000	0.121630	0.099097	-0.012804	-0.128724	0.909631
	0.000000	0.000000	0.000000	0.000000	1.000000	0.037891	-0.032890	0.003762	-0.032806	1.023948
	0.000000	0.000000	0.000000	0.000000	1.000000	0.126887	-0.038815	0.031935	-0.126489	1.022701
	0.000000	0.000000	0.000000	0.000000	1.000000	0.031605	0.013951	-0.005717	-0.055473	1.017859
	0.000000	0.000000	0.000000	0.000000	1.000000	0.033193	0.024474	-0.023212	-0.027425	0.971146
	0.000000	0.000000	0.000000	0.000000	1.000000	0.043406	0.006457	-0.014236	-0.057294	1.012852
	0.000000	0.000000	0.000000	0.000000	1.000000	0.016026	-0.016381	0.063616	-0.032342	0.952442
	0.000000	0.000000	0.000000	0.000000	1.000000	0.040132	-0.004500	0.000105	-0.030143	0.987688
	0.000000	0.000000	0.000000	0.000000	1.000000	0.111916	0.036064	0.013135	-0.118478	0.956525
	0.000000	0.000000	0.000000	0.000000	1.000000	0.046712	-0.044254	0.003211	-0.035585	1.024854
	0.000000	0.000000	0.000000	0.000000	1.000000	0.196668	-0.051598	0.072246	-0.177203	1.018435
	0.000000	0.000000	0.000000	0.000000	1.000000	0.116900	-0.041601	0.035584	-0.134218	1.037894
	0.000000	0.000000	0.000000	0.000000	1.000000	0.116903	-0.029035	0.026005	-0.109039	1.004119
