	1.000000	0.000000	0.000000	0.000000	0.000000	0.260811	-0.106335	0.057455	0.211626	0.463979
	1.000000	0.000000	0.000000	0.000000	0.000000	0.323188	-0.162198	0.008533	0.201504	0.573539
	1.000000	0.000000	0.000000	0.000000	0.000000	0.415940	-0.204873	0.064888	0.301127	0.303140
	1.000000	0.000000	0.000000	0.000000	0.000000	0.353188	-0.164891	0.035050	0.245789	0.461934
	1.000000	0.000000	0.000000	0.000000	0.000000	0.294917	-0.142702	-0.000231	0.183629	0.617012
	1.000000	0.000000	0.000000	0.000000	0.000000	0.307964	-0.157637	0.007838	0.188956	0.589835
	1.000000	0.000000	0.000000	0.000000	0.000000	0.289865	-0.142811	-0.000249	0.190346	0.617991
	1.000000	0.000000	0.000000	0.000000	0.000000	0.366369	-0.174305	0.041609	0.271254	0.426712
	1.000000	0.000000	0.000000	0.000000	0.000000	0.253313	-0.139517	-0.026073	0.151806	0.723199
	1.000000	0.000000	0.000000	0.000000	0.000000	0.412893	-0.189758	0.078816	0.336584	0.268311
	1.000000	0.000000	0.000000	0.000000	0.000000	0.271685	-0.129123	-0.006493	0.175589	0.645490
	1.000000	0.000000	0.000000	0.000000	0.000000	0.381585	-0.186876	0.057154	0.289051	0.365540
	1.000000	0.000000	0.000000	0.000000	0.000000	0.322630	-0.144003	0.038276	0.241728	0.467493
	1.000000	0.000000	0.000000	0.000000	0.000000	0.049596	0.200524	0.053893	0.097683	0.510949
	0.000000	1.000000	0.000000	0.000000	0.000000	-0.108738	0.993125	0.024379	-0.034204	0.060910
	0.000000	1.000000	0.000000	0.000000	0.000000	-0.095282	1.017220	0.003287	-0.020072	0.047725
	0.000000	1.000000	0.000000	0.000000	0.000000	-0.104104	0.987239	0.013932	-0.013432	0.114195
	0.000000	1.000000	0.000000	0.000000	0.000000	-0.080688	0.987147	-0.017573	-0.018658	0.118676
	0.000000	1.000000	0.000000	0.000000	0.000000	-0.100783	1.044245	0.002017	-0.050176	0.023626
	0.000000	1.000000	0.000000	0.000000	0.000000	-0.086157	0.954001	-0.003889	-0.011285	0.112956
	0.000000	1.000000	0.000000	0.000000	0.000000	-0.067173	0.857280	-0.041367	-0.024377	0.261837
	0.000000	1.000000	0.000000	0.000000	0.000000	-0.075343	0.903996	0.017903	0.010729	0.109250
	0.000000	1.000000	0.000000	0.000000	0.000000	-0.113828	1.070580	0.035677	-0.038470	-0.047938
	0.000000	1.000000	0.000000	0.000000	0.000000	-0.102423	1.015514	0.024405	-0.011737	0.021825
	0.000000	1.000000	0.000000	0.000000	0.000000	-0.081793	0.880034	0.060815	0.012643	0.121534
	0.000000	1.000000	0.000000	0.000000	0.000000	-0.101835	1.067683	-0.013483	-0.025645	0.035114
	0.000000	1.000000	0.000000	0.000000	0.000000	-0.092144	0.909763	0.038656	0.003316	0.159635
	0.000000	1.000000	0.000000	0.000000	0.000000	-0.090174	1.029351	-0.026482	-0.035894	0.076544
	0.000000	1.000000	0.000000	0.000000	0.000000	-0.078631	0.986654	-0.039655	-0.033516	0.131179
	0.000000	1.000000	0.000000	0.000000	0.000000	-0.112777	1.066941	0.012565	-0.045755	-0.003445
	0.000000	1.000000	0.000000	0.000000	0.000000	-0.058164	0.810574	-0.042927	-0.013759	0.286551
	0.000000	1.000000	0.000000	0.000000	0.000000	-0.060923	0.901644	-0.067436	-0.024173	0.243473
	0.000000	1.000000	0.000000	0.000000	0.000000	-0.106219	0.958376	0.125072	-0.000525	-0.065237
	0.000000	1.000000	0.000000	0.000000	0.000000	-0.062942	0.942706	-0.074129	-0.028902	0.217496
	0.000000	1.000000	0.000000	0.000000	0.000000	-0.129522	1.071528	0.079626	-0.049558	-0.085708
	0.000000	1.000000	0.000000	0.000000	0.000000	-0.050972	0.833846	-0.057346	-0.017929	0.292531
	0.000000	1.000000	0.000000	0.000000	0.000000	-0.049061	0.763734	-0.049079	-0.023252	0.361284
	0.000000	1.000000	0.000000	0.000000	0.000000	-0.116519	0.898103	0.107826	-0.027075	0.037630
	0.000000	1.000000	0.000000	0.000000	0.000000	-0.101550	1.106493	-0.023753	-0.056213	-0.003750
	0.000000	1.000000	0.000000	0.000000	0.000000	-0.074382	1.015561	-0.048597	-0.024605	0.123510
	0.000000	1.000000	0.000000	0.000000	0.000000	-0.121372	1.022260	0.077020	-0.041002	-0.045420
	0.000000	1.000000	0.000000	0.000000	0.000000	-0.102105	0.821194	0.103474	0.029052	0.174245
	0.000000	1.000000	0.000000	0.000000	0.000000	-0.051992	0.725484	0.086293	0.078239	0.152188
	0.000000	1.000000	0.000000	0.000000	0.000000	-0.091569	0.896209	0.047169	0.002909	0.084532
	0.000000	1.000000	0.000000	0.000000	0.000000	-0.114803	0.990678	0.094096	-0.019078	-0.054134
	0.000000	1.000000	0.000000	0.000000	0.000000	-0.055528	0.968562	-0.092592	-0.045452	0.214793
	0.000000	1.000000	0.000000	0.000000	0.000000	-0.115967	1.141784	0.003048	-0.051896	-0.059206
	0.000000	1.000000	0.000000	0.000000	0.000000	-0.115414	0.987239	0.091733	-0.010135	-0.031661
	0.000000	1.000000	0.000000	0.000000	0.000000	0.080614	0.171193	0.221273	0.245945	0.157075
	0.000000	1.000000	0.000000	0.000000	0.000000	-0.068990	0.905204	-0.029235	-0.023274	0.233974
	0.000000	1.000000	0.000000	0.000000	0.000000	-0.081529	1.001446	-0.000533	-0.009722	0.038908
	0.000000	1.000000	0.000000	0.000000	0.000000	-0.118007	1.068306	0.032621	-0.039178	-0.033518
	0.000000	1.000000	0.000000	0.000000	0.000000	-0.101624	1.112861	-0.021910	-0.036015	0.000938
	0.000000	0.000000	1.000000	0.000000	0.000000	0.080413	0.211233	0.624949	0.338620	-0.225164
	0.000000	0.000000	1.000000	0.000000	0.000000	0.058631	0.250514	0.640774	0.337161	-0.231169
	0.000000	0.000000	1.000000	0.000000	0.000000	0.083932	0.188575	0.647370	0.355812	-0.232031
	0.000000	0.000000	1.000000	0.000000	0.000000	0.095301	0.178496	0.549965	0.343110	-0.184917
	0.000000	0.000000	1.000000	0.000000	0.000000	0.092273	0.170132	0.645010	0.369620	-0.229487
	0.000000	0.000000	1.000000	0.000000	0.000000	0.100835	0.146884	0.534400	0.359430	-0.162765
	0.000000	0.000000	1.000000	0.000000	0.000000	0.113619	0.139741	0.605210	0.370228	-0.215859
	0.000000	0.000000	1.000000	0.000000	0.000000	0.153593	0.112116	0.541662	0.406066	-0.189959
	0.000000	0.000000	1.000000	0.000000	0.000000	0.100418	0.171244	0.609725	0.338059	-0.222179
	0.000000	0.000000	1.000000	0.000000	0.000000	0.115625	0.106626	0.551002	0.371100	-0.171379
	0.000000	0.000000	1.000000	0.000000	0.000000	0.111683	0.206697	0.545747	0.355850	-0.202359
	0.000000	0.000000	1.000000	0.000000	0.000000	0.103763	0.150063	0.623530	0.366404	-0.224026
	0.000000	0.000000	1.000000	0.000000	0.000000	0.132612	0.084172	0.558003	0.360978	-0.187111
	0.000000	0.000000	0.000000	1.000000	0.000000	0.149256	0.063054	0.213264	0.299913	0.149436
	0.000000	0.000000	0.000000	1.000000	0.000000	0.219480	-0.069541	0.158573	0.286380	0.244049
	0.000000	0.000000	0.000000	1.000000	0.000000	0.116538	0.166489	0.110611	0.189234	0.309064
	0.000000	0.000000	0.000000	1.000000	0.000000	0.066863	0.252563	0.141208	0.192811	0.258969
	0.000000	0.000000	0.000000	1.000000	0.000000	0.250181	-0.056777	0.226572	0.334704	0.098917
	0.000000	0.000000	0.000000	1.000000	0.000000	0.295007	-0.117237	0.134386	0.299997	0.247767
	0.000000	0.000000	0.000000	1.000000	0.000000	0.261661	-0.029511	0.308383	0.413769	-0.022590
	0.000000	0.000000	0.000000	1.000000	0.000000	0.027781	0.355216	0.099909	0.145870	0.305733
	0.000000	0.000000	0.000000	1.000000	0.000000	0.227423	-0.029403	0.201054	0.321678	0.140992
	0.000000	0.000000	0.000000	1.000000	0.000000	0.172684	-0.041262	0.059436	0.206280	0.497556
	0.000000	0.000000	0.000000	1.000000	0.000000	0.231180	0.035622	0.347289	0.425947	-0.064926
	0.000000	0.000000	0.000000	1.000000	0.000000	0.201161	0.038132	0.308608	0.380836	-0.013560
	0.000000	0.000000	0.000000	1.000000	0.000000	0.168640	0.019192	0.189050	0.299447	0.192752
	0.000000	0.000000	0.000000	1.000000	0.000000	0.269173	-0.001795	0.332307	0.444212	-0.063051
	0.000000	0.000000	0.000000	1.000000	0.000000	0.157256	0.102659	0.258469	0.340194	0.051349
	0.000000	0.000000	0.000000	1.000000	0.000000	0.200720	0.051648	0.303105	0.386417	-0.008580
	0.000000	0.000000	0.000000	0.000000	1.000000	0.063679	0.035032	-0.098986	-0.000187	0.997334
	0.000000	0.000000	0.000000	0.000000	1.000000	0.081205	0.009144	-0.089199	0.021937	0.971654
	0.000000	0.000000	0.000000	0.000000	1.000000	0.062323	0.045257	-0.067365	0.019953	0.927538
	0.000000	0.000000	0.000000	0.000000	1.000000	0.160345	-0.098930	-0.069548	0.072181	0.925710
	0.000000	0.000000	0.000000	0.000000	1.000000	0.093247	0.033311	-0.077824	0.052713	0.909637
	0.000000	0.000000	0.000000	0.000000	1.000000	0.042427	0.110440	-0.099353	-0.002336	0.964312
	0.000000	0.000000	0.000000	0.000000	1.000000	0.055457	0.035177	-0.113351	-0.013673	1.037356
	0.000000	0.000000	0.000000	0.000000	1.000000	0.080913	-0.013958	-0.105364	0.012392	1.036235
	0.000000	0.000000	0.000000	0.000000	1.000000	0.066435	0.006803	-0.130187	-0.011619	1.087584
	0.000000	0.000000	0.000000	0.000000	1.000000	0.048928	0.118346	-0.130410	-0.014739	1.002856
	0.000000	0.000000	0.000000	0.000000	1.000000	0.050948	0.075757	-0.114197	-0.000971	1.013202
	0.000000	0.000000	0.000000	0.000000	1.000000	0.057867	0.042880	-0.129858	-0.017170	1.059289
	0.000000	0.000000	0.000000	0.000000	1.000000	0.057614	0.131658	-0.141155	-0.023253	0.996236
	0.000000	0.000000	0.000000	0.000000	1.000000	0.059528	0.037528	-0.125096	-0.014278	1.055421
	0.000000	0.000000	0.000000	0.000000	1.000000	0.063522	0.057959	-0.117828	-0.001539	1.011967
	0.000000	0.000000	0.000000	0.000000	1.000000	0.065047	0.078017	-0.103630	0.013842	0.960819
	0.000000	0.000000	0.000000	0.000000	1.000000	0.040488	0.175193	-0.117665	-0.013549	0.931140
	0.000000	0.000000	0.000000	0.000000	1.000000	0.087503	0.018500	-0.067418	0.047877	0.903287
	0.000000	0.000000	0.000000	0.000000	1.000000	0.079253	0.033455	-0.068396	0.042792	0.906124
	0.000000	0.000000	0.000000	0.000000	1.000000	0.048547	0.112373	-0.087196	0.012449	0.918131
	0.000000	0.000000	0.000000	0.000000	1.000000	0.055817	0.068123	-0.116967	-0.020311	1.019192
	0.000000	0.000000	0.000000	0.000000	1.000000	0.080589	-0.014654	-0.106010	-0.000198	1.036361
	0.000000	0.000000	0.000000	0.000000	1.000000	0.059039	0.090344	-0.140500	-0.029781	1.027484
	0.000000	0.000000	0.000000	0.000000	1.000000	0.079668	0.017367	-0.104398	0.007035	0.998569
	0.000000	0.000000	0.000000	0.000000	1.000000	0.064250	0.030741	-0.115539	-0.004535	1.038538
	0.000000	0.000000	0.000000	0.000000	1.000000	0.065854	0.014052	-0.115001	-0.003543	1.050364
	0.000000	0.000000	0.000000	0.000000	1.000000	0.073727	0.009167	-0.121408	-0.006798	1.060048
	0.000000	0.000000	0.000000	0.000000	1.000000	0.036868	0.188578	-0.119110	-0.015786	0.922824
	0.000000	0.000000	0.000000	0.000000	1.000000	0.100789	-0.037203	-0.089353	0.027554	0.991439
	0.000000	0.000000	0.000000	0.000000	1.000000	0.103518	-0.083988	-0.093713	0.031854	1.027382
	0.000000	0.000000	0.000000	0.000000	1.000000	0.062612	0.033853	-0.102373	-0.003060	1.006453
	0.000000	0.000000	0.000000	0.000000	1.000000	0.080245	-0.034068	-0.116987	0.000760	1.076852
	0.000000	0.000000	0.000000	0.000000	1.000000	0.063464	0.037702	-0.136773	-0.018826	1.071252
	0.000000	0.000000	0.000000	0.000000	1.000000	0.057167	0.114348	-0.130208	-0.015239	0.990477
	0.000000	0.000000	0.000000	0.000000	1.000000	0.120672	-0.000385	-0.045158	0.080507	0.818830
	0.000000	0.000000	0.000000	0.000000	1.000000	0.037482	0.154693	-0.099355	-0.020838	0.911746
	0.000000	0.000000	0.000000	0.000000	1.000000	0.069647	-0.000996	-0.116090	-0.004373	1.056894
	0.000000	0.000000	0.000000	0.000000	1.000000	0.063989	0.012908	-0.130653	-0.011279	1.085678
	0.000000	0.000000	0.000000	0.000000	1.000000	0.069016	0.063091	-0.142015	-0.019484	1.050054
	0.000000	0.000000	0.000000	0.000000	1.000000	0.074503	-0.015104	-0.120560	-0.003409	1.073807
	0.000000	0.000000	0.000000	0.000000	1.000000	0.025559	0.250701	-0.106080	-0.015187	0.845082
	0.000000	0.000000	0.000000	0.000000	1.000000	0.031279	0.195344	-0.087228	0.006076	0.861810
	0.000000	0.000000	0.000000	0.000000	1.000000	0.067493	0.005143	-0.123393	-0.009004	1.072746
	0.000000	0.000000	0.000000	0.000000	1.000000	0.061055	0.045665	-0.124598	-0.016810	1.045602
	0.000000	0.000000	0.000000	0.000000	1.000000	0.057580	0.096005	-0.129800	-0.021041	1.006239
	0.000000	0.000000	0.000000	0.000000	1.000000	0.053916	0.068258	-0.084869	0.008851	0.948510
	0.000000	0.000000	0.000000	0.000000	1.000000	0.044127	0.122432	-0.118188	-0.020695	0.981326
	0.000000	0.000000	0.000000	0.000000	1.000000	0.086850	0.005320	-0.081310	0.043627	0.948428
	0.000000	0.000000	0.000000	0.000000	1.000000	0.022730	0.263511	-0.074433	0.003609	0.799944
	0.000000	0.000000	0.000000	0.000000	1.000000	0.037125	0.129962	-0.110035	-0.004934	0.975748
	0.000000	0.000000	0.000000	0.000000	1.000000	0.039565	0.129813	-0.107655	-0.000975	0.961138
	0.000000	0.000000	0.000000	0.000000	1.000000	0.168733	-0.023200	0.011744	0.132068	0.647352
	0.000000	0.000000	0.000000	0.000000	1.000000	0.131703	-0.000439	0.029950	0.151940	0.609688
	0.000000	0.000000	0.000000	0.000000	1.000000	0.148391	-0.034807	0.008695	0.145067	0.653520
	0.000000	0.000000	0.000000	0.000000	1.000000	0.015990	0.221253	-0.060355	0.002730	0.851259
	0.000000	0.000000	0.000000	0.000000	1.000000	0.187902	-0.089625	0.004883	0.170628	0.642250
	0.000000	0.000000	0.000000	0.000000	1.000000	0.069709	0.012724	-0.076290	0.019529	0.978224
	0.000000	0.000000	0.000000	0.000000	1.000000	0.060621	0.060537	-0.133149	-0.025488	1.043246
	0.000000	0.000000	0.000000	0.000000	1.000000	0.156113	-0.085454	-0.035885	0.110551	0.794647
	0.000000	0.000000	0.000000	0.000000	1.000000	0.068107	0.037740	-0.121730	-0.009785	1.037191
	0.000000	0.000000	0.000000	0.000000	1.000000	0.096200	-0.004519	-0.072919	0.047680	0.929937
	0.000000	0.000000	0.000000	0.000000	1.000000	0.045301	0.129519	-0.131057	-0.030606	0.987838
	0.000000	0.000000	0.000000	0.000000	1.000000	0.080009	-0.025612	-0.108707	-0.000791	1.050862
	0.000000	0.000000	0.000000	0.000000	1.000000	0.090319	-0.043183	-0.105793	0.006868	1.048159
	0.000000	0.000000	0.000000	0.000000	1.000000	0.107786	0.074822	0.080304	0.179651	0.462955
	1.000000	0.000000	0.000000	0.000000	0.000000	0.224611	-0.112211	-0.023668	0.135335	0.738551
	1.000000	0.000000	0.000000	0.000000	0.000000	0.280768	-0.160521	-0.005489	0.196882	0.628952
	1.000000	0.000000	0.000000	0.000000	0.000000	0.194963	-0.090815	-0.044717	0.119364	0.800753
	1.000000	0.000000	0.000000	0.000000	0.000000	0.253374	-0.133036	-0.027787	0.154517	0.721235
	1.000000	0.000000	0.000000	0.000000	0.000000	0.292883	-0.144959	0.015180	0.218596	0.557546
	1.000000	0.000000	0.000000	0.000000	0.000000	0.256758	-0.128992	-0.024192	0.157212	0.718830
	1.000000	0.000000	0.000000	0.000000	0.000000	0.296061	-0.147664	0.009632	0.199332	0.589551
	1.000000	0.000000	0.000000	0.000000	0.000000	0.318572	-0.138913	0.044773	0.253995	0.454846
	1.000000	0.000000	0.000000	0.000000	0.000000	0.290253	-0.131302	0.015334	0.208445	0.560751
	1.000000	0.000000	0.000000	0.000000	0.000000	0.133269	-0.041118	-0.075775	0.070117	0.915846
	1.000000	0.000000	0.000000	0.000000	0.000000	0.010688	0.385967	0.134617	0.136595	0.255116
	1.000000	0.000000	0.000000	0.000000	0.000000	0.211193	-0.125565	-0.051230	0.111702	0.843430
	1.000000	0.000000	0.000000	0.000000	0.000000	0.186400	-0.100186	-0.041627	0.114519	0.825230
	1.000000	0.000000	0.000000	0.000000	0.000000	0.138143	-0.019355	-0.000068	0.107041	0.708109
	1.000000	0.000000	0.000000	0.000000	0.000000	0.325962	-0.168666	0.036512	0.251907	0.470396
	1.000000	0.000000	0.000000	0.000000	0.000000	0.373713	-0.172060	0.119968	0.330778	0.218971
	0.000000	1.000000	0.000000	0.000000	0.000000	-0.114193	1.039019	0.081861	-0.018553	-0.088266
	0.000000	1.000000	0.000000	0.000000	0.000000	-0.038590	0.825665	-0.104980	-0.022597	0.373254
	0.000000	1.000000	0.000000	0.000000	0.000000	-0.090219	0.796259	0.273053	0.055594	-0.121060
	0.000000	1.000000	0.000000	0.000000	0.000000	-0.121478	0.987835	0.103585	0.002014	-0.035753
	0.000000	1.000000	0.000000	0.000000	0.000000	-0.055884	0.885810	-0.083262	-0.024315	0.284636
	0.000000	1.000000	0.000000	0.000000	0.000000	-0.068088	0.730591	0.059440	0.001351	0.193432
	0.000000	1.000000	0.000000	0.000000	0.000000	-0.032328	0.591670	-0.055125	0.004522	0.519226
	0.000000	1.000000	0.000000	0.000000	0.000000	-0.004988	0.412526	-0.100115	-0.007250	0.755319
	0.000000	1.000000	0.000000	0.000000	0.000000	-0.080623	1.005723	-0.026572	-0.023869	0.096743
	0.000000	1.000000	0.000000	0.000000	0.000000	-0.091508	1.056379	-0.035494	-0.034519	0.062314
	0.000000	1.000000	0.000000	0.000000	0.000000	-0.125102	1.068662	0.054617	-0.053300	-0.062237
	0.000000	1.000000	0.000000	0.000000	0.000000	-0.044834	0.858400	-0.093345	-0.031730	0.326578
	0.000000	1.000000	0.000000	0.000000	0.000000	-0.076636	1.001785	-0.047945	-0.029079	0.123816
	0.000000	1.000000	0.000000	0.000000	0.000000	-0.065010	0.946455	-0.052438	-0.019870	0.182600
	0.000000	1.000000	0.000000	0.000000	0.000000	-0.106229	0.902131	0.113526	0.057643	0.053657
	0.000000	1.000000	0.000000	0.000000	0.000000	-0.026205	0.429042	0.312201	0.186398	0.031807
	0.000000	1.000000	0.000000	0.000000	0.000000	-0.093665	1.052709	-0.014732	-0.032617	0.031325
	0.000000	1.000000	0.000000	0.000000	0.000000	-0.109056	0.992669	0.017246	-0.022709	0.101087
	0.000000	1.000000	0.000000	0.000000	0.000000	-0.125725	1.104803	0.041357	-0.043075	-0.065984
	0.000000	1.000000	0.000000	0.000000	0.000000	-0.065701	0.774834	0.042054	0.014539	0.192431
	0.000000	1.000000	0.000000	0.000000	0.000000	-0.095669	1.048772	-0.021390	-0.029609	0.051923
	0.000000	1.000000	0.000000	0.000000	0.000000	-0.069293	0.942597	-0.049531	-0.027985	0.179044
	0.000000	1.000000	0.000000	0.000000	0.000000	-0.108722	0.985963	0.021162	-0.023089	0.105633
	0.000000	1.000000	0.000000	0.000000	0.000000	-0.082631	0.924282	0.005404	-0.024128	0.182965
	0.000000	1.000000	0.000000	0.000000	0.000000	-0.106922	1.095080	0.007383	-0.035331	-0.039156
	0.000000	1.000000	0.000000	0.000000	0.000000	-0.051914	0.873312	-0.070809	-0.022007	0.296743
	0.000000	1.000000	0.000000	0.000000	0.000000	-0.086850	0.896692	-0.027630	-0.029595	0.239290
	0.000000	1.000000	0.000000	0.000000	0.000000	-0.075245	0.952575	-0.016084	-0.017311	0.114504
	0.000000	1.000000	0.000000	0.000000	0.000000	-0.087828	1.051078	-0.040555	-0.039755	0.076833
	0.000000	1.000000	0.000000	0.000000	0.000000	-0.071481	0.839869	-0.001763	-0.007046	0.227155
	0.000000	1.000000	0.000000	0.000000	0.000000	-0.075460	0.846982	0.023918	0.024999	0.159745
	0.000000	1.000000	0.000000	0.000000	0.000000	-0.085634	0.878394	0.053323	0.021987	0.093327
	0.000000	1.000000	0.000000	0.000000	0.000000	-0.108038	1.032358	0.021458	-0.027999	0.020056
	0.000000	1.000000	0.000000	0.000000	0.000000	-0.114058	1.118387	0.007389	-0.034949	-0.041259
	0.000000	1.000000	0.000000	0.000000	0.000000	-0.082300	0.667827	0.288401	0.100576	-0.049813
	0.000000	0.000000	1.000000	0.000000	0.000000	0.104725	0.128177	0.556067	0.326400	-0.181270
	0.000000	0.000000	1.000000	0.000000	0.000000	0.149913	0.098781	0.557491	0.423349	-0.194403
	0.000000	0.000000	1.000000	0.000000	0.000000	0.093426	0.179545	0.634752	0.353599	-0.228230
	0.000000	0.000000	1.000000	0.000000	0.000000	0.067650	0.221383	0.534564	0.295313	-0.176486
	0.000000	0.000000	1.000000	0.000000	0.000000	0.050775	0.257509	0.595637	0.297883	-0.209190
	0.000000	0.000000	1.000000	0.000000	0.000000	0.103479	0.199889	0.575891	0.358442	-0.209938
	0.000000	0.000000	1.000000	0.000000	0.000000	0.169136	0.099090	0.471473	0.404874	-0.149454
	0.000000	0.000000	1.000000	0.000000	0.000000	0.070412	0.254269	0.643856	0.359499	-0.238822
	0.000000	0.000000	1.000000	0.000000	0.000000	0.113392	0.103985	0.601062	0.383773	-0.204245
	0.000000	0.000000	1.000000	0.000000	0.000000	0.148220	0.109678	0.521394	0.396536	-0.172292
	0.000000	0.000000	1.000000	0.000000	0.000000	0.113485	0.178751	0.531893	0.316450	-0.186290
	0.000000	0.000000	1.000000	0.000000	0.000000	0.185193	0.035834	0.487332	0.412330	-0.155352
	0.000000	0.000000	1.000000	0.000000	0.000000	0.107237	0.154403	0.624630	0.380625	-0.225259
	0.000000	0.000000	1.000000	0.000000	0.000000	-0.034983	0.439059	0.275467	0.173714	0.058869
	0.000000	0.000000	1.000000	0.000000	0.000000	0.105227	0.136036	0.599811	0.352125	-0.208525
	0.000000	0.000000	1.000000	0.000000	0.000000	0.094405	0.161605	0.616495	0.356218	-0.213760
	0.000000	0.000000	0.000000	1.000000	0.000000	0.221261	0.068310	0.365987	0.429323	-0.086997
	0.000000	0.000000	0.000000	1.000000	0.000000	0.220753	-0.035306	0.165369	0.284392	0.213867
	0.000000	0.000000	0.000000	1.000000	0.000000	0.018574	0.290920	0.121014	0.163284	0.333060
	0.000000	0.000000	0.000000	1.000000	0.000000	0.104910	0.232992	0.251089	0.304053	0.043057
	0.000000	0.000000	0.000000	1.000000	0.000000	0.306427	-0.130018	0.189396	0.346783	0.140078
	0.000000	0.000000	0.000000	1.000000	0.000000	0.187609	0.021024	0.172062	0.290304	0.203803
	0.000000	0.000000	0.000000	1.000000	0.000000	0.283373	-0.122060	0.113949	0.291732	0.306267
	0.000000	0.000000	0.000000	1.000000	0.000000	0.201110	0.037732	0.297636	0.375056	0.004362
	0.000000	0.000000	0.000000	1.000000	0.000000	0.200999	0.018594	0.282629	0.365603	0.039955
	0.000000	0.000000	0.000000	1.000000	0.000000	0.100529	0.092092	0.157111	0.235338	0.280205
	0.000000	0.000000	0.000000	1.000000	0.000000	0.229667	-0.009743	0.343466	0.410952	-0.040396
	0.000000	0.000000	0.000000	1.000000	0.000000	0.231418	0.011000	0.315607	0.403423	-0.024495
	0.000000	0.000000	0.000000	1.000000	0.000000	0.198327	0.040248	0.300238	0.379608	0.013896
	0.000000	0.000000	0.000000	1.000000	0.000000	0.230242	0.034000	0.437124	0.476040	-0.135911
	0.000000	0.000000	0.000000	1.000000	0.000000	0.221642	0.058135	0.388296	0.426401	-0.099872
	0.000000	0.000000	0.000000	0.000000	1.000000	0.071524	0.032160	-0.098463	0.005317	0.988252
	0.000000	0.000000	0.000000	0.000000	1.000000	0.065108	0.025757	-0.092170	0.004021	0.993579
	0.000000	0.000000	0.000000	0.000000	1.000000	0.059402	0.035254	-0.123767	-0.013939	1.055360
	0.000000	0.000000	0.000000	0.000000	1.000000	0.060695	0.079779	-0.113594	-0.005582	0.984272
	0.000000	0.000000	0.000000	0.000000	1.000000	0.048388	0.110311	-0.085129	0.012721	0.916678
	0.000000	0.000000	0.000000	0.000000	1.000000	0.086469	-0.032770	-0.115646	0.002485	1.067535
	0.000000	0.000000	0.000000	0.000000	1.000000	0.071998	0.038043	-0.070058	0.044612	0.917540
	0.000000	0.000000	0.000000	0.000000	1.000000	0.059302	0.070929	-0.123023	-0.015846	1.012731
	0.000000	0.000000	0.000000	0.000000	1.000000	0.117719	-0.019137	-0.041347	0.066613	0.843174
	0.000000	0.000000	0.000000	0.000000	1.000000	0.288669	-0.156885	-0.014121	0.166893	0.686077
	0.000000	0.000000	0.000000	0.000000	1.000000	0.055996	0.107906	-0.126984	-0.009728	0.991460
	0.000000	0.000000	0.000000	0.000000	1.000000	0.066444	-0.007330	-0.104977	-0.008197	1.049032
	0.000000	0.000000	0.000000	0.000000	1.000000	0.054636	0.079164	-0.130232	-0.019664	1.029644
	0.000000	0.000000	0.000000	0.000000	1.000000	0.075598	-0.023715	-0.123214	-0.004774	1.088723
	0.000000	0.000000	0.000000	0.000000	1.000000	0.053082	0.090765	-0.126670	-0.013828	1.018507
	0.000000	0.000000	0.000000	0.000000	1.000000	0.125106	-0.073513	-0.089508	0.044411	0.995132
	0.000000	0.000000	0.000000	0.000000	1.000000	0.067405	0.020356	-0.096445	0.005600	0.999595
	0.000000	0.000000	0.000000	0.000000	1.000000	0.038670	0.132649	-0.084617	0.013545	0.916773
	0.000000	0.000000	0.000000	0.000000	1.000000	0.056629	0.063213	-0.119442	-0.015060	1.023996
	0.000000	0.000000	0.000000	0.000000	1.000000	0.054930	0.095254	-0.060269	0.037891	0.855382
	0.000000	0.000000	0.000000	0.000000	1.000000	0.067593	0.050637	-0.122213	-0.003246	1.015662
	0.000000	0.000000	0.000000	0.000000	1.000000	0.061908	0.049146	-0.135801	-0.023160	1.053323
	0.000000	0.000000	0.000000	0.000000	1.000000	0.081373	-0.019449	-0.109894	-0.003243	1.048600
	0.000000	0.000000	0.000000	0.000000	1.000000	0.075648	0.015782	-0.098371	0.010962	0.994289
	0.000000	0.000000	0.000000	0.000000	1.000000	0.060682	0.066460	-0.131274	-0.022814	1.031447
	0.000000	0.000000	0.000000	0.000000	1.000000	0.065838	-0.005014	-0.109052	0.002079	1.053317
	0.000000	0.000000	0.000000	0.000000	1.000000	0.070953	-0.020630	-0.119025	-0.009828	1.085490
	0.000000	0.000000	0.000000	0.000000	1.000000	0.102391	0.007927	-0.047086	0.069236	0.841502
	0.000000	0.000000	0.000000	0.000000	1.000000	0.093677	-0.054212	-0.112476	0.001358	1.064908
	0.000000	0.000000	0.000000	0.000000	1.000000	0.066098	0.036277	-0.127401	-0.015200	1.045627
	0.000000	0.000000	0.000000	0.000000	1.000000	0.076925	-0.012419	-0.117581	0.002802	1.066716
	0.000000	0.000000	0.000000	0.000000	1.000000	0.054831	0.072210	-0.125137	-0.017442	1.017571
	0.000000	0.000000	0.000000	0.000000	1.000000	0.069941	0.037338	-0.137956	-0.025533	1.061880
	0.000000	0.000000	0.000000	0.000000	1.000000	0.062382	0.045370	-0.139371	-0.019171	1.071455
	0.000000	0.000000	0.000000	0.000000	1.000000	0.086118	-0.017544	-0.096847	0.015733	1.009713
	0.000000	0.000000	0.000000	0.000000	1.000000	0.033190	0.172966	-0.110588	-0.010876	0.935565
	0.000000	0.000000	0.000000	0.000000	1.000000	0.055101	0.093715	-0.120311	-0.016884	0.999202
	0.000000	0.000000	0.000000	0.000000	1.000000	0.033507	0.180914	-0.110829	-0.013440	0.932985
	0.000000	0.000000	0.000000	0.000000	1.000000	0.042453	0.121853	-0.119820	-0.020444	0.990579
	0.000000	0.000000	0.000000	0.000000	1.000000	0.042255	0.096369	-0.094698	-0.002791	0.962543
	0.000000	0.000000	0.000000	0.000000	1.000000	0.063199	0.149457	-0.156423	-0.026835	1.008190
	0.000000	0.000000	0.000000	0.000000	1.000000	0.046888	0.138850	-0.115758	-0.007683	0.964821
	0.000000	0.000000	0.000000	0.000000	1.000000	0.079834	-0.029491	-0.115998	0.004244	1.072581
	0.000000	0.000000	0.000000	0.000000	1.000000	0.068704	0.047576	-0.094974	0.015291	0.966935
	0.000000	0.000000	0.000000	0.000000	1.000000	0.064671	0.037622	-0.122944	-0.015205	1.041045
	0.000000	0.000000	0.000000	0.000000	1.000000	0.057341	0.062187	-0.126617	-0.022787	1.034907
	0.000000	0.000000	0.000000	0.000000	1.000000	0.072624	-0.011121	-0.119111	-0.008502	1.067777
	0.000000	0.000000	0.000000	0.000000	1.000000	0.054555	0.066297	-0.108609	-0.000743	1.004907
	0.000000	0.000000	0.000000	0.000000	1.000000	0.061699	0.125920	-0.141799	-0.023742	1.006112
	0.000000	0.000000	0.000000	0.000000	1.000000	0.071806	-0.006016	-0.111811	-0.000023	1.052263
	0.000000	0.000000	0.000000	0.000000	1.000000	0.079390	-0.013813	-0.116428	-0.004849	1.056475
	0.000000	0.000000	0.000000	0.000000	1.000000	0.059774	0.051503	-0.134040	-0.020835	1.060233
	0.000000	0.000000	0.000000	0.000000	1.000000	0.038305	0.117305	-0.110517	-0.003088	0.991161
	0.000000	0.000000	0.000000	0.000000	1.000000	0.055781	0.066595	-0.132930	-0.019026	1.045314
	0.000000	0.000000	0.000000	0.000000	1.000000	0.117133	-0.028502	-0.016448	0.109524	0.756858
	0.000000	0.000000	0.000000	0.000000	1.000000	0.063681	0.035182	-0.105030	0.006816	1.014056
	0.000000	0.000000	0.000000	0.000000	1.000000	0.056072	0.092870	-0.115981	-0.013290	0.986921
	0.000000	0.000000	0.000000	0.000000	1.000000	0.072114	-0.008368	-0.103752	0.007406	1.036223
	0.000000	0.000000	0.000000	0.000000	1.000000	0.087938	-0.044660	-0.107090	-0.001235	1.052377
	0.000000	0.000000	0.000000	0.000000	1.000000	0.076284	-0.019705	-0.117269	-0.010712	1.066906
	0.000000	0.000000	0.000000	0.000000	1.000000	0.071651	0.012034	-0.108931	-0.005855	1.019696
