	1.000000	0.000000	0.000000	0.000000	0.000000	1.002161	0.008859	0.025401	-0.083549	0.062062
	1.000000	0.000000	0.000000	0.000000	0.000000	0.967519	-0.018143	-0.025200	0.011276	0.050598
	1.000000	0.000000	0.000000	0.000000	0.000000	1.045056	-0.027211	0.003845	-0.041460	-0.057313
	1.000000	0.000000	0.000000	0.000000	0.000000	1.087496	0.001833	-0.031883	-0.002738	-0.086981
	1.000000	0.000000	0.000000	0.000000	0.000000	0.907451	-0.017773	-0.034122	0.064860	0.065285
	1.000000	0.000000	0.000000	0.000000	0.000000	0.941112	0.018397	-0.008523	-0.032290	0.088277
	1.000000	0.000000	0.000000	0.000000	0.000000	0.864783	-0.006607	-0.025614	0.070361	0.091746
	1.000000	0.000000	0.000000	0.000000	0.000000	1.022206	0.012428	-0.025752	0.038995	-0.074881
	1.000000	0.000000	0.000000	0.000000	0.000000	0.946724	0.013429	0.002384	-0.078364	0.150143
	1.000000	0.000000	0.000000	0.000000	0.000000	0.984362	-0.002692	-0.019350	0.104767	-0.109063
	1.000000	0.000000	0.000000	0.000000	0.000000	0.915264	0.018414	-0.008000	-0.052050	0.128367
	1.000000	0.000000	0.000000	0.000000	0.000000	0.961354	-0.007373	0.005362	-0.060308	0.044833
	1.000000	0.000000	0.000000	0.000000	0.000000	0.936037	-0.014964	-0.045513	0.116908	-0.028218
	1.000000	0.000000	0.000000	0.000000	0.000000	0.542315	0.156071	0.072163	-0.034607	0.319886
	0.000000	1.000000	0.000000	0.000000	0.000000	0.012179	1.031499	0.013438	-0.036109	-0.020124
	0.000000	1.000000	0.000000	0.000000	0.000000	-0.012245	1.029267	-0.008039	0.014918	-0.022050
	0.000000	1.000000	0.000000	0.000000	0.000000	-0.023109	1.044381	0.009880	-0.026261	-0.004148
	0.000000	1.000000	0.000000	0.000000	0.000000	-0.020438	1.033334	-0.020387	0.029803	-0.017902
	0.000000	1.000000	0.000000	0.000000	0.000000	0.009979	1.041333	0.009901	-0.040466	-0.009658
	0.000000	1.000000	0.000000	0.000000	0.000000	-0.002682	0.998850	-0.016527	0.023641	-0.013216
	0.000000	1.000000	0.000000	0.000000	0.000000	0.008849	0.949006	-0.025058	-0.002860	0.055649
	0.000000	1.000000	0.000000	0.000000	0.000000	-0.018221	0.946407	-0.024914	0.077985	0.010403
	0.000000	1.000000	0.000000	0.000000	0.000000	-0.019944	1.044319	0.002097	0.024269	-0.046895
	0.000000	1.000000	0.000000	0.000000	0.000000	0.006868	1.027375	-0.007987	0.019891	-0.056411
	0.000000	1.000000	0.000000	0.000000	0.000000	0.012916	1.013470	0.003775	-0.034863	0.007492
	0.000000	1.000000	0.000000	0.000000	0.000000	0.005299	1.053474	-0.009137	0.008050	-0.057881
	0.000000	1.000000	0.000000	0.000000	0.000000	-0.010625	1.025177	0.024625	-0.036066	0.008213
	0.000000	1.000000	0.000000	0.000000	0.000000	-0.017223	1.029842	-0.004189	0.009169	-0.007261
	0.000000	1.000000	0.000000	0.000000	0.000000	0.007375	1.007130	-0.013741	-0.019868	0.015838
	0.000000	1.000000	0.000000	0.000000	0.000000	-0.007996	1.047264	0.009888	-0.014056	-0.027114
	0.000000	1.000000	0.000000	0.000000	0.000000	0.058109	0.858827	-0.017890	-0.065261	0.144562
	0.000000	1.000000	0.000000	0.000000	0.000000	0.022107	0.963098	-0.028972	-0.020768	0.046096
	0.000000	1.000000	0.000000	0.000000	0.000000	-0.032956	0.976936	0.047777	0.023253	-0.027203
	0.000000	1.000000	0.000000	0.000000	0.000000	0.015880	1.007548	-0.026942	-0.015639	0.005999
	0.000000	1.000000	0.000000	0.000000	0.000000	-0.010554	1.052443	0.043963	-0.046002	-0.031429
	0.000000	1.000000	0.000000	0.000000	0.000000	-0.041527	0.843318	-0.045017	0.094051	0.152345
	0.000000	1.000000	0.000000	0.000000	0.000000	-0.014511	0.877311	-0.028522	0.022633	0.138542
	0.000000	1.000000	0.000000	0.000000	0.000000	0.060412	0.932551	0.098648	-0.098649	0.033462
	0.000000	1.000000	0.000000	0.000000	0.000000	0.008646	1.063129	0.002194	-0.034577	-0.032756
	0.000000	1.000000	0.000000	0.000000	0.000000	0.043033	1.061165	-0.000594	-0.075429	-0.025260
	0.000000	1.000000	0.000000	0.000000	0.000000	0.026059	1.031364	0.049010	-0.063751	-0.026992
	0.000000	1.000000	0.000000	0.000000	0.000000	-0.059314	0.972921	0.008167	0.073271	-0.004472
	0.000000	1.000000	0.000000	0.000000	0.000000	0.017655	0.885641	0.022905	0.009611	0.061031
	0.000000	1.000000	0.000000	0.000000	0.000000	0.022176	0.920039	0.016434	0.008296	0.013677
	0.000000	1.000000	0.000000	0.000000	0.000000	0.042409	0.978747	0.042355	0.013373	-0.075616
	0.000000	1.000000	0.000000	0.000000	0.000000	0.036632	1.000914	-0.023985	-0.054972	0.028267
	0.000000	1.000000	0.000000	0.000000	0.000000	-0.014276	1.076859	0.004360	-0.007373	-0.048003
	0.000000	1.000000	0.000000	0.000000	0.000000	-0.024629	1.013217	0.030742	0.001173	-0.037760
	0.000000	1.000000	0.000000	0.000000	0.000000	0.079779	0.640254	0.053477	0.155218	-0.040162
	0.000000	1.000000	0.000000	0.000000	0.000000	0.022801	1.004410	-0.018164	-0.040148	0.021886
	0.000000	1.000000	0.000000	0.000000	0.000000	-0.012395	1.007261	-0.016668	0.034534	-0.011029
	0.000000	1.000000	0.000000	0.000000	0.000000	-0.004133	1.045031	0.015489	-0.020181	-0.034095
	0.000000	1.000000	0.000000	0.000000	0.000000	-0.009810	1.072765	-0.001787	-0.002550	-0.049526
	0.000000	0.000000	1.000000	0.000000	0.000000	0.014456	0.026928	1.028948	-0.061828	-0.014529
	0.000000	0.000000	1.000000	0.000000	0.000000	-0.017757	0.117367	0.993976	-0.076854	-0.071677
	0.000000	0.000000	1.000000	0.000000	0.000000	-0.020033	-0.000740	1.038088	-0.041789	0.013968
	0.000000	0.000000	1.000000	0.000000	0.000000	-0.012171	0.015881	0.896050	0.091588	-0.010389
	0.000000	0.000000	1.000000	0.000000	0.000000	0.006664	0.010999	1.059013	-0.083049	0.006904
	0.000000	0.000000	1.000000	0.000000	0.000000	-0.048242	0.001210	0.919453	0.099850	0.009825
	0.000000	0.000000	1.000000	0.000000	0.000000	-0.000572	-0.010155	1.013639	-0.021984	0.019931
	0.000000	0.000000	1.000000	0.000000	0.000000	0.016665	0.005300	0.974019	0.002104	0.003118
	0.000000	0.000000	1.000000	0.000000	0.000000	0.046794	0.027840	1.035951	-0.094555	-0.001183
	0.000000	0.000000	1.000000	0.000000	0.000000	-0.034799	-0.024775	0.968248	0.062730	0.029489
	0.000000	0.000000	1.000000	0.000000	0.000000	0.006328	0.021210	0.908395	0.052090	-0.007588
	0.000000	0.000000	1.000000	0.000000	0.000000	-0.035151	-0.022849	1.030453	-0.013750	0.037410
	0.000000	0.000000	1.000000	0.000000	0.000000	-0.025708	-0.010685	0.996981	-0.024446	0.061973
	0.000000	0.000000	0.000000	1.000000	0.000000	-0.096914	0.058349	-0.035421	1.043437	-0.036269
	0.000000	0.000000	0.000000	1.000000	0.000000	0.118280	0.080759	-0.000822	0.822362	-0.051463
	0.000000	0.000000	0.000000	1.000000	0.000000	0.128255	0.082526	-0.046391	0.702220	0.109622
	0.000000	0.000000	0.000000	1.000000	0.000000	-0.155676	0.140216	-0.075307	0.969786	0.159888
	0.000000	0.000000	0.000000	1.000000	0.000000	0.091485	-0.028021	0.027519	0.882178	-0.022822
	0.000000	0.000000	0.000000	1.000000	0.000000	-0.021157	0.032819	-0.044612	0.819250	0.136595
	0.000000	0.000000	0.000000	1.000000	0.000000	-0.004579	-0.032851	0.098654	0.973241	-0.046295
	0.000000	0.000000	0.000000	1.000000	0.000000	-0.090815	0.236283	-0.080492	0.881360	0.052950
	0.000000	0.000000	0.000000	1.000000	0.000000	-0.090244	-0.023312	-0.046582	1.004020	0.099966
	0.000000	0.000000	0.000000	1.000000	0.000000	-0.096847	-0.007353	-0.075300	0.939740	0.211798
	0.000000	0.000000	0.000000	1.000000	0.000000	0.129700	-0.044358	0.156713	0.902913	-0.096874
	0.000000	0.000000	0.000000	1.000000	0.000000	-0.037028	-0.045536	0.077992	1.027160	-0.047590
	0.000000	0.000000	0.000000	1.000000	0.000000	-0.025990	0.033809	-0.017811	0.999592	-0.048017
	0.000000	0.000000	0.000000	1.000000	0.000000	0.116883	-0.066350	0.134250	0.988600	-0.102184
	0.000000	0.000000	0.000000	1.000000	0.000000	-0.100931	-0.052067	-0.011888	1.107136	-0.008906
	0.000000	0.000000	0.000000	1.000000	0.000000	-0.004237	-0.041240	0.069629	1.037738	-0.073520
	0.000000	0.000000	0.000000	0.000000	1.000000	-0.009488	-0.014915	0.009273	0.012448	1.014813
	0.000000	0.000000	0.000000	0.000000	1.000000	0.042404	-0.038623	0.004737	0.041961	0.968702
	0.000000	0.000000	0.000000	0.000000	1.000000	0.035291	0.041352	0.032990	-0.009882	0.924052
	0.000000	0.000000	0.000000	0.000000	1.000000	0.014174	-0.059878	-0.016623	0.085139	0.963626
	0.000000	0.000000	0.000000	0.000000	1.000000	0.074310	0.005131	0.011231	-0.045556	0.964532
	0.000000	0.000000	0.000000	0.000000	1.000000	0.038321	0.088961	-0.000499	-0.081563	0.946164
	0.000000	0.000000	0.000000	0.000000	1.000000	0.006178	0.052878	-0.015341	-0.053847	0.988342
	0.000000	0.000000	0.000000	0.000000	1.000000	0.052522	-0.028104	0.010506	-0.017425	0.996761
	0.000000	0.000000	0.000000	0.000000	1.000000	-0.040575	-0.052805	-0.003453	0.011647	1.079344
	0.000000	0.000000	0.000000	0.000000	1.000000	0.010519	0.066489	-0.020482	-0.037276	0.951555
	0.000000	0.000000	0.000000	0.000000	1.000000	-0.025923	-0.016428	-0.005928	0.034284	1.008217
	0.000000	0.000000	0.000000	0.000000	1.000000	-0.015914	-0.034111	0.002316	-0.008006	1.052308
	0.000000	0.000000	0.000000	0.000000	1.000000	-0.005651	0.035269	-0.015581	-0.041961	1.002509
	0.000000	0.000000	0.000000	0.000000	1.000000	-0.021058	-0.028000	0.001067	-0.012242	1.054364
	0.000000	0.000000	0.000000	0.000000	1.000000	-0.014486	-0.027078	0.001469	-0.013724	1.048223
	0.000000	0.000000	0.000000	0.000000	1.000000	-0.022700	-0.015773	-0.004479	0.019808	1.015361
	0.000000	0.000000	0.000000	0.000000	1.000000	-0.009978	0.088661	-0.017779	-0.011978	0.930300
	0.000000	0.000000	0.000000	0.000000	1.000000	0.080526	-0.035760	0.003159	0.055565	0.908891
	0.000000	0.000000	0.000000	0.000000	1.000000	0.004010	-0.032886	0.001422	0.076129	0.962195
	0.000000	0.000000	0.000000	0.000000	1.000000	0.009817	0.038351	0.004263	0.010345	0.934680
	0.000000	0.000000	0.000000	0.000000	1.000000	-0.029828	-0.007561	0.000787	-0.018201	1.045639
	0.000000	0.000000	0.000000	0.000000	1.000000	-0.033837	-0.053649	0.008527	-0.002628	1.083000
	0.000000	0.000000	0.000000	0.000000	1.000000	-0.035775	-0.019266	-0.005109	-0.008375	1.054749
	0.000000	0.000000	0.000000	0.000000	1.000000	0.037070	-0.031538	0.014474	-0.016297	1.018462
	0.000000	0.000000	0.000000	0.000000	1.000000	-0.016963	-0.019957	0.006841	-0.021648	1.047814
	0.000000	0.000000	0.000000	0.000000	1.000000	-0.036424	-0.033774	0.003614	-0.004691	1.065227
	0.000000	0.000000	0.000000	0.000000	1.000000	0.019667	0.003547	0.006779	-0.046716	1.019860
	0.000000	0.000000	0.000000	0.000000	1.000000	-0.000463	0.071872	-0.005925	-0.027375	0.946535
	0.000000	0.000000	0.000000	0.000000	1.000000	-0.012850	-0.025987	0.006592	0.005236	1.031197
	0.000000	0.000000	0.000000	0.000000	1.000000	-0.034250	-0.042251	0.003307	0.004937	1.058659
	0.000000	0.000000	0.000000	0.000000	1.000000	-0.012227	-0.017306	0.011676	-0.011912	1.035056
	0.000000	0.000000	0.000000	0.000000	1.000000	-0.029091	-0.064455	0.002426	0.006758	1.085667
	0.000000	0.000000	0.000000	0.000000	1.000000	-0.026847	-0.017919	-0.016420	0.001034	1.042195
	0.000000	0.000000	0.000000	0.000000	1.000000	-0.012934	0.018148	-0.012350	-0.017777	1.007348
	0.000000	0.000000	0.000000	0.000000	1.000000	0.190360	-0.024808	0.002678	0.054242	0.784090
	0.000000	0.000000	0.000000	0.000000	1.000000	0.004917	0.025890	0.027056	-0.054801	1.008630
	0.000000	0.000000	0.000000	0.000000	1.000000	-0.014158	-0.046219	0.009543	-0.006665	1.061456
	0.000000	0.000000	0.000000	0.000000	1.000000	-0.037881	-0.039715	-0.010893	0.006995	1.067932
	0.000000	0.000000	0.000000	0.000000	1.000000	0.002807	0.034049	-0.026281	-0.043170	1.000281
	0.000000	0.000000	0.000000	0.000000	1.000000	0.002556	-0.052229	0.005626	-0.006657	1.058564
	0.000000	0.000000	0.000000	0.000000	1.000000	0.015707	0.108791	0.003404	-0.048947	0.912157
	0.000000	0.000000	0.000000	0.000000	1.000000	0.009739	0.032628	0.011393	0.000935	0.943370
	0.000000	0.000000	0.000000	0.000000	1.000000	-0.047629	-0.050535	-0.002488	0.025371	1.073054
	0.000000	0.000000	0.000000	0.000000	1.000000	-0.007444	0.007825	-0.009014	-0.026306	1.019866
	0.000000	0.000000	0.000000	0.000000	1.000000	-0.036209	-0.008797	-0.009262	0.000424	1.040074
	0.000000	0.000000	0.000000	0.000000	1.000000	0.000789	-0.000828	0.015320	0.012428	0.985421
	0.000000	0.000000	0.000000	0.000000	1.000000	-0.006379	0.047315	0.007027	-0.039846	0.987962
	0.000000	0.000000	0.000000	0.000000	1.000000	0.021757	-0.008829	0.005040	-0.027497	1.005293
	0.000000	0.000000	0.000000	0.000000	1.000000	-0.044134	0.098810	0.011193	0.041995	0.907657
	0.000000	0.000000	0.000000	0.000000	1.000000	0.028755	0.042987	0.001580	-0.037228	0.951952
	0.000000	0.000000	0.000000	0.000000	1.000000	0.010245	0.027315	-0.004059	-0.010864	0.961549
	0.000000	0.000000	0.000000	0.000000	1.000000	0.252515	-0.010695	-0.002407	0.167667	0.592397
	0.000000	0.000000	0.000000	0.000000	1.000000	-0.067269	0.055742	0.045479	0.036215	0.955175
	0.000000	0.000000	0.000000	0.000000	1.000000	0.101159	0.022749	0.054857	-0.090869	0.937334
	0.000000	0.000000	0.000000	0.000000	1.000000	-0.034610	0.128948	0.033503	-0.026655	0.921294
	0.000000	0.000000	0.000000	0.000000	1.000000	-0.019943	0.018212	0.046527	-0.001837	0.956208
	0.000000	0.000000	0.000000	0.000000	1.000000	-0.039507	0.031748	0.001856	0.059026	0.955109
	0.000000	0.000000	0.000000	0.000000	1.000000	-0.030650	-0.014683	-0.007940	-0.014579	1.051480
	0.000000	0.000000	0.000000	0.000000	1.000000	0.009923	-0.020327	0.040572	-0.068853	1.043851
	0.000000	0.000000	0.000000	0.000000	1.000000	0.026263	0.008968	0.009570	-0.074661	1.030681
	0.000000	0.000000	0.000000	0.000000	1.000000	0.142804	0.031220	0.027429	-0.066070	0.900858
	0.000000	0.000000	0.000000	0.000000	1.000000	-0.013246	0.004727	-0.001355	-0.009054	1.012045
	0.000000	0.000000	0.000000	0.000000	1.000000	0.055917	-0.013853	0.027741	-0.088308	1.048308
	0.000000	0.000000	0.000000	0.000000	1.000000	0.069683	-0.021755	0.027159	-0.084832	1.045481
	0.000000	0.000000	0.000000	0.000000	1.000000	-0.000506	0.071730	0.047230	0.085367	0.764012
	1.000000	0.000000	0.000000	0.000000	0.000000	0.618266	-0.048912	-0.058558	0.239006	0.191889
	1.000000	0.000000	0.000000	0.000000	0.000000	0.476771	-0.013508	-0.019648	0.027800	0.433284
	1.000000	0.000000	0.000000	0.000000	0.000000	0.737942	-0.026906	-0.041457	0.155714	0.146431
	1.000000	0.000000	0.000000	0.000000	0.000000	0.944216	0.028500	0.030599	-0.125782	0.241293
	1.000000	0.000000	0.000000	0.000000	0.000000	0.834394	-0.036997	-0.045339	0.141239	0.052415
	1.000000	0.000000	0.000000	0.000000	0.000000	0.915416	-0.008928	-0.016905	0.005011	0.116140
	1.000000	0.000000	0.000000	0.000000	0.000000	0.886407	-0.025288	-0.021488	0.029063	0.120446
	1.000000	0.000000	0.000000	0.000000	0.000000	0.821264	0.025066	-0.027514	0.210207	-0.018791
	1.000000	0.000000	0.000000	0.000000	0.000000	0.926276	-0.005828	-0.042211	0.125619	-0.021308
	1.000000	0.000000	0.000000	0.000000	0.000000	0.310912	-0.035771	-0.009185	0.048804	0.703577
	1.000000	0.000000	0.000000	0.000000	0.000000	0.315542	0.405269	0.015036	0.329662	-0.056325
	1.000000	0.000000	0.000000	0.000000	0.000000	0.681501	-0.013813	0.002504	-0.039582	0.430417
	1.000000	0.000000	0.000000	0.000000	0.000000	0.350795	0.001716	0.024236	-0.091577	0.768054
	1.000000	0.000000	0.000000	0.000000	0.000000	0.440604	0.012120	0.051667	-0.050611	0.646205
	1.000000	0.000000	0.000000	0.000000	0.000000	0.685037	-0.008731	-0.015801	0.066481	0.169320
	1.000000	0.000000	0.000000	0.000000	0.000000	0.402024	-0.036861	0.016882	0.280835	0.152178
	0.000000	1.000000	0.000000	0.000000	0.000000	-0.000276	1.031883	0.016639	0.018634	-0.078795
	0.000000	1.000000	0.000000	0.000000	0.000000	0.001169	0.957244	-0.056365	0.044688	0.028501
	0.000000	1.000000	0.000000	0.000000	0.000000	0.022604	0.878800	0.117936	0.069509	-0.165714
	0.000000	1.000000	0.000000	0.000000	0.000000	0.046873	0.970611	0.026064	0.055942	-0.128872
	0.000000	1.000000	0.000000	0.000000	0.000000	-0.012122	0.999799	-0.042402	0.051778	-0.007157
	0.000000	1.000000	0.000000	0.000000	0.000000	0.111533	0.729446	0.075626	-0.064825	0.183916
	0.000000	1.000000	0.000000	0.000000	0.000000	0.068064	0.701002	-0.032121	0.009065	0.191938
	0.000000	1.000000	0.000000	0.000000	0.000000	-0.053849	0.749702	-0.089193	0.153859	0.226627
	0.000000	1.000000	0.000000	0.000000	0.000000	0.004699	1.031896	-0.011953	-0.011894	-0.014242
	0.000000	1.000000	0.000000	0.000000	0.000000	-0.004812	1.045607	-0.007971	-0.002493	-0.026628
	0.000000	1.000000	0.000000	0.000000	0.000000	0.018445	1.043113	0.035869	-0.049232	-0.032987
	0.000000	1.000000	0.000000	0.000000	0.000000	0.052985	0.961017	-0.036918	-0.060803	0.058759
	0.000000	1.000000	0.000000	0.000000	0.000000	0.002256	1.016505	-0.028660	0.005426	-0.004947
	0.000000	1.000000	0.000000	0.000000	0.000000	0.008996	0.998066	-0.029595	-0.004631	0.014249
	0.000000	1.000000	0.000000	0.000000	0.000000	-0.129121	0.951518	-0.045074	0.270463	-0.003348
	0.000000	1.000000	0.000000	0.000000	0.000000	-0.140146	0.867283	0.364523	-0.188085	0.265746
	0.000000	1.000000	0.000000	0.000000	0.000000	0.002634	1.034710	-0.006845	-0.013376	-0.015959
	0.000000	1.000000	0.000000	0.000000	0.000000	-0.016506	1.040672	0.017579	-0.045614	0.003967
	0.000000	1.000000	0.000000	0.000000	0.000000	-0.020097	1.067020	0.011872	-0.002977	-0.051624
	0.000000	1.000000	0.000000	0.000000	0.000000	0.220888	0.963410	0.018453	-0.091517	-0.056512
	0.000000	1.000000	0.000000	0.000000	0.000000	0.000754	1.041998	-0.010870	0.001390	-0.034454
	0.000000	1.000000	0.000000	0.000000	0.000000	0.040795	0.959380	-0.017746	-0.056212	0.061598
	0.000000	1.000000	0.000000	0.000000	0.000000	-0.017384	1.034624	0.013418	-0.048206	0.012055
	0.000000	1.000000	0.000000	0.000000	0.000000	-0.012995	1.016146	-0.001525	-0.001742	0.010525
	0.000000	1.000000	0.000000	0.000000	0.000000	-0.010295	1.058670	0.001817	0.003870	-0.045110
	0.000000	1.000000	0.000000	0.000000	0.000000	-0.057467	0.879703	-0.040318	0.110509	0.128649
	0.000000	1.000000	0.000000	0.000000	0.000000	0.034646	1.005807	0.000643	-0.085960	0.039015
	0.000000	1.000000	0.000000	0.000000	0.000000	-0.005506	0.957455	-0.009940	0.011749	0.050756
	0.000000	1.000000	0.000000	0.000000	0.000000	-0.006092	1.048401	-0.008267	-0.004622	-0.024342
	0.000000	1.000000	0.000000	0.000000	0.000000	0.009097	0.937142	-0.003430	-0.014884	0.066822
	0.000000	1.000000	0.000000	0.000000	0.000000	-0.056200	0.912207	-0.042114	0.188943	-0.002322
	0.000000	1.000000	0.000000	0.000000	0.000000	-0.041900	0.862004	-0.003530	0.143023	0.027926
	0.000000	1.000000	0.000000	0.000000	0.000000	-0.006220	1.040959	0.010049	-0.014143	-0.027837
	0.000000	1.000000	0.000000	0.000000	0.000000	-0.007414	1.074919	0.004316	-0.010282	-0.054646
	0.000000	1.000000	0.000000	0.000000	0.000000	-0.184880	0.710722	0.357892	-0.071920	0.228359
	0.000000	0.000000	1.000000	0.000000	0.000000	-0.080002	-0.022784	0.937547	0.060688	0.102339
	0.000000	0.000000	1.000000	0.000000	0.000000	-0.022903	-0.035866	0.932180	0.115329	0.015916
	0.000000	0.000000	1.000000	0.000000	0.000000	0.038472	0.068015	1.056352	-0.132359	-0.021380
	0.000000	0.000000	1.000000	0.000000	0.000000	0.076653	0.046998	0.884896	0.019889	-0.036632
	0.000000	0.000000	1.000000	0.000000	0.000000	-0.050591	0.048640	0.939714	0.038283	-0.024680
	0.000000	0.000000	1.000000	0.000000	0.000000	0.027348	0.019358	0.942011	0.036455	-0.030899
	0.000000	0.000000	1.000000	0.000000	0.000000	-0.078435	-0.013250	0.547291	0.529589	0.013251
	0.000000	0.000000	1.000000	0.000000	0.000000	-0.010627	0.065917	1.009400	-0.044739	-0.061387
	0.000000	0.000000	1.000000	0.000000	0.000000	-0.008956	-0.015497	1.013890	-0.015477	0.022774
	0.000000	0.000000	1.000000	0.000000	0.000000	0.026753	-0.008083	0.846386	0.154303	-0.015191
	0.000000	0.000000	1.000000	0.000000	0.000000	0.200400	0.085110	0.827826	-0.005025	-0.062810
	0.000000	0.000000	1.000000	0.000000	0.000000	0.016351	-0.034323	0.793991	0.237988	-0.003142
	0.000000	0.000000	1.000000	0.000000	0.000000	0.019038	0.014572	1.053399	-0.091367	0.008057
	0.000000	0.000000	1.000000	0.000000	0.000000	-0.262389	0.090456	0.119890	0.924470	0.231317
	0.000000	0.000000	1.000000	0.000000	0.000000	-0.022858	-0.018485	1.013915	-0.009166	0.036177
	0.000000	0.000000	1.000000	0.000000	0.000000	0.038196	0.068215	1.053942	-0.136475	-0.007972
	0.000000	0.000000	0.000000	1.000000	0.000000	0.114926	0.012146	0.212740	0.790036	-0.097816
	0.000000	0.000000	0.000000	1.000000	0.000000	0.001131	-0.067405	-0.022906	0.628236	0.359153
	0.000000	0.000000	0.000000	1.000000	0.000000	-0.203114	0.097377	-0.074110	1.013755	0.214990
	0.000000	0.000000	0.000000	1.000000	0.000000	-0.166806	-0.016344	-0.045321	1.110170	0.053550
	0.000000	0.000000	0.000000	1.000000	0.000000	0.024723	-0.037133	0.021679	0.915883	0.007464
	0.000000	0.000000	0.000000	1.000000	0.000000	-0.145743	-0.025222	-0.073805	0.974473	0.254473
	0.000000	0.000000	0.000000	1.000000	0.000000	0.132423	0.045373	-0.030280	0.808494	-0.018300
	0.000000	0.000000	0.000000	1.000000	0.000000	0.107351	-0.023835	0.087786	0.944140	-0.096122
	0.000000	0.000000	0.000000	1.000000	0.000000	-0.146824	-0.030145	0.060712	1.047839	0.030277
	0.000000	0.000000	0.000000	1.000000	0.000000	-0.114917	-0.005020	-0.064521	1.088236	0.020690
	0.000000	0.000000	0.000000	1.000000	0.000000	0.171254	-0.001013	0.221303	0.804206	-0.120868
	0.000000	0.000000	0.000000	1.000000	0.000000	-0.039478	-0.056047	0.074803	1.038240	-0.036376
	0.000000	0.000000	0.000000	1.000000	0.000000	-0.230291	-0.039495	-0.007400	1.143002	0.108843
	0.000000	0.000000	0.000000	1.000000	0.000000	0.009468	-0.068511	0.509977	0.654426	-0.037318
	0.000000	0.000000	0.000000	1.000000	0.000000	-0.069810	-0.023687	0.260467	0.831543	0.004163
	0.000000	0.000000	0.000000	0.000000	1.000000	0.001773	-0.032341	0.014027	0.009955	1.026655
	0.000000	0.000000	0.000000	0.000000	1.000000	-0.039069	-0.007133	-0.000201	0.079470	0.985118
	0.000000	0.000000	0.000000	0.000000	1.000000	-0.020585	-0.016806	-0.000216	-0.009208	1.040246
	0.000000	0.000000	0.000000	0.000000	1.000000	0.000881	-0.010070	0.014131	-0.051757	1.044862
	0.000000	0.000000	0.000000	0.000000	1.000000	0.052590	0.055933	0.008300	-0.039362	0.919666
	0.000000	0.000000	0.000000	0.000000	1.000000	0.028366	-0.047746	0.017057	-0.039962	1.061614
	0.000000	0.000000	0.000000	0.000000	1.000000	-0.010054	-0.022666	-0.006332	0.098403	0.948425
	0.000000	0.000000	0.000000	0.000000	1.000000	-0.009020	-0.014492	0.003961	-0.019690	1.038048
	0.000000	0.000000	0.000000	0.000000	1.000000	0.152978	0.016328	0.046005	-0.094600	0.948913
	0.000000	0.000000	0.000000	0.000000	1.000000	0.425651	-0.019175	-0.024593	0.053865	0.499009
	0.000000	0.000000	0.000000	0.000000	1.000000	-0.024546	0.004121	-0.010886	-0.012403	1.025512
	0.000000	0.000000	0.000000	0.000000	1.000000	-0.023769	-0.035330	0.023194	-0.015412	1.064326
	0.000000	0.000000	0.000000	0.000000	1.000000	-0.006343	0.007295	-0.002116	-0.037304	1.024098
	0.000000	0.000000	0.000000	0.000000	1.000000	-0.039861	-0.070746	0.000824	0.021973	1.091525
	0.000000	0.000000	0.000000	0.000000	1.000000	0.010351	0.013372	0.000461	-0.037937	1.005372
	0.000000	0.000000	0.000000	0.000000	1.000000	0.000210	-0.071348	-0.018364	0.090458	0.994605
	0.000000	0.000000	0.000000	0.000000	1.000000	-0.013983	-0.030037	0.011405	0.019620	1.026101
	0.000000	0.000000	0.000000	0.000000	1.000000	-0.059864	0.098822	-0.019723	0.078355	0.905810
	0.000000	0.000000	0.000000	0.000000	1.000000	-0.008412	0.019537	0.001323	-0.054496	1.029611
	0.000000	0.000000	0.000000	0.000000	1.000000	-0.023780	-0.028930	-0.005888	0.114692	0.948982
	0.000000	0.000000	0.000000	0.000000	1.000000	0.003278	-0.032803	0.005514	-0.023987	1.049173
	0.000000	0.000000	0.000000	0.000000	1.000000	-0.027128	-0.027464	0.000013	-0.026758	1.068207
	0.000000	0.000000	0.000000	0.000000	1.000000	0.078829	0.028379	0.022769	-0.110981	1.012861
	0.000000	0.000000	0.000000	0.000000	1.000000	0.017170	-0.037006	0.008597	0.014890	1.011791
	0.000000	0.000000	0.000000	0.000000	1.000000	-0.011951	0.004893	-0.002320	-0.039922	1.035840
	0.000000	0.000000	0.000000	0.000000	1.000000	0.026967	-0.009467	0.022873	-0.085288	1.054795
	0.000000	0.000000	0.000000	0.000000	1.000000	0.017083	-0.025492	0.017046	-0.064536	1.065056
	0.000000	0.000000	0.000000	0.000000	1.000000	0.141031	-0.034449	-0.007603	0.097338	0.798023
	0.000000	0.000000	0.000000	0.000000	1.000000	-0.015450	-0.055375	0.009435	-0.024804	1.088394
	0.000000	0.000000	0.000000	0.000000	1.000000	-0.035262	-0.043129	0.001268	0.001534	1.070983
	0.000000	0.000000	0.000000	0.000000	1.000000	-0.051879	-0.073055	-0.006397	0.065368	1.074944
	0.000000	0.000000	0.000000	0.000000	1.000000	0.019130	-0.001404	-0.006688	-0.018309	0.999728
	0.000000	0.000000	0.000000	0.000000	1.000000	-0.028680	-0.043910	-0.000227	-0.014507	1.079852
	0.000000	0.000000	0.000000	0.000000	1.000000	-0.029659	-0.020014	-0.010557	-0.009008	1.051491
	0.000000	0.000000	0.000000	0.000000	1.000000	0.029523	-0.043815	0.010639	0.008115	1.013037
	0.000000	0.000000	0.000000	0.000000	1.000000	0.024281	0.144379	-0.015850	-0.033670	0.855077
	0.000000	0.000000	0.000000	0.000000	1.000000	0.007742	0.029854	0.003554	-0.067668	1.016666
	0.000000	0.000000	0.000000	0.000000	1.000000	0.034581	0.175142	-0.018090	-0.056195	0.840023
	0.000000	0.000000	0.000000	0.000000	1.000000	0.030435	0.134776	-0.022380	-0.063986	0.894017
	0.000000	0.000000	0.000000	0.000000	1.000000	0.017536	0.030716	0.017438	-0.042915	0.980354
	0.000000	0.000000	0.000000	0.000000	1.000000	0.030927	0.111047	-0.039774	-0.066624	0.921507
	0.000000	0.000000	0.000000	0.000000	1.000000	-0.015151	0.027067	-0.007640	0.021044	0.967149
	0.000000	0.000000	0.000000	0.000000	1.000000	-0.005572	-0.059586	-0.002125	0.018647	1.052032
	0.000000	0.000000	0.000000	0.000000	1.000000	0.026909	0.003963	0.014065	-0.053003	1.015176
	0.000000	0.000000	0.000000	0.000000	1.000000	-0.062215	-0.029098	-0.007838	0.040170	1.059074
	0.000000	0.000000	0.000000	0.000000	1.000000	-0.013853	-0.000870	0.004251	-0.052694	1.049990
	0.000000	0.000000	0.000000	0.000000	1.000000	0.009066	-0.024443	-0.002766	-0.018589	1.036358
	0.000000	0.000000	0.000000	0.000000	1.000000	-0.005262	0.015618	0.001713	-0.006990	0.990583
	0.000000	0.000000	0.000000	0.000000	1.000000	0.024517	0.083970	-0.013970	-0.075387	0.959181
	0.000000	0.000000	0.000000	0.000000	1.000000	-0.024507	-0.035196	0.001586	0.010796	1.046644
	0.000000	0.000000	0.000000	0.000000	1.000000	0.041912	-0.017037	0.017404	-0.069208	1.046528
	0.000000	0.000000	0.000000	0.000000	1.000000	-0.017977	0.024321	-0.012536	-0.030391	1.014901
	0.000000	0.000000	0.000000	0.000000	1.000000	0.073727	0.002741	0.018179	-0.051276	0.968748
	0.000000	0.000000	0.000000	0.000000	1.000000	-0.008693	-0.017486	0.002967	-0.025162	1.041399
	0.000000	0.000000	0.000000	0.000000	1.000000	-0.083492	-0.012319	0.036955	0.044998	1.040734
	0.000000	0.000000	0.000000	0.000000	1.000000	0.016708	0.003404	0.000476	-0.012538	0.988370
	0.000000	0.000000	0.000000	0.000000	1.000000	0.010898	0.022168	0.005502	-0.055452	1.011503
	0.000000	0.000000	0.000000	0.000000	1.000000	0.004665	-0.048061	0.011537	-0.003533	1.044196
	0.000000	0.000000	0.000000	0.000000	1.000000	0.100407	0.000597	0.042960	-0.128222	1.047032
	0.000000	0.000000	0.000000	0.000000	1.000000	0.034708	-0.022739	0.019048	-0.072596	1.059246
	0.000000	0.000000	0.000000	0.000000	1.000000	-0.009052	-0.035686	0.013417	-0.025296	1.062583
