	1.000000	0.000000	0.000000	0.000000	0.000000	1.000585	-0.014088	0.011235	-0.068245	0.059418
	1.000000	0.000000	0.000000	0.000000	0.000000	0.956176	-0.043554	-0.040137	0.045748	0.057209
	1.000000	0.000000	0.000000	0.000000	0.000000	1.074593	-0.048890	-0.020249	-0.027438	-0.080190
	1.000000	0.000000	0.000000	0.000000	0.000000	1.067842	-0.030790	-0.048262	0.028625	-0.071399
	1.000000	0.000000	0.000000	0.000000	0.000000	0.902969	-0.037309	-0.043707	0.090060	0.072931
	1.000000	0.000000	0.000000	0.000000	0.000000	0.946663	-0.014921	-0.016756	-0.011844	0.089643
	1.000000	0.000000	0.000000	0.000000	0.000000	0.861890	-0.027825	-0.039101	0.114952	0.078039
	1.000000	0.000000	0.000000	0.000000	0.000000	1.023262	-0.021403	-0.043365	0.073254	-0.079856
	1.000000	0.000000	0.000000	0.000000	0.000000	0.944738	-0.020038	-0.006127	-0.062251	0.160264
	1.000000	0.000000	0.000000	0.000000	0.000000	1.003689	-0.024309	-0.042807	0.157290	-0.132272
	1.000000	0.000000	0.000000	0.000000	0.000000	0.934022	-0.008202	-0.009445	-0.048381	0.131885
	1.000000	0.000000	0.000000	0.000000	0.000000	0.999904	-0.033369	-0.008561	-0.044746	0.010970
	1.000000	0.000000	0.000000	0.000000	0.000000	0.930807	-0.032221	-0.058396	0.157676	-0.032596
	1.000000	0.000000	0.000000	0.000000	0.000000	0.527285	0.186186	0.053608	-0.038846	0.294901
	0.000000	1.000000	0.000000	0.000000	0.000000	0.025887	1.028991	0.008532	-0.045756	-0.027067
	0.000000	1.000000	0.000000	0.000000	0.000000	-0.003615	1.028640	-0.018789	0.029533	-0.039273
	0.000000	1.000000	0.000000	0.000000	0.000000	-0.005573	1.046410	0.013846	-0.039086	-0.018660
	0.000000	1.000000	0.000000	0.000000	0.000000	-0.016475	1.026395	-0.029918	0.052969	-0.028455
	0.000000	1.000000	0.000000	0.000000	0.000000	0.033901	1.046886	0.004046	-0.052464	-0.028315
	0.000000	1.000000	0.000000	0.000000	0.000000	0.005932	0.993048	-0.030698	0.040013	-0.027132
	0.000000	1.000000	0.000000	0.000000	0.000000	0.020638	0.932657	-0.038397	0.008986	0.049818
	0.000000	1.000000	0.000000	0.000000	0.000000	-0.004031	0.945161	-0.041754	0.099906	-0.015247
	0.000000	1.000000	0.000000	0.000000	0.000000	-0.016189	1.050135	-0.004691	0.038098	-0.063141
	0.000000	1.000000	0.000000	0.000000	0.000000	0.009393	1.026527	-0.020916	0.037791	-0.070980
	0.000000	1.000000	0.000000	0.000000	0.000000	0.032958	1.013565	-0.001663	-0.033241	-0.014894
	0.000000	1.000000	0.000000	0.000000	0.000000	0.011391	1.054480	-0.019293	0.015059	-0.070503
	0.000000	1.000000	0.000000	0.000000	0.000000	-0.003937	1.029131	0.015986	-0.029614	-0.012818
	0.000000	1.000000	0.000000	0.000000	0.000000	0.001773	1.031702	-0.012935	0.002902	-0.023073
	0.000000	1.000000	0.000000	0.000000	0.000000	0.027816	1.000761	-0.024800	-0.021978	0.004687
	0.000000	1.000000	0.000000	0.000000	0.000000	0.005781	1.051290	0.004056	-0.017832	-0.042719
	0.000000	1.000000	0.000000	0.000000	0.000000	0.084785	0.850331	-0.038132	-0.062919	0.121727
	0.000000	1.000000	0.000000	0.000000	0.000000	0.050472	0.950739	-0.042604	-0.028113	0.035954
	0.000000	1.000000	0.000000	0.000000	0.000000	-0.004678	0.996699	0.047349	0.002624	-0.052388
	0.000000	1.000000	0.000000	0.000000	0.000000	0.040310	0.994181	-0.037988	-0.022679	0.001343
	0.000000	1.000000	0.000000	0.000000	0.000000	0.012064	1.063299	0.047106	-0.061212	-0.052874
	0.000000	1.000000	0.000000	0.000000	0.000000	-0.014022	0.839915	-0.058081	0.088793	0.128139
	0.000000	1.000000	0.000000	0.000000	0.000000	-0.003943	0.854794	-0.038213	0.039193	0.136460
	0.000000	1.000000	0.000000	0.000000	0.000000	0.068759	0.928452	0.104333	-0.131267	0.047442
	0.000000	1.000000	0.000000	0.000000	0.000000	0.024399	1.065972	-0.003919	-0.038928	-0.046615
	0.000000	1.000000	0.000000	0.000000	0.000000	0.094569	1.058418	0.000646	-0.114916	-0.032679
	0.000000	1.000000	0.000000	0.000000	0.000000	0.056883	1.038516	0.052857	-0.093389	-0.039374
	0.000000	1.000000	0.000000	0.000000	0.000000	-0.058532	0.978979	-0.003524	0.099560	-0.029164
	0.000000	1.000000	0.000000	0.000000	0.000000	0.076443	0.906126	0.004963	-0.008786	-0.004787
	0.000000	1.000000	0.000000	0.000000	0.000000	0.037302	0.928298	-0.001500	0.001664	-0.005994
	0.000000	1.000000	0.000000	0.000000	0.000000	0.054744	0.995284	0.040264	-0.011527	-0.084180
	0.000000	1.000000	0.000000	0.000000	0.000000	0.074648	0.987351	-0.033351	-0.076488	0.025815
	0.000000	1.000000	0.000000	0.000000	0.000000	-0.012374	1.083369	0.000107	0.005948	-0.065147
	0.000000	1.000000	0.000000	0.000000	0.000000	-0.016651	1.014491	0.029807	0.002768	-0.049503
	0.000000	1.000000	0.000000	0.000000	0.000000	0.092780	0.525346	0.055639	0.241264	-0.038968
	0.000000	1.000000	0.000000	0.000000	0.000000	0.032235	0.994306	-0.028684	-0.027976	0.014241
	0.000000	1.000000	0.000000	0.000000	0.000000	0.008192	1.009633	-0.028120	0.042214	-0.037051
	0.000000	1.000000	0.000000	0.000000	0.000000	0.008860	1.049543	0.010429	-0.022977	-0.050252
	0.000000	1.000000	0.000000	0.000000	0.000000	-0.003774	1.076641	-0.007324	0.005560	-0.064463
	0.000000	0.000000	1.000000	0.000000	0.000000	0.033355	0.049638	1.015201	-0.060018	-0.045418
	0.000000	0.000000	1.000000	0.000000	0.000000	-0.031733	0.113622	0.979934	-0.044767	-0.074512
	0.000000	0.000000	1.000000	0.000000	0.000000	-0.004707	0.013266	1.030860	-0.039750	-0.012982
	0.000000	0.000000	1.000000	0.000000	0.000000	-0.007956	0.030235	0.874606	0.113617	-0.028735
	0.000000	0.000000	1.000000	0.000000	0.000000	0.016106	0.013864	1.050570	-0.070357	-0.012318
	0.000000	0.000000	1.000000	0.000000	0.000000	-0.069533	-0.000237	0.884861	0.173667	0.006883
	0.000000	0.000000	1.000000	0.000000	0.000000	0.019287	-0.009248	1.012039	-0.023964	0.002075
	0.000000	0.000000	1.000000	0.000000	0.000000	0.049110	0.013357	0.951304	0.018037	-0.026593
	0.000000	0.000000	1.000000	0.000000	0.000000	0.084815	0.051951	1.029637	-0.109847	-0.035784
	0.000000	0.000000	1.000000	0.000000	0.000000	-0.042527	-0.030425	0.947276	0.110316	0.023381
	0.000000	0.000000	1.000000	0.000000	0.000000	0.047307	0.053991	0.883677	0.047597	-0.050018
	0.000000	0.000000	1.000000	0.000000	0.000000	-0.026768	-0.028741	1.025666	0.000736	0.026708
	0.000000	0.000000	1.000000	0.000000	0.000000	-0.003319	-0.014949	1.001130	-0.034907	0.055183
	0.000000	0.000000	0.000000	1.000000	0.000000	-0.091060	0.069052	-0.034032	1.037573	-0.036915
	0.000000	0.000000	0.000000	1.000000	0.000000	0.148236	0.082259	0.002189	0.805316	-0.060287
	0.000000	0.000000	0.000000	1.000000	0.000000	0.222883	0.129832	-0.048593	0.637546	0.047538
	0.000000	0.000000	0.000000	1.000000	0.000000	-0.129195	0.190323	-0.080252	0.927493	0.117273
	0.000000	0.000000	0.000000	1.000000	0.000000	0.131770	-0.010788	0.030916	0.864961	-0.050174
	0.000000	0.000000	0.000000	1.000000	0.000000	0.037339	0.037248	-0.035500	0.776177	0.100229
	0.000000	0.000000	0.000000	1.000000	0.000000	0.044937	-0.020515	0.111121	0.968174	-0.085485
	0.000000	0.000000	0.000000	1.000000	0.000000	-0.067479	0.291075	-0.090866	0.841747	0.024431
	0.000000	0.000000	0.000000	1.000000	0.000000	-0.087712	0.008454	-0.047356	1.000671	0.076677
	0.000000	0.000000	0.000000	1.000000	0.000000	-0.111440	0.011587	-0.076920	0.921770	0.236618
	0.000000	0.000000	0.000000	1.000000	0.000000	0.192306	-0.015058	0.155914	0.903379	-0.138810
	0.000000	0.000000	0.000000	1.000000	0.000000	0.023484	-0.010282	0.086699	1.000584	-0.094067
	0.000000	0.000000	0.000000	1.000000	0.000000	-0.006135	0.058719	-0.021676	0.985078	-0.061858
	0.000000	0.000000	0.000000	1.000000	0.000000	0.194336	-0.035566	0.141923	0.981348	-0.147820
	0.000000	0.000000	0.000000	1.000000	0.000000	-0.070888	-0.002189	-0.014240	1.083448	-0.048003
	0.000000	0.000000	0.000000	1.000000	0.000000	0.044420	-0.001725	0.067358	1.021142	-0.111051
	0.000000	0.000000	0.000000	0.000000	1.000000	0.015710	-0.002352	0.007126	0.002828	0.989870
	0.000000	0.000000	0.000000	0.000000	1.000000	0.071938	-0.027941	0.000198	0.036722	0.937309
	0.000000	0.000000	0.000000	0.000000	1.000000	0.067378	0.055575	0.032494	-0.027623	0.895283
	0.000000	0.000000	0.000000	0.000000	1.000000	0.031183	-0.067125	-0.026340	0.118759	0.931317
	0.000000	0.000000	0.000000	0.000000	1.000000	0.129076	0.015741	0.003542	-0.042205	0.899910
	0.000000	0.000000	0.000000	0.000000	1.000000	0.066709	0.110054	-0.007805	-0.089949	0.909073
	0.000000	0.000000	0.000000	0.000000	1.000000	0.013911	0.039301	-0.013365	-0.041179	0.985956
	0.000000	0.000000	0.000000	0.000000	1.000000	0.053430	-0.028302	0.004602	-0.009947	0.988690
	0.000000	0.000000	0.000000	0.000000	1.000000	-0.024537	-0.044767	-0.007450	0.010168	1.064698
	0.000000	0.000000	0.000000	0.000000	1.000000	0.028572	0.078102	-0.028498	-0.036333	0.926886
	0.000000	0.000000	0.000000	0.000000	1.000000	-0.012703	0.001387	-0.017055	0.032619	0.983374
	0.000000	0.000000	0.000000	0.000000	1.000000	-0.003210	-0.020164	-0.005035	-0.012285	1.035716
	0.000000	0.000000	0.000000	0.000000	1.000000	0.026420	0.054867	-0.018871	-0.052460	0.970415
	0.000000	0.000000	0.000000	0.000000	1.000000	-0.002609	-0.015727	-0.003145	-0.017930	1.035520
	0.000000	0.000000	0.000000	0.000000	1.000000	0.013848	-0.012016	-0.004781	-0.019321	1.018446
	0.000000	0.000000	0.000000	0.000000	1.000000	0.008910	0.000939	-0.011842	0.017738	0.976201
	0.000000	0.000000	0.000000	0.000000	1.000000	0.015910	0.108398	-0.026995	-0.014806	0.893139
	0.000000	0.000000	0.000000	0.000000	1.000000	0.100902	-0.025417	-0.008456	0.065571	0.866548
	0.000000	0.000000	0.000000	0.000000	1.000000	0.026518	-0.019761	-0.008819	0.086426	0.917874
	0.000000	0.000000	0.000000	0.000000	1.000000	0.039072	0.062539	-0.003295	-0.004262	0.896191
	0.000000	0.000000	0.000000	0.000000	1.000000	-0.000676	0.011868	-0.000499	-0.031662	1.018168
	0.000000	0.000000	0.000000	0.000000	1.000000	0.003916	-0.040926	0.007150	-0.015566	1.053931
	0.000000	0.000000	0.000000	0.000000	1.000000	-0.002692	0.005178	-0.009501	-0.026091	1.023239
	0.000000	0.000000	0.000000	0.000000	1.000000	0.081070	-0.020723	0.012722	-0.027246	0.983392
	0.000000	0.000000	0.000000	0.000000	1.000000	0.010795	-0.007015	0.004736	-0.030784	1.022863
	0.000000	0.000000	0.000000	0.000000	1.000000	-0.015762	-0.026689	0.000416	-0.004181	1.045484
	0.000000	0.000000	0.000000	0.000000	1.000000	0.050542	0.012944	0.008488	-0.061189	0.997211
	0.000000	0.000000	0.000000	0.000000	1.000000	0.037488	0.109964	-0.020252	-0.043990	0.892333
	0.000000	0.000000	0.000000	0.000000	1.000000	0.013045	-0.027229	0.006898	0.008397	1.008770
	0.000000	0.000000	0.000000	0.000000	1.000000	-0.030589	-0.053212	0.001978	0.024180	1.052912
	0.000000	0.000000	0.000000	0.000000	1.000000	0.017573	-0.004023	0.009986	-0.023272	1.008668
	0.000000	0.000000	0.000000	0.000000	1.000000	-0.012383	-0.063236	-0.002858	0.014112	1.069956
	0.000000	0.000000	0.000000	0.000000	1.000000	-0.011651	-0.012125	-0.018405	0.000452	1.030053
	0.000000	0.000000	0.000000	0.000000	1.000000	0.021477	0.038961	-0.016941	-0.030155	0.972177
	0.000000	0.000000	0.000000	0.000000	1.000000	0.274359	-0.012198	-0.001168	0.051871	0.696158
	0.000000	0.000000	0.000000	0.000000	1.000000	0.049465	0.060903	0.017443	-0.073073	0.958749
	0.000000	0.000000	0.000000	0.000000	1.000000	0.006865	-0.038782	0.005589	-0.010059	1.042624
	0.000000	0.000000	0.000000	0.000000	1.000000	-0.022668	-0.034088	-0.013657	0.007517	1.054998
	0.000000	0.000000	0.000000	0.000000	1.000000	0.030758	0.045220	-0.027278	-0.051297	0.976910
	0.000000	0.000000	0.000000	0.000000	1.000000	0.017421	-0.049857	0.001511	-0.004244	1.045191
	0.000000	0.000000	0.000000	0.000000	1.000000	0.058451	0.152607	-0.014270	-0.064012	0.846169
	0.000000	0.000000	0.000000	0.000000	1.000000	0.036106	0.071104	-0.007431	-0.007854	0.889201
	0.000000	0.000000	0.000000	0.000000	1.000000	-0.026705	-0.040769	-0.005493	0.020130	1.054794
	0.000000	0.000000	0.000000	0.000000	1.000000	0.009448	0.012238	-0.009028	-0.026835	1.006475
	0.000000	0.000000	0.000000	0.000000	1.000000	-0.009193	0.007601	-0.012320	-0.007733	1.013648
	0.000000	0.000000	0.000000	0.000000	1.000000	0.025614	0.017797	0.009695	0.001744	0.954285
	0.000000	0.000000	0.000000	0.000000	1.000000	0.027423	0.075066	0.001602	-0.059406	0.952022
	0.000000	0.000000	0.000000	0.000000	1.000000	0.050940	-0.005295	-0.000156	-0.020009	0.968934
	0.000000	0.000000	0.000000	0.000000	1.000000	-0.013270	0.138537	-0.001911	0.033965	0.848298
	0.000000	0.000000	0.000000	0.000000	1.000000	0.034718	0.065945	-0.014502	-0.036619	0.924900
	0.000000	0.000000	0.000000	0.000000	1.000000	0.022586	0.050636	-0.019268	-0.009143	0.927760
	0.000000	0.000000	0.000000	0.000000	1.000000	0.327401	0.000626	-0.004640	0.171775	0.501371
	0.000000	0.000000	0.000000	0.000000	1.000000	-0.032411	0.057821	0.046425	0.042711	0.894486
	0.000000	0.000000	0.000000	0.000000	1.000000	0.151581	0.019805	0.051366	-0.086328	0.873151
	0.000000	0.000000	0.000000	0.000000	1.000000	-0.000765	0.180572	0.018168	-0.040160	0.856502
	0.000000	0.000000	0.000000	0.000000	1.000000	0.021318	0.001128	0.042989	0.024391	0.891964
	0.000000	0.000000	0.000000	0.000000	1.000000	-0.039863	0.026709	0.005158	0.093487	0.942171
	0.000000	0.000000	0.000000	0.000000	1.000000	-0.003433	0.000512	-0.009409	-0.025727	1.028455
	0.000000	0.000000	0.000000	0.000000	1.000000	0.046490	-0.031616	0.038469	-0.055424	1.002089
	0.000000	0.000000	0.000000	0.000000	1.000000	0.060993	0.017174	0.011612	-0.085570	1.006494
	0.000000	0.000000	0.000000	0.000000	1.000000	0.194763	0.030750	0.029364	-0.069524	0.854212
	0.000000	0.000000	0.000000	0.000000	1.000000	0.002947	0.026895	-0.009398	-0.015382	0.987824
	0.000000	0.000000	0.000000	0.000000	1.000000	0.081433	-0.016331	0.028283	-0.094225	1.032058
	0.000000	0.000000	0.000000	0.000000	1.000000	0.087875	-0.028904	0.025270	-0.083644	1.032154
	0.000000	0.000000	0.000000	0.000000	1.000000	0.023791	0.094735	0.037024	0.104178	0.680505
	1.000000	0.000000	0.000000	0.000000	0.000000	0.592174	-0.051286	-0.063061	0.249407	0.222467
	1.000000	0.000000	0.000000	0.000000	0.000000	0.539635	-0.040371	-0.029940	0.061540	0.366167
	1.000000	0.000000	0.000000	0.000000	0.000000	0.725009	-0.034994	-0.049085	0.169335	0.162816
	1.000000	0.000000	0.000000	0.000000	0.000000	0.953374	-0.010304	0.016040	-0.104077	0.220437
	1.000000	0.000000	0.000000	0.000000	0.000000	0.810300	-0.054954	-0.062663	0.191772	0.054080
	1.000000	0.000000	0.000000	0.000000	0.000000	0.886684	-0.034741	-0.031950	0.042813	0.130576
	1.000000	0.000000	0.000000	0.000000	0.000000	0.871462	-0.047997	-0.042615	0.090969	0.099942
	1.000000	0.000000	0.000000	0.000000	0.000000	0.849166	0.004637	-0.039568	0.240129	-0.043169
	1.000000	0.000000	0.000000	0.000000	0.000000	0.897989	-0.024983	-0.057020	0.177465	-0.016291
	1.000000	0.000000	0.000000	0.000000	0.000000	0.359292	-0.035194	-0.016560	0.060300	0.649626
	1.000000	0.000000	0.000000	0.000000	0.000000	0.318501	0.461216	-0.004431	0.288480	-0.068813
	1.000000	0.000000	0.000000	0.000000	0.000000	0.663996	-0.041952	-0.012180	0.000007	0.426082
	1.000000	0.000000	0.000000	0.000000	0.000000	0.390965	-0.023947	0.012860	-0.068470	0.707170
	1.000000	0.000000	0.000000	0.000000	0.000000	0.442809	0.013129	0.040649	-0.028778	0.597496
	1.000000	0.000000	0.000000	0.000000	0.000000	0.728082	-0.035784	-0.028390	0.099004	0.127957
	1.000000	0.000000	0.000000	0.000000	0.000000	0.580021	-0.037478	0.015497	0.271621	0.039911
	0.000000	1.000000	0.000000	0.000000	0.000000	0.019968	1.045941	0.014953	0.007541	-0.096581
	0.000000	1.000000	0.000000	0.000000	0.000000	0.024602	0.934835	-0.068656	0.043249	0.026653
	0.000000	1.000000	0.000000	0.000000	0.000000	0.080335	0.919280	0.133522	0.004401	-0.171551
	0.000000	1.000000	0.000000	0.000000	0.000000	0.016153	0.977813	0.014699	0.058174	-0.121593
	0.000000	1.000000	0.000000	0.000000	0.000000	0.003831	0.984155	-0.053386	0.056300	-0.010823
	0.000000	1.000000	0.000000	0.000000	0.000000	0.158826	0.763915	0.054305	-0.099661	0.144022
	0.000000	1.000000	0.000000	0.000000	0.000000	0.073474	0.698048	-0.053553	0.008889	0.186868
	0.000000	1.000000	0.000000	0.000000	0.000000	-0.052548	0.669983	-0.085046	0.182615	0.280193
	0.000000	1.000000	0.000000	0.000000	0.000000	0.016360	1.029357	-0.021979	-0.002527	-0.028797
	0.000000	1.000000	0.000000	0.000000	0.000000	0.011414	1.044347	-0.017211	-0.004448	-0.039200
	0.000000	1.000000	0.000000	0.000000	0.000000	0.045450	1.052953	0.036848	-0.073652	-0.049789
	0.000000	1.000000	0.000000	0.000000	0.000000	0.080693	0.940601	-0.049307	-0.064576	0.055625
	0.000000	1.000000	0.000000	0.000000	0.000000	0.015233	1.007650	-0.040020	0.016679	-0.015713
	0.000000	1.000000	0.000000	0.000000	0.000000	0.025389	0.987976	-0.039716	0.002632	0.003304
	0.000000	1.000000	0.000000	0.000000	0.000000	-0.131511	0.922876	-0.064759	0.382214	-0.034488
	0.000000	1.000000	0.000000	0.000000	0.000000	-0.097165	0.820174	0.375573	-0.178049	0.205264
	0.000000	1.000000	0.000000	0.000000	0.000000	0.015323	1.035201	-0.018025	-0.004476	-0.033784
	0.000000	1.000000	0.000000	0.000000	0.000000	0.001731	1.039605	0.020815	-0.058976	-0.008412
	0.000000	1.000000	0.000000	0.000000	0.000000	-0.016598	1.073447	0.008387	0.007606	-0.069090
	0.000000	1.000000	0.000000	0.000000	0.000000	0.249700	0.959668	0.002883	-0.101204	-0.068851
	0.000000	1.000000	0.000000	0.000000	0.000000	0.011209	1.039598	-0.021826	0.008875	-0.047263
	0.000000	1.000000	0.000000	0.000000	0.000000	0.067516	0.952068	-0.032913	-0.058591	0.045535
	0.000000	1.000000	0.000000	0.000000	0.000000	-0.002460	1.032601	0.017310	-0.054240	-0.002144
	0.000000	1.000000	0.000000	0.000000	0.000000	0.001927	1.021246	-0.010842	-0.000701	-0.009256
	0.000000	1.000000	0.000000	0.000000	0.000000	0.001079	1.065547	-0.005379	0.010291	-0.066231
	0.000000	1.000000	0.000000	0.000000	0.000000	-0.025406	0.874476	-0.051738	0.087956	0.112175
	0.000000	1.000000	0.000000	0.000000	0.000000	0.072229	0.995125	-0.002162	-0.112275	0.035090
	0.000000	1.000000	0.000000	0.000000	0.000000	0.026410	0.968415	-0.024127	0.004122	0.014497
	0.000000	1.000000	0.000000	0.000000	0.000000	0.009000	1.047517	-0.016464	-0.005542	-0.036636
	0.000000	1.000000	0.000000	0.000000	0.000000	0.022265	0.930834	-0.018554	-0.004277	0.049688
	0.000000	1.000000	0.000000	0.000000	0.000000	-0.050477	0.902682	-0.060251	0.227338	-0.020616
	0.000000	1.000000	0.000000	0.000000	0.000000	-0.024876	0.884056	-0.025972	0.142082	-0.006577
	0.000000	1.000000	0.000000	0.000000	0.000000	0.006689	1.043489	0.002940	-0.015380	-0.043625
	0.000000	1.000000	0.000000	0.000000	0.000000	-0.002513	1.080319	-0.000704	-0.000899	-0.071698
	0.000000	1.000000	0.000000	0.000000	0.000000	-0.151075	0.739839	0.357098	-0.083701	0.146625
	0.000000	0.000000	1.000000	0.000000	0.000000	-0.078124	-0.020191	0.948691	0.038951	0.111715
	0.000000	0.000000	1.000000	0.000000	0.000000	0.006749	-0.040939	0.932211	0.113129	-0.002727
	0.000000	0.000000	1.000000	0.000000	0.000000	0.068084	0.083045	1.050740	-0.138213	-0.049288
	0.000000	0.000000	1.000000	0.000000	0.000000	0.084894	0.066179	0.874687	0.012432	-0.052928
	0.000000	0.000000	1.000000	0.000000	0.000000	-0.066436	0.079674	0.916152	0.052426	-0.035077
	0.000000	0.000000	1.000000	0.000000	0.000000	0.061431	0.049014	0.922849	0.032814	-0.068159
	0.000000	0.000000	1.000000	0.000000	0.000000	-0.031459	-0.004002	0.543995	0.536356	-0.030174
	0.000000	0.000000	1.000000	0.000000	0.000000	-0.006514	0.082920	0.990351	-0.018882	-0.085004
	0.000000	0.000000	1.000000	0.000000	0.000000	0.005246	-0.024426	1.013553	-0.011237	0.013418
	0.000000	0.000000	1.000000	0.000000	0.000000	0.045494	-0.009740	0.833222	0.176197	-0.034585
	0.000000	0.000000	1.000000	0.000000	0.000000	0.269172	0.120056	0.827660	-0.046327	-0.097783
	0.000000	0.000000	1.000000	0.000000	0.000000	0.049372	-0.047329	0.799932	0.234808	-0.017509
	0.000000	0.000000	1.000000	0.000000	0.000000	0.042117	0.018496	1.051912	-0.096813	-0.012452
	0.000000	0.000000	1.000000	0.000000	0.000000	-0.256090	0.166354	0.102494	0.900796	0.186854
	0.000000	0.000000	1.000000	0.000000	0.000000	-0.014658	-0.019175	1.009280	-0.002503	0.025444
	0.000000	0.000000	1.000000	0.000000	0.000000	0.075391	0.091709	1.048442	-0.149016	-0.039449
	0.000000	0.000000	0.000000	1.000000	0.000000	0.204136	0.047414	0.198983	0.776186	-0.145069
	0.000000	0.000000	0.000000	1.000000	0.000000	0.036094	-0.035870	-0.023283	0.633416	0.281620
	0.000000	0.000000	0.000000	1.000000	0.000000	-0.199066	0.149916	-0.081179	0.986554	0.199014
	0.000000	0.000000	0.000000	1.000000	0.000000	-0.135762	0.054904	-0.055931	1.080983	-0.007734
	0.000000	0.000000	0.000000	1.000000	0.000000	0.071752	-0.033889	0.036165	0.909285	-0.029831
	0.000000	0.000000	0.000000	1.000000	0.000000	-0.114599	0.022605	-0.076127	0.966419	0.170032
	0.000000	0.000000	0.000000	1.000000	0.000000	0.117787	0.036034	-0.031339	0.820768	-0.007882
	0.000000	0.000000	0.000000	1.000000	0.000000	0.149014	0.009952	0.083813	0.936568	-0.128076
	0.000000	0.000000	0.000000	1.000000	0.000000	-0.124526	-0.006645	0.065138	1.036407	-0.001043
	0.000000	0.000000	0.000000	1.000000	0.000000	-0.119288	0.041128	-0.068602	1.065081	0.021112
	0.000000	0.000000	0.000000	1.000000	0.000000	0.188143	0.003639	0.214080	0.846632	-0.142960
	0.000000	0.000000	0.000000	1.000000	0.000000	0.010718	-0.026318	0.083065	1.022537	-0.081383
	0.000000	0.000000	0.000000	1.000000	0.000000	-0.198743	-0.002112	0.004841	1.120209	0.043261
	0.000000	0.000000	0.000000	1.000000	0.000000	0.055606	-0.070925	0.518276	0.668864	-0.069485
	0.000000	0.000000	0.000000	1.000000	0.000000	0.036817	0.015298	0.266866	0.779819	-0.075565
	0.000000	0.000000	0.000000	0.000000	1.000000	0.042054	-0.015706	0.012719	-0.006603	0.991447
	0.000000	0.000000	0.000000	0.000000	1.000000	-0.022390	0.003345	-0.000645	0.077650	0.965123
	0.000000	0.000000	0.000000	0.000000	1.000000	-0.004531	-0.007035	-0.003953	-0.012427	1.023747
	0.000000	0.000000	0.000000	0.000000	1.000000	0.048560	0.014389	0.009455	-0.069218	1.001877
	0.000000	0.000000	0.000000	0.000000	1.000000	0.073615	0.070260	-0.000370	-0.037398	0.884243
	0.000000	0.000000	0.000000	0.000000	1.000000	0.044901	-0.048830	0.012863	-0.036756	1.047647
	0.000000	0.000000	0.000000	0.000000	1.000000	0.004009	-0.009810	-0.016617	0.107229	0.911635
	0.000000	0.000000	0.000000	0.000000	1.000000	0.022337	0.003195	0.000421	-0.032282	1.008732
	0.000000	0.000000	0.000000	0.000000	1.000000	0.200281	0.012307	0.046055	-0.095998	0.907005
	0.000000	0.000000	0.000000	0.000000	1.000000	0.466118	-0.042319	-0.032595	0.094546	0.452638
	0.000000	0.000000	0.000000	0.000000	1.000000	0.004363	0.022089	-0.016899	-0.018733	0.993277
	0.000000	0.000000	0.000000	0.000000	1.000000	0.006753	-0.020057	0.025227	-0.036083	1.042244
	0.000000	0.000000	0.000000	0.000000	1.000000	0.016069	0.023387	-0.006902	-0.045197	1.000934
	0.000000	0.000000	0.000000	0.000000	1.000000	-0.024625	-0.066342	-0.004566	0.026374	1.077128
	0.000000	0.000000	0.000000	0.000000	1.000000	0.030906	0.036104	-0.009041	-0.046546	0.975890
	0.000000	0.000000	0.000000	0.000000	1.000000	0.008126	-0.073647	-0.028117	0.118657	0.973961
	0.000000	0.000000	0.000000	0.000000	1.000000	0.018101	-0.015596	0.009620	0.005883	0.996697
	0.000000	0.000000	0.000000	0.000000	1.000000	-0.040705	0.101615	-0.021402	0.071941	0.888432
	0.000000	0.000000	0.000000	0.000000	1.000000	0.026867	0.036439	0.003109	-0.072730	1.001799
	0.000000	0.000000	0.000000	0.000000	1.000000	-0.004955	-0.009104	-0.017409	0.115579	0.910899
	0.000000	0.000000	0.000000	0.000000	1.000000	0.040780	-0.016725	-0.000860	-0.033632	1.014066
	0.000000	0.000000	0.000000	0.000000	1.000000	0.004954	-0.008703	-0.003410	-0.042490	1.040973
	0.000000	0.000000	0.000000	0.000000	1.000000	0.112190	0.019290	0.029448	-0.113634	0.994746
	0.000000	0.000000	0.000000	0.000000	1.000000	0.049396	-0.025943	0.005534	0.006881	0.981970
	0.000000	0.000000	0.000000	0.000000	1.000000	0.024443	0.022835	-0.001420	-0.059179	1.007693
	0.000000	0.000000	0.000000	0.000000	1.000000	0.050347	-0.008711	0.021884	-0.088367	1.035631
	0.000000	0.000000	0.000000	0.000000	1.000000	0.025604	-0.033036	0.014412	-0.051388	1.055240
	0.000000	0.000000	0.000000	0.000000	1.000000	0.156844	-0.026025	-0.017777	0.108625	0.760948
	0.000000	0.000000	0.000000	0.000000	1.000000	0.014107	-0.057426	0.008038	-0.024642	1.069405
	0.000000	0.000000	0.000000	0.000000	1.000000	-0.013306	-0.032810	-0.003264	-0.000249	1.050581
	0.000000	0.000000	0.000000	0.000000	1.000000	-0.037073	-0.065249	-0.012321	0.069632	1.058195
	0.000000	0.000000	0.000000	0.000000	1.000000	0.026702	0.008956	-0.014727	-0.016479	0.985230
	0.000000	0.000000	0.000000	0.000000	1.000000	0.002982	-0.030817	-0.001458	-0.027574	1.056683
	0.000000	0.000000	0.000000	0.000000	1.000000	-0.009146	-0.008398	-0.013104	-0.015979	1.033790
	0.000000	0.000000	0.000000	0.000000	1.000000	0.058797	-0.037429	0.008205	0.004438	0.987076
	0.000000	0.000000	0.000000	0.000000	1.000000	0.043263	0.160103	-0.025399	-0.039747	0.828778
	0.000000	0.000000	0.000000	0.000000	1.000000	0.045350	0.051977	0.002612	-0.083068	0.981446
	0.000000	0.000000	0.000000	0.000000	1.000000	0.051250	0.181099	-0.022963	-0.057496	0.821547
	0.000000	0.000000	0.000000	0.000000	1.000000	0.038645	0.125307	-0.021922	-0.057420	0.892470
	0.000000	0.000000	0.000000	0.000000	1.000000	0.031326	0.048526	0.007374	-0.041203	0.952120
	0.000000	0.000000	0.000000	0.000000	1.000000	0.062501	0.126699	-0.043019	-0.074730	0.889883
	0.000000	0.000000	0.000000	0.000000	1.000000	0.011291	0.054432	-0.012940	-0.000314	0.936830
	0.000000	0.000000	0.000000	0.000000	1.000000	0.004436	-0.059058	-0.007562	0.027711	1.040690
	0.000000	0.000000	0.000000	0.000000	1.000000	0.075491	0.018478	0.014367	-0.066326	0.973633
	0.000000	0.000000	0.000000	0.000000	1.000000	-0.038518	-0.020403	-0.006655	0.030034	1.042322
	0.000000	0.000000	0.000000	0.000000	1.000000	0.019602	0.017619	0.004581	-0.069796	1.023114
	0.000000	0.000000	0.000000	0.000000	1.000000	0.014360	-0.027951	-0.004135	-0.011624	1.032313
	0.000000	0.000000	0.000000	0.000000	1.000000	0.013867	0.030417	-0.003495	-0.014996	0.967952
	0.000000	0.000000	0.000000	0.000000	1.000000	0.070800	0.115048	-0.015232	-0.098662	0.915347
	0.000000	0.000000	0.000000	0.000000	1.000000	-0.006628	-0.032069	-0.000265	0.011321	1.031105
	0.000000	0.000000	0.000000	0.000000	1.000000	0.078522	-0.014798	0.019738	-0.079915	1.024469
	0.000000	0.000000	0.000000	0.000000	1.000000	0.000733	0.027605	-0.011053	-0.034512	1.003415
	0.000000	0.000000	0.000000	0.000000	1.000000	0.053526	0.027535	-0.005816	-0.045283	0.952239
	0.000000	0.000000	0.000000	0.000000	1.000000	0.010480	0.002333	-0.005439	-0.034203	1.017432
	0.000000	0.000000	0.000000	0.000000	1.000000	-0.062897	-0.007856	0.038372	0.061403	0.997196
	0.000000	0.000000	0.000000	0.000000	1.000000	0.022733	0.007144	-0.004652	-0.006384	0.976096
	0.000000	0.000000	0.000000	0.000000	1.000000	0.048661	0.041489	0.003705	-0.068680	0.976823
	0.000000	0.000000	0.000000	0.000000	1.000000	0.014480	-0.043348	0.004374	0.001438	1.029427
	0.000000	0.000000	0.000000	0.000000	1.000000	0.153940	-0.006268	0.051336	-0.140840	1.022100
	0.000000	0.000000	0.000000	0.000000	1.000000	0.066799	-0.020719	0.020658	-0.082674	1.040231
	0.000000	0.000000	0.000000	0.000000	1.000000	0.036169	-0.022670	0.014026	-0.043388	1.030762
