	1.000000	0.000000	0.000000	0.000000	0.000000	0.659657	-0.156768	0.018208	0.055622	0.325203
	1.000000	0.000000	0.000000	0.000000	0.000000	0.747639	-0.176091	-0.035774	0.133286	0.269654
	1.000000	0.000000	0.000000	0.000000	0.000000	0.838922	-0.205175	-0.021324	0.147857	0.109375
	1.000000	0.000000	0.000000	0.000000	0.000000	0.831793	-0.182208	-0.036753	0.155996	0.145252
	1.000000	0.000000	0.000000	0.000000	0.000000	0.720987	-0.164740	-0.031849	0.139407	0.282387
	1.000000	0.000000	0.000000	0.000000	0.000000	0.704956	-0.165002	-0.010640	0.091930	0.305440
	1.000000	0.000000	0.000000	0.000000	0.000000	0.655023	-0.149448	-0.037931	0.210077	0.267104
	1.000000	0.000000	0.000000	0.000000	0.000000	0.768779	-0.172575	-0.042173	0.238378	0.128038
	1.000000	0.000000	0.000000	0.000000	0.000000	0.582771	-0.158790	-0.028097	0.089302	0.457036
	1.000000	0.000000	0.000000	0.000000	0.000000	0.757995	-0.164176	-0.042042	0.392864	0.017431
	1.000000	0.000000	0.000000	0.000000	0.000000	0.650751	-0.152758	-0.010891	0.079040	0.377298
	1.000000	0.000000	0.000000	0.000000	0.000000	0.720256	-0.183194	-0.018569	0.166816	0.204476
	1.000000	0.000000	0.000000	0.000000	0.000000	0.715433	-0.154066	-0.040527	0.259083	0.152443
	1.000000	0.000000	0.000000	0.000000	0.000000	0.148001	0.071597	0.078052	0.038972	0.542654
	0.000000	1.000000	0.000000	0.000000	0.000000	-0.050768	0.988127	0.024351	-0.030745	0.043518
	0.000000	1.000000	0.000000	0.000000	0.000000	-0.042616	1.029980	-0.029664	0.063164	-0.019981
	0.000000	1.000000	0.000000	0.000000	0.000000	-0.073170	1.021978	0.004137	0.024367	0.057602
	0.000000	1.000000	0.000000	0.000000	0.000000	-0.049828	1.031279	-0.034101	0.080043	0.006008
	0.000000	1.000000	0.000000	0.000000	0.000000	0.014863	1.021283	0.013749	-0.101415	-0.009016
	0.000000	1.000000	0.000000	0.000000	0.000000	-0.052697	0.977205	-0.040923	0.108328	0.026278
	0.000000	1.000000	0.000000	0.000000	0.000000	-0.043020	0.890745	-0.041978	0.067793	0.150100
	0.000000	1.000000	0.000000	0.000000	0.000000	-0.040400	0.924799	-0.038215	0.133325	0.024903
	0.000000	1.000000	0.000000	0.000000	0.000000	-0.037390	1.063861	0.009250	0.002959	-0.068208
	0.000000	1.000000	0.000000	0.000000	0.000000	-0.056753	1.026265	-0.029554	0.101950	-0.038857
	0.000000	1.000000	0.000000	0.000000	0.000000	-0.044182	0.930169	0.035195	0.003100	0.070558
	0.000000	1.000000	0.000000	0.000000	0.000000	-0.055579	1.070054	-0.053231	0.121663	-0.050684
	0.000000	1.000000	0.000000	0.000000	0.000000	-0.096173	0.982126	0.037313	0.050313	0.086048
	0.000000	1.000000	0.000000	0.000000	0.000000	-0.027921	1.032524	-0.032391	0.014339	0.003944
	0.000000	1.000000	0.000000	0.000000	0.000000	-0.011840	0.989808	-0.042527	0.001038	0.044403
	0.000000	1.000000	0.000000	0.000000	0.000000	-0.032059	1.051150	0.003028	-0.031135	-0.024533
	0.000000	1.000000	0.000000	0.000000	0.000000	-0.009167	0.794370	-0.053485	0.026830	0.213274
	0.000000	1.000000	0.000000	0.000000	0.000000	-0.014945	0.925950	-0.076731	0.068406	0.098898
	0.000000	1.000000	0.000000	0.000000	0.000000	-0.035073	0.950781	0.113564	-0.057254	-0.028539
	0.000000	1.000000	0.000000	0.000000	0.000000	-0.017773	0.975131	-0.077677	0.070587	0.060817
	0.000000	1.000000	0.000000	0.000000	0.000000	-0.022945	1.035087	0.096076	-0.121019	-0.046519
	0.000000	1.000000	0.000000	0.000000	0.000000	-0.010898	0.851117	-0.063397	0.054276	0.166592
	0.000000	1.000000	0.000000	0.000000	0.000000	-0.034766	0.801067	-0.023413	0.034365	0.246564
	0.000000	1.000000	0.000000	0.000000	0.000000	-0.077980	0.796886	0.209515	-0.150879	0.200410
	0.000000	1.000000	0.000000	0.000000	0.000000	-0.001850	1.074335	-0.013833	-0.061385	-0.038851
	0.000000	1.000000	0.000000	0.000000	0.000000	0.052102	0.999718	-0.042310	-0.101623	0.025694
	0.000000	1.000000	0.000000	0.000000	0.000000	-0.010216	0.971642	0.101399	-0.139325	0.005920
	0.000000	1.000000	0.000000	0.000000	0.000000	-0.157495	0.912370	0.053163	0.258604	0.112969
	0.000000	1.000000	0.000000	0.000000	0.000000	-0.037618	0.762033	0.017675	0.103798	0.108475
	0.000000	1.000000	0.000000	0.000000	0.000000	-0.055573	0.878804	0.015973	0.036587	0.083744
	0.000000	1.000000	0.000000	0.000000	0.000000	-0.025120	0.955763	0.085728	-0.062282	-0.036116
	0.000000	1.000000	0.000000	0.000000	0.000000	0.028469	0.969550	-0.071559	-0.039416	0.079590
	0.000000	1.000000	0.000000	0.000000	0.000000	-0.047022	1.120525	-0.007330	0.011702	-0.075263
	0.000000	1.000000	0.000000	0.000000	0.000000	-0.075422	0.986686	0.073871	-0.006543	-0.008456
	0.000000	1.000000	0.000000	0.000000	0.000000	-0.133243	0.227765	0.173702	0.476534	0.320167
	0.000000	1.000000	0.000000	0.000000	0.000000	-0.035827	0.959146	-0.022224	0.012914	0.106191
	0.000000	1.000000	0.000000	0.000000	0.000000	-0.001688	1.012026	-0.040255	0.052054	-0.046575
	0.000000	1.000000	0.000000	0.000000	0.000000	-0.035484	1.046642	0.014822	-0.032225	-0.037198
	0.000000	1.000000	0.000000	0.000000	0.000000	-0.049772	1.105741	-0.037789	0.070196	-0.062578
	0.000000	0.000000	1.000000	0.000000	0.000000	-0.045119	0.010178	1.010607	-0.006061	-0.075754
	0.000000	0.000000	1.000000	0.000000	0.000000	-0.133536	0.048788	1.001223	0.055496	-0.031891
	0.000000	0.000000	1.000000	0.000000	0.000000	-0.053905	-0.005273	1.033291	-0.003356	-0.076108
	0.000000	0.000000	1.000000	0.000000	0.000000	-0.087129	0.033292	0.870131	0.129245	-0.007656
	0.000000	0.000000	1.000000	0.000000	0.000000	-0.042502	-0.017293	1.033677	0.012510	-0.083483
	0.000000	0.000000	1.000000	0.000000	0.000000	-0.141197	0.028240	0.849236	0.252447	0.031810
	0.000000	0.000000	1.000000	0.000000	0.000000	-0.005392	-0.028733	1.007591	-0.014746	-0.078191
	0.000000	0.000000	1.000000	0.000000	0.000000	0.017550	-0.004882	0.903606	0.098311	-0.087979
	0.000000	0.000000	1.000000	0.000000	0.000000	0.007553	-0.006289	1.026583	-0.077840	-0.082273
	0.000000	0.000000	1.000000	0.000000	0.000000	-0.095622	-0.018959	0.918064	0.164125	-0.002043
	0.000000	0.000000	1.000000	0.000000	0.000000	0.026056	0.044686	0.830975	0.079137	-0.079485
	0.000000	0.000000	1.000000	0.000000	0.000000	-0.032782	-0.031191	1.027308	-0.005470	-0.071752
	0.000000	0.000000	1.000000	0.000000	0.000000	-0.026909	-0.040865	1.024936	-0.071762	-0.005622
	0.000000	0.000000	0.000000	1.000000	0.000000	-0.074653	0.135065	0.064307	0.823935	0.119804
	0.000000	0.000000	0.000000	1.000000	0.000000	-0.016956	0.069259	0.092384	0.685070	0.158467
	0.000000	0.000000	0.000000	1.000000	0.000000	0.290131	0.088329	0.019645	0.413798	0.120529
	0.000000	0.000000	0.000000	1.000000	0.000000	-0.060425	0.253258	0.021860	0.615548	0.229268
	0.000000	0.000000	0.000000	1.000000	0.000000	0.128768	0.001128	0.126560	0.602244	0.075872
	0.000000	0.000000	0.000000	1.000000	0.000000	0.172276	-0.008049	0.067260	0.522857	0.149291
	0.000000	0.000000	0.000000	1.000000	0.000000	0.182410	0.022664	0.167238	0.782129	-0.069713
	0.000000	0.000000	0.000000	1.000000	0.000000	-0.057968	0.326651	0.003721	0.581684	0.200444
	0.000000	0.000000	0.000000	1.000000	0.000000	-0.026405	0.090819	0.076235	0.685944	0.170479
	0.000000	0.000000	0.000000	1.000000	0.000000	-0.081730	0.076208	0.003801	0.590309	0.446301
	0.000000	0.000000	0.000000	1.000000	0.000000	0.256243	0.033794	0.148350	0.802715	-0.110460
	0.000000	0.000000	0.000000	1.000000	0.000000	0.097902	0.061348	0.128585	0.809801	-0.037044
	0.000000	0.000000	0.000000	1.000000	0.000000	-0.046817	0.111909	0.049629	0.820803	0.111951
	0.000000	0.000000	0.000000	1.000000	0.000000	0.378514	0.026748	0.098025	0.852114	-0.145665
	0.000000	0.000000	0.000000	1.000000	0.000000	0.002359	0.121217	0.050808	0.859450	0.025148
	0.000000	0.000000	0.000000	1.000000	0.000000	0.114790	0.075748	0.108283	0.843404	-0.054952
	0.000000	0.000000	0.000000	0.000000	1.000000	0.009079	-0.012004	0.014416	-0.036785	1.013438
	0.000000	0.000000	0.000000	0.000000	1.000000	0.052499	-0.039412	-0.005270	0.013791	0.956880
	0.000000	0.000000	0.000000	0.000000	1.000000	0.004496	0.018807	0.046862	-0.025420	0.945634
	0.000000	0.000000	0.000000	0.000000	1.000000	0.066859	-0.084028	-0.032816	0.096431	0.921050
	0.000000	0.000000	0.000000	0.000000	1.000000	0.063620	-0.023567	-0.018123	0.033161	0.920022
	0.000000	0.000000	0.000000	0.000000	1.000000	-0.016424	0.044763	0.003212	-0.043309	1.007583
	0.000000	0.000000	0.000000	0.000000	1.000000	-0.019180	-0.000168	0.001911	-0.041004	1.057715
	0.000000	0.000000	0.000000	0.000000	1.000000	0.002335	-0.042153	-0.006038	-0.004491	1.038390
	0.000000	0.000000	0.000000	0.000000	1.000000	-0.024262	-0.036413	-0.022085	-0.006082	1.095731
	0.000000	0.000000	0.000000	0.000000	1.000000	-0.025943	0.055371	-0.037626	0.020967	1.009043
	0.000000	0.000000	0.000000	0.000000	1.000000	-0.043260	0.017900	-0.026909	0.055256	1.028811
	0.000000	0.000000	0.000000	0.000000	1.000000	-0.018854	-0.017517	-0.019289	-0.021154	1.076090
	0.000000	0.000000	0.000000	0.000000	1.000000	0.025342	0.050851	-0.029952	-0.065972	0.998762
	0.000000	0.000000	0.000000	0.000000	1.000000	-0.013755	-0.017168	-0.011154	-0.034116	1.070976
	0.000000	0.000000	0.000000	0.000000	1.000000	0.005941	-0.013932	-0.018336	-0.026284	1.039178
	0.000000	0.000000	0.000000	0.000000	1.000000	0.007444	0.006188	-0.021077	0.017445	0.984046
	0.000000	0.000000	0.000000	0.000000	1.000000	-0.008437	0.101967	-0.027762	-0.007180	0.944047
	0.000000	0.000000	0.000000	0.000000	1.000000	0.038474	-0.030981	-0.015736	0.075883	0.906938
	0.000000	0.000000	0.000000	0.000000	1.000000	0.005993	-0.011964	-0.008952	0.074860	0.933038
	0.000000	0.000000	0.000000	0.000000	1.000000	-0.003949	0.043074	0.002099	0.001079	0.946381
	0.000000	0.000000	0.000000	0.000000	1.000000	0.008317	0.007172	0.016521	-0.088335	1.041723
	0.000000	0.000000	0.000000	0.000000	1.000000	0.025784	-0.049226	0.012062	-0.061230	1.057950
	0.000000	0.000000	0.000000	0.000000	1.000000	0.015013	0.016935	-0.017423	-0.073719	1.039776
	0.000000	0.000000	0.000000	0.000000	1.000000	0.077789	-0.045293	0.004038	-0.051682	0.995088
	0.000000	0.000000	0.000000	0.000000	1.000000	-0.002878	-0.017727	-0.002087	-0.036625	1.050429
	0.000000	0.000000	0.000000	0.000000	1.000000	-0.019072	-0.025191	-0.007155	-0.013647	1.067947
	0.000000	0.000000	0.000000	0.000000	1.000000	0.006041	-0.024925	-0.001459	-0.041281	1.050885
	0.000000	0.000000	0.000000	0.000000	1.000000	-0.004067	0.100615	-0.032549	-0.014281	0.943402
	0.000000	0.000000	0.000000	0.000000	1.000000	0.020940	-0.044529	0.012217	-0.017478	1.017656
	0.000000	0.000000	0.000000	0.000000	1.000000	-0.047969	-0.052571	-0.006931	0.056570	1.059054
	0.000000	0.000000	0.000000	0.000000	1.000000	0.010731	-0.017430	0.016029	-0.056082	1.030182
	0.000000	0.000000	0.000000	0.000000	1.000000	-0.004393	-0.062581	-0.015411	-0.015231	1.088712
	0.000000	0.000000	0.000000	0.000000	1.000000	-0.019267	-0.009966	-0.028805	-0.007387	1.075298
	0.000000	0.000000	0.000000	0.000000	1.000000	0.014665	0.035067	-0.027931	-0.037233	1.002247
	0.000000	0.000000	0.000000	0.000000	1.000000	0.215368	-0.057189	-0.005541	0.084578	0.717140
	0.000000	0.000000	0.000000	0.000000	1.000000	0.041186	0.046701	0.025124	-0.113158	0.970893
	0.000000	0.000000	0.000000	0.000000	1.000000	-0.001992	-0.043088	-0.005484	-0.030601	1.068946
	0.000000	0.000000	0.000000	0.000000	1.000000	-0.028872	-0.029521	-0.026080	0.003566	1.094561
	0.000000	0.000000	0.000000	0.000000	1.000000	0.005174	0.009841	-0.027872	-0.044913	1.048211
	0.000000	0.000000	0.000000	0.000000	1.000000	0.005933	-0.056639	-0.013581	-0.024260	1.074679
	0.000000	0.000000	0.000000	0.000000	1.000000	0.011472	0.137636	-0.025435	-0.039529	0.890015
	0.000000	0.000000	0.000000	0.000000	1.000000	-0.009528	0.085133	-0.015738	0.009743	0.915860
	0.000000	0.000000	0.000000	0.000000	1.000000	-0.021632	-0.030720	-0.016766	-0.001527	1.077293
	0.000000	0.000000	0.000000	0.000000	1.000000	-0.006469	-0.003361	-0.005881	-0.043308	1.055882
	0.000000	0.000000	0.000000	0.000000	1.000000	0.011179	0.019998	-0.013487	-0.055757	1.025039
	0.000000	0.000000	0.000000	0.000000	1.000000	-0.002153	0.008969	0.016784	-0.020526	0.984791
	0.000000	0.000000	0.000000	0.000000	1.000000	-0.001464	0.050253	0.004065	-0.068428	1.004131
	0.000000	0.000000	0.000000	0.000000	1.000000	0.003281	-0.028916	-0.012469	0.036099	0.994494
	0.000000	0.000000	0.000000	0.000000	1.000000	-0.010135	0.160580	0.011080	-0.000407	0.843188
	0.000000	0.000000	0.000000	0.000000	1.000000	-0.041156	0.047906	-0.021414	0.029737	1.010584
	0.000000	0.000000	0.000000	0.000000	1.000000	-0.037888	0.050519	-0.026636	0.042991	0.993785
	0.000000	0.000000	0.000000	0.000000	1.000000	0.371540	-0.067710	0.027406	0.108215	0.487425
	0.000000	0.000000	0.000000	0.000000	1.000000	-0.044520	0.023467	0.059959	0.095743	0.859905
	0.000000	0.000000	0.000000	0.000000	1.000000	0.030996	-0.039397	0.036799	0.030560	0.874906
	0.000000	0.000000	0.000000	0.000000	1.000000	-0.047650	0.164195	0.053205	-0.029787	0.902898
	0.000000	0.000000	0.000000	0.000000	1.000000	-0.011321	-0.040034	0.014476	0.158585	0.840879
	0.000000	0.000000	0.000000	0.000000	1.000000	-0.044957	0.033695	0.032060	0.068690	0.962962
	0.000000	0.000000	0.000000	0.000000	1.000000	0.009378	-0.004841	-0.002872	-0.079839	1.059395
	0.000000	0.000000	0.000000	0.000000	1.000000	0.003612	-0.065982	0.019672	0.016367	0.981289
	0.000000	0.000000	0.000000	0.000000	1.000000	0.034211	-0.025834	0.011163	-0.095728	1.050956
	0.000000	0.000000	0.000000	0.000000	1.000000	0.077682	-0.036482	0.013948	-0.001824	0.917962
	0.000000	0.000000	0.000000	0.000000	1.000000	-0.001691	0.039379	-0.011607	-0.054829	1.016397
	0.000000	0.000000	0.000000	0.000000	1.000000	0.034018	-0.061368	0.025188	-0.101170	1.072329
	0.000000	0.000000	0.000000	0.000000	1.000000	0.037405	-0.070247	0.017756	-0.084933	1.070490
	0.000000	0.000000	0.000000	0.000000	1.000000	-0.050683	0.069007	0.064081	0.188110	0.710800
	1.000000	0.000000	0.000000	0.000000	0.000000	0.451435	-0.125742	-0.034445	0.181551	0.465421
	1.000000	0.000000	0.000000	0.000000	0.000000	0.296196	-0.127928	-0.046738	0.239724	0.528798
	1.000000	0.000000	0.000000	0.000000	0.000000	0.464668	-0.121521	-0.048272	0.215534	0.433418
	1.000000	0.000000	0.000000	0.000000	0.000000	0.625235	-0.162639	-0.027345	0.070247	0.447711
	1.000000	0.000000	0.000000	0.000000	0.000000	0.535763	-0.146344	-0.056018	0.279613	0.303341
	1.000000	0.000000	0.000000	0.000000	0.000000	0.600351	-0.152170	-0.041333	0.154647	0.387302
	1.000000	0.000000	0.000000	0.000000	0.000000	0.622047	-0.155086	-0.041277	0.204784	0.304776
	1.000000	0.000000	0.000000	0.000000	0.000000	0.653627	-0.129706	-0.031899	0.318866	0.130801
	1.000000	0.000000	0.000000	0.000000	0.000000	0.626023	-0.136987	-0.042988	0.274992	0.219341
	1.000000	0.000000	0.000000	0.000000	0.000000	0.235399	-0.088651	-0.040266	0.122861	0.737511
	1.000000	0.000000	0.000000	0.000000	0.000000	0.024047	0.306669	0.082487	0.286990	0.212247
	1.000000	0.000000	0.000000	0.000000	0.000000	0.377647	-0.135920	-0.035801	0.101814	0.653113
	1.000000	0.000000	0.000000	0.000000	0.000000	0.181377	-0.104320	-0.017055	0.065460	0.796917
	1.000000	0.000000	0.000000	0.000000	0.000000	0.202839	-0.052204	0.044179	0.032974	0.703603
	1.000000	0.000000	0.000000	0.000000	0.000000	0.455055	-0.144192	-0.032979	0.273912	0.329723
	1.000000	0.000000	0.000000	0.000000	0.000000	0.563583	-0.147362	0.042583	0.304810	0.114857
	0.000000	1.000000	0.000000	0.000000	0.000000	-0.004160	1.025867	0.045131	-0.035514	-0.096960
	0.000000	1.000000	0.000000	0.000000	0.000000	-0.035907	0.907810	-0.108832	0.194083	0.117601
	0.000000	1.000000	0.000000	0.000000	0.000000	-0.062881	0.758406	0.341976	-0.065211	-0.039053
	0.000000	1.000000	0.000000	0.000000	0.000000	-0.111415	0.959408	0.070727	0.075371	-0.014458
	0.000000	1.000000	0.000000	0.000000	0.000000	-0.048701	0.964088	-0.090554	0.183295	0.065563
	0.000000	1.000000	0.000000	0.000000	0.000000	0.016715	0.620242	0.098521	-0.105858	0.287263
	0.000000	1.000000	0.000000	0.000000	0.000000	-0.062289	0.589837	-0.043858	0.151190	0.413986
	0.000000	1.000000	0.000000	0.000000	0.000000	-0.110821	0.503805	-0.041660	0.258945	0.631593
	0.000000	1.000000	0.000000	0.000000	0.000000	-0.022126	1.027554	-0.037765	0.028425	-0.005769
	0.000000	1.000000	0.000000	0.000000	0.000000	-0.032236	1.054000	-0.050718	0.053066	-0.019092
	0.000000	1.000000	0.000000	0.000000	0.000000	0.004007	1.013935	0.069922	-0.132479	-0.031449
	0.000000	1.000000	0.000000	0.000000	0.000000	0.003164	0.906113	-0.084639	0.035264	0.138455
	0.000000	1.000000	0.000000	0.000000	0.000000	-0.024682	1.018291	-0.063153	0.066921	0.010149
	0.000000	1.000000	0.000000	0.000000	0.000000	-0.017581	0.978864	-0.063046	0.063248	0.040504
	0.000000	1.000000	0.000000	0.000000	0.000000	-0.163691	0.947864	-0.031284	0.476251	0.014285
	0.000000	1.000000	0.000000	0.000000	0.000000	-0.230160	0.423102	0.577387	-0.000936	0.553681
	0.000000	1.000000	0.000000	0.000000	0.000000	-0.016072	1.045280	-0.033545	0.010909	-0.029584
	0.000000	1.000000	0.000000	0.000000	0.000000	-0.072193	1.010486	0.018685	-0.005468	0.068970
	0.000000	1.000000	0.000000	0.000000	0.000000	-0.057611	1.095084	0.014368	0.009195	-0.074317
	0.000000	1.000000	0.000000	0.000000	0.000000	0.016934	0.796059	0.027392	-0.015885	0.091625
	0.000000	1.000000	0.000000	0.000000	0.000000	-0.041099	1.050739	-0.050319	0.079256	-0.027224
	0.000000	1.000000	0.000000	0.000000	0.000000	0.007557	0.932026	-0.056731	-0.007087	0.088320
	0.000000	1.000000	0.000000	0.000000	0.000000	-0.075348	1.009512	0.020172	-0.002514	0.073426
	0.000000	1.000000	0.000000	0.000000	0.000000	-0.053704	1.000861	0.003055	0.021624	0.053366
	0.000000	1.000000	0.000000	0.000000	0.000000	-0.020835	1.081577	-0.018175	0.012609	-0.080742
	0.000000	1.000000	0.000000	0.000000	0.000000	-0.026053	0.880321	-0.070287	0.074871	0.174858
	0.000000	1.000000	0.000000	0.000000	0.000000	-0.033428	0.913015	-0.017630	-0.032564	0.172185
	0.000000	1.000000	0.000000	0.000000	0.000000	0.008904	0.956953	-0.036023	0.005584	0.021079
	0.000000	1.000000	0.000000	0.000000	0.000000	-0.028397	1.057066	-0.041846	0.025712	-0.012157
	0.000000	1.000000	0.000000	0.000000	0.000000	-0.050088	0.867330	-0.008388	0.047885	0.153123
	0.000000	1.000000	0.000000	0.000000	0.000000	-0.097256	0.873759	-0.042906	0.285282	0.079559
	0.000000	1.000000	0.000000	0.000000	0.000000	-0.079518	0.868391	-0.005465	0.156977	0.072081
	0.000000	1.000000	0.000000	0.000000	0.000000	-0.050337	1.033865	0.001339	0.010416	-0.012019
	0.000000	1.000000	0.000000	0.000000	0.000000	-0.051930	1.107157	-0.023395	0.055635	-0.077877
	0.000000	1.000000	0.000000	0.000000	0.000000	-0.215607	0.601978	0.520128	-0.052720	0.337030
	0.000000	0.000000	1.000000	0.000000	0.000000	-0.106418	-0.003172	0.996574	-0.053489	0.074974
	0.000000	0.000000	1.000000	0.000000	0.000000	0.025864	-0.039277	0.864295	0.189969	-0.086667
	0.000000	0.000000	1.000000	0.000000	0.000000	-0.031258	-0.005861	1.060925	-0.078323	-0.076415
	0.000000	0.000000	1.000000	0.000000	0.000000	-0.076073	0.034848	0.888114	0.019278	0.029175
	0.000000	0.000000	1.000000	0.000000	0.000000	-0.159789	0.078403	0.961622	0.038892	0.027128
	0.000000	0.000000	1.000000	0.000000	0.000000	0.005486	0.025908	0.891298	0.085241	-0.089858
	0.000000	0.000000	1.000000	0.000000	0.000000	0.023135	0.032783	0.574661	0.432424	-0.055420
	0.000000	0.000000	1.000000	0.000000	0.000000	-0.071392	0.037450	0.989891	0.062143	-0.090586
	0.000000	0.000000	1.000000	0.000000	0.000000	-0.028739	-0.054497	0.999479	0.030330	-0.053806
	0.000000	0.000000	1.000000	0.000000	0.000000	0.029870	-0.014996	0.788510	0.221137	-0.068478
	0.000000	0.000000	1.000000	0.000000	0.000000	0.153469	0.026812	0.842766	-0.040211	-0.090821
	0.000000	0.000000	1.000000	0.000000	0.000000	0.066062	-0.056120	0.783913	0.216390	-0.068512
	0.000000	0.000000	1.000000	0.000000	0.000000	-0.004937	-0.030240	1.028861	-0.034410	-0.087930
	0.000000	0.000000	1.000000	0.000000	0.000000	-0.242855	0.360278	0.293959	0.559017	0.340528
	0.000000	0.000000	1.000000	0.000000	0.000000	-0.047491	-0.026383	1.021899	-0.026009	-0.041512
	0.000000	0.000000	1.000000	0.000000	0.000000	-0.063009	-0.000989	1.057880	-0.079998	-0.038279
	0.000000	0.000000	0.000000	1.000000	0.000000	0.234530	0.058196	0.185065	0.717367	-0.108858
	0.000000	0.000000	0.000000	1.000000	0.000000	0.078521	-0.006492	0.055477	0.421402	0.341100
	0.000000	0.000000	0.000000	1.000000	0.000000	-0.176685	0.292954	0.029727	0.689085	0.389940
	0.000000	0.000000	0.000000	1.000000	0.000000	-0.049791	0.208125	0.028085	0.819324	0.055327
	0.000000	0.000000	0.000000	1.000000	0.000000	0.147962	-0.027168	0.130775	0.684062	0.039708
	0.000000	0.000000	0.000000	1.000000	0.000000	-0.015332	0.107117	0.020095	0.696073	0.205716
	0.000000	0.000000	0.000000	1.000000	0.000000	0.075240	0.011345	0.050662	0.627868	0.179871
	0.000000	0.000000	0.000000	1.000000	0.000000	0.128355	0.061159	0.122873	0.798637	-0.046753
	0.000000	0.000000	0.000000	1.000000	0.000000	-0.036220	0.090968	0.147443	0.811164	0.049219
	0.000000	0.000000	0.000000	1.000000	0.000000	-0.139146	0.175229	0.032872	0.815334	0.235044
	0.000000	0.000000	0.000000	1.000000	0.000000	0.126021	0.036284	0.245253	0.799615	-0.085025
	0.000000	0.000000	0.000000	1.000000	0.000000	0.135216	0.050744	0.133904	0.817521	-0.056609
	0.000000	0.000000	0.000000	1.000000	0.000000	-0.062659	0.131827	0.123420	0.877263	0.032685
	0.000000	0.000000	0.000000	1.000000	0.000000	0.182876	-0.005341	0.382163	0.708503	-0.123911
	0.000000	0.000000	0.000000	1.000000	0.000000	0.157464	0.059190	0.304447	0.618806	-0.094071
	0.000000	0.000000	0.000000	0.000000	1.000000	0.055321	-0.027826	0.014765	-0.053227	0.990992
	0.000000	0.000000	0.000000	0.000000	1.000000	-0.018902	0.012461	0.015317	0.022166	0.987223
	0.000000	0.000000	0.000000	0.000000	1.000000	-0.020847	-0.010121	-0.011667	-0.018429	1.064894
	0.000000	0.000000	0.000000	0.000000	1.000000	0.042132	-0.006576	0.001846	-0.082545	1.014619
	0.000000	0.000000	0.000000	0.000000	1.000000	-0.001512	0.037694	0.000671	0.000814	0.949946
	0.000000	0.000000	0.000000	0.000000	1.000000	0.030837	-0.069196	0.001895	-0.061156	1.075321
	0.000000	0.000000	0.000000	0.000000	1.000000	-0.028011	0.004005	-0.017370	0.117965	0.937557
	0.000000	0.000000	0.000000	0.000000	1.000000	0.024077	-0.002702	-0.004910	-0.067005	1.028695
	0.000000	0.000000	0.000000	0.000000	1.000000	0.121728	-0.055993	0.053698	-0.076791	0.925933
	0.000000	0.000000	0.000000	0.000000	1.000000	0.443806	-0.138779	-0.027363	0.137989	0.514000
	0.000000	0.000000	0.000000	0.000000	1.000000	0.000756	0.026032	-0.029194	-0.022218	1.017252
	0.000000	0.000000	0.000000	0.000000	1.000000	0.002202	-0.029748	0.034823	-0.078852	1.056092
	0.000000	0.000000	0.000000	0.000000	1.000000	-0.006581	0.007865	-0.013624	-0.049275	1.051406
	0.000000	0.000000	0.000000	0.000000	1.000000	-0.011078	-0.057617	-0.019058	-0.010473	1.095742
	0.000000	0.000000	0.000000	0.000000	1.000000	-0.011274	0.022034	-0.022615	-0.023198	1.032352
	0.000000	0.000000	0.000000	0.000000	1.000000	0.025398	-0.072023	-0.036792	0.088175	0.988842
	0.000000	0.000000	0.000000	0.000000	1.000000	0.012694	-0.021194	0.009395	-0.023042	1.008605
	0.000000	0.000000	0.000000	0.000000	1.000000	-0.057654	0.085143	-0.002579	0.064565	0.960129
	0.000000	0.000000	0.000000	0.000000	1.000000	0.007331	0.001279	0.010869	-0.088002	1.048571
	0.000000	0.000000	0.000000	0.000000	1.000000	-0.017381	0.019427	-0.011362	0.084595	0.921257
	0.000000	0.000000	0.000000	0.000000	1.000000	0.027729	-0.025688	-0.021009	-0.039070	1.034609
	0.000000	0.000000	0.000000	0.000000	1.000000	0.007192	-0.017624	-0.011647	-0.072943	1.072002
	0.000000	0.000000	0.000000	0.000000	1.000000	0.046408	-0.046329	0.027596	-0.092677	1.048852
	0.000000	0.000000	0.000000	0.000000	1.000000	0.040824	-0.037470	0.000688	-0.021188	0.999867
	0.000000	0.000000	0.000000	0.000000	1.000000	0.022135	0.001206	-0.001098	-0.089803	1.042689
	0.000000	0.000000	0.000000	0.000000	1.000000	-0.008345	-0.046140	0.005439	-0.052804	1.081863
	0.000000	0.000000	0.000000	0.000000	1.000000	-0.003703	-0.050987	-0.001779	-0.041311	1.088469
	0.000000	0.000000	0.000000	0.000000	1.000000	0.084482	-0.040556	-0.013091	0.101759	0.823604
	0.000000	0.000000	0.000000	0.000000	1.000000	0.044794	-0.079864	0.008052	-0.071895	1.073371
	0.000000	0.000000	0.000000	0.000000	1.000000	0.004714	-0.026317	-0.010725	-0.046521	1.065649
	0.000000	0.000000	0.000000	0.000000	1.000000	-0.016367	-0.044321	-0.026026	0.030669	1.068360
	0.000000	0.000000	0.000000	0.000000	1.000000	-0.005420	0.002406	-0.021812	-0.023915	1.040186
	0.000000	0.000000	0.000000	0.000000	1.000000	0.027951	-0.031215	-0.007590	-0.084675	1.072336
	0.000000	0.000000	0.000000	0.000000	1.000000	-0.018978	-0.010168	-0.027060	-0.016690	1.078748
	0.000000	0.000000	0.000000	0.000000	1.000000	0.047161	-0.054054	0.004542	-0.023379	1.005466
	0.000000	0.000000	0.000000	0.000000	1.000000	-0.032310	0.110335	-0.019909	0.017948	0.945722
	0.000000	0.000000	0.000000	0.000000	1.000000	0.026086	0.021700	0.006626	-0.095842	1.017616
	0.000000	0.000000	0.000000	0.000000	1.000000	-0.025202	0.119029	-0.010434	-0.008807	0.941452
	0.000000	0.000000	0.000000	0.000000	1.000000	-0.022857	0.067984	-0.006946	-0.028395	1.003285
	0.000000	0.000000	0.000000	0.000000	1.000000	-0.022917	0.030413	0.009785	-0.022676	1.005732
	0.000000	0.000000	0.000000	0.000000	1.000000	0.016263	0.090369	-0.057413	-0.031476	0.978760
	0.000000	0.000000	0.000000	0.000000	1.000000	-0.007835	0.059543	-0.015231	-0.014572	0.976238
	0.000000	0.000000	0.000000	0.000000	1.000000	-0.005559	-0.056737	-0.024066	0.016484	1.069054
	0.000000	0.000000	0.000000	0.000000	1.000000	0.042928	-0.019322	0.009501	-0.054388	0.995745
	0.000000	0.000000	0.000000	0.000000	1.000000	-0.003329	-0.011614	0.000532	-0.044417	1.054224
	0.000000	0.000000	0.000000	0.000000	1.000000	0.013028	-0.005428	0.008763	-0.099789	1.058853
	0.000000	0.000000	0.000000	0.000000	1.000000	-0.004234	-0.042482	-0.005156	-0.036403	1.078932
	0.000000	0.000000	0.000000	0.000000	1.000000	-0.022122	0.013837	-0.003935	-0.007665	1.023601
	0.000000	0.000000	0.000000	0.000000	1.000000	0.033533	0.066386	-0.021803	-0.084866	0.984085
	0.000000	0.000000	0.000000	0.000000	1.000000	-0.012038	-0.034304	-0.005961	-0.006876	1.057026
	0.000000	0.000000	0.000000	0.000000	1.000000	0.046151	-0.057254	0.015673	-0.094181	1.064403
	0.000000	0.000000	0.000000	0.000000	1.000000	-0.020185	0.006736	-0.014644	-0.028765	1.064413
	0.000000	0.000000	0.000000	0.000000	1.000000	-0.039148	0.018801	-0.023794	0.025704	1.035955
	0.000000	0.000000	0.000000	0.000000	1.000000	-0.014010	-0.003026	-0.021877	-0.028930	1.064095
	0.000000	0.000000	0.000000	0.000000	1.000000	-0.058420	-0.006111	0.042862	0.069057	0.957840
	0.000000	0.000000	0.000000	0.000000	1.000000	-0.020602	-0.006227	-0.007204	0.009277	1.029854
	0.000000	0.000000	0.000000	0.000000	1.000000	0.036904	0.014854	0.007534	-0.090294	1.005576
	0.000000	0.000000	0.000000	0.000000	1.000000	-0.008439	-0.045781	-0.006239	-0.008100	1.059572
	0.000000	0.000000	0.000000	0.000000	1.000000	0.080869	-0.075548	0.044526	-0.132849	1.060222
	0.000000	0.000000	0.000000	0.000000	1.000000	0.037643	-0.060142	0.020259	-0.104805	1.078481
	0.000000	0.000000	0.000000	0.000000	1.000000	0.049516	-0.044945	0.016190	-0.085429	1.038654
