	1.000000	0.000000	0.000000	0.000000	0.000000	0.941705	-0.009802	0.017660	-0.069992	0.121653
	1.000000	0.000000	0.000000	0.000000	0.000000	0.882818	-0.038896	-0.036324	0.043113	0.125355
	1.000000	0.000000	0.000000	0.000000	0.000000	1.039168	-0.043048	-0.009616	-0.034985	-0.047433
	1.000000	0.000000	0.000000	0.000000	0.000000	1.039067	-0.021474	-0.042801	0.022356	-0.043583
	1.000000	0.000000	0.000000	0.000000	0.000000	0.813205	-0.034251	-0.042599	0.093283	0.146717
	1.000000	0.000000	0.000000	0.000000	0.000000	0.866378	-0.007824	-0.013841	-0.014843	0.166809
	1.000000	0.000000	0.000000	0.000000	0.000000	0.766279	-0.024882	-0.036668	0.112769	0.159483
	1.000000	0.000000	0.000000	0.000000	0.000000	0.977783	-0.013248	-0.038293	0.069960	-0.045293
	1.000000	0.000000	0.000000	0.000000	0.000000	0.864019	-0.013529	-0.003281	-0.063795	0.243973
	1.000000	0.000000	0.000000	0.000000	0.000000	0.961620	-0.019342	-0.036038	0.149414	-0.107051
	1.000000	0.000000	0.000000	0.000000	0.000000	0.840335	-0.003477	-0.009902	-0.044326	0.216908
	1.000000	0.000000	0.000000	0.000000	0.000000	0.929385	-0.028061	-0.001602	-0.050685	0.078016
	1.000000	0.000000	0.000000	0.000000	0.000000	0.855785	-0.029772	-0.057032	0.160263	0.019569
	1.000000	0.000000	0.000000	0.000000	0.000000	0.397300	0.162466	0.060557	-0.022525	0.416677
	0.000000	1.000000	0.000000	0.000000	0.000000	0.001470	1.031656	0.014656	-0.046031	-0.004856
	0.000000	1.000000	0.000000	0.000000	0.000000	-0.023903	1.030444	-0.011453	0.022124	-0.015413
	0.000000	1.000000	0.000000	0.000000	0.000000	-0.024679	1.049336	0.018267	-0.041878	0.001062
	0.000000	1.000000	0.000000	0.000000	0.000000	-0.033411	1.029539	-0.022933	0.042615	-0.006893
	0.000000	1.000000	0.000000	0.000000	0.000000	0.007521	1.047098	0.009878	-0.051113	-0.003943
	0.000000	1.000000	0.000000	0.000000	0.000000	-0.016763	0.995268	-0.022200	0.032923	-0.001204
	0.000000	1.000000	0.000000	0.000000	0.000000	-0.004415	0.934366	-0.029314	0.005021	0.080039
	0.000000	1.000000	0.000000	0.000000	0.000000	-0.032895	0.941769	-0.031464	0.094667	0.021616
	0.000000	1.000000	0.000000	0.000000	0.000000	-0.035533	1.050346	0.002023	0.030211	-0.039747
	0.000000	1.000000	0.000000	0.000000	0.000000	-0.012209	1.028966	-0.013448	0.029632	-0.048417
	0.000000	1.000000	0.000000	0.000000	0.000000	0.003477	1.012372	0.005935	-0.034898	0.017212
	0.000000	1.000000	0.000000	0.000000	0.000000	-0.006919	1.058447	-0.013602	0.008376	-0.052834
	0.000000	1.000000	0.000000	0.000000	0.000000	-0.022240	1.030549	0.023541	-0.036037	0.011779
	0.000000	1.000000	0.000000	0.000000	0.000000	-0.020221	1.033061	-0.006136	0.001278	-0.000163
	0.000000	1.000000	0.000000	0.000000	0.000000	0.003419	1.003087	-0.017047	-0.023957	0.029467
	0.000000	1.000000	0.000000	0.000000	0.000000	-0.015753	1.052835	0.009748	-0.020002	-0.021206
	0.000000	1.000000	0.000000	0.000000	0.000000	0.048116	0.846736	-0.026646	-0.061848	0.165444
	0.000000	1.000000	0.000000	0.000000	0.000000	0.022264	0.954234	-0.034119	-0.028622	0.063063
	0.000000	1.000000	0.000000	0.000000	0.000000	-0.044089	0.986813	0.057715	0.007469	-0.011360
	0.000000	1.000000	0.000000	0.000000	0.000000	0.016095	1.000207	-0.030825	-0.024977	0.021968
	0.000000	1.000000	0.000000	0.000000	0.000000	-0.017713	1.061301	0.052541	-0.059158	-0.025370
	0.000000	1.000000	0.000000	0.000000	0.000000	-0.045877	0.828781	-0.047521	0.095909	0.176050
	0.000000	1.000000	0.000000	0.000000	0.000000	-0.030421	0.849444	-0.027659	0.036869	0.178838
	0.000000	1.000000	0.000000	0.000000	0.000000	0.021662	0.921858	0.112207	-0.119856	0.088671
	0.000000	1.000000	0.000000	0.000000	0.000000	0.004169	1.069015	0.000922	-0.041464	-0.028438
	0.000000	1.000000	0.000000	0.000000	0.000000	0.061370	1.064097	0.004187	-0.108155	-0.015772
	0.000000	1.000000	0.000000	0.000000	0.000000	0.016494	1.035728	0.058385	-0.085324	-0.008576
	0.000000	1.000000	0.000000	0.000000	0.000000	-0.075933	0.977136	0.008247	0.083619	0.003318
	0.000000	1.000000	0.000000	0.000000	0.000000	0.018553	0.892914	0.017639	0.000963	0.053572
	0.000000	1.000000	0.000000	0.000000	0.000000	0.000168	0.921957	0.009514	0.005858	0.032810
	0.000000	1.000000	0.000000	0.000000	0.000000	0.010312	0.987612	0.047370	-0.003004	-0.050800
	0.000000	1.000000	0.000000	0.000000	0.000000	0.046134	0.992843	-0.026060	-0.074769	0.047287
	0.000000	1.000000	0.000000	0.000000	0.000000	-0.026146	1.085723	0.004287	-0.003070	-0.048043
	0.000000	1.000000	0.000000	0.000000	0.000000	-0.041815	1.014010	0.037607	-0.001445	-0.021649
	0.000000	1.000000	0.000000	0.000000	0.000000	0.021904	0.533870	0.068348	0.220881	0.023423
	0.000000	1.000000	0.000000	0.000000	0.000000	0.010854	0.996637	-0.020491	-0.034436	0.039713
	0.000000	1.000000	0.000000	0.000000	0.000000	-0.019563	1.008521	-0.020445	0.039675	-0.006997
	0.000000	1.000000	0.000000	0.000000	0.000000	-0.014012	1.050753	0.016308	-0.025328	-0.027734
	0.000000	1.000000	0.000000	0.000000	0.000000	-0.019013	1.080027	-0.002819	-0.002164	-0.047878
	0.000000	0.000000	1.000000	0.000000	0.000000	0.000110	0.036518	1.020083	-0.054824	-0.013237
	0.000000	0.000000	1.000000	0.000000	0.000000	-0.065807	0.101601	0.983004	-0.042539	-0.041538
	0.000000	0.000000	1.000000	0.000000	0.000000	-0.035505	0.002186	1.033094	-0.033064	0.020731
	0.000000	0.000000	1.000000	0.000000	0.000000	-0.052517	0.014555	0.884258	0.121276	0.013705
	0.000000	0.000000	1.000000	0.000000	0.000000	-0.007095	0.009363	1.052958	-0.071201	0.013523
	0.000000	0.000000	1.000000	0.000000	0.000000	-0.098969	-0.008460	0.895082	0.165048	0.044708
	0.000000	0.000000	1.000000	0.000000	0.000000	-0.009595	-0.014711	1.013721	-0.019327	0.029679
	0.000000	0.000000	1.000000	0.000000	0.000000	0.009149	0.005086	0.962484	0.014660	0.007752
	0.000000	0.000000	1.000000	0.000000	0.000000	0.045396	0.038237	1.035125	-0.103655	-0.001324
	0.000000	0.000000	1.000000	0.000000	0.000000	-0.068394	-0.034180	0.953476	0.103905	0.053907
	0.000000	0.000000	1.000000	0.000000	0.000000	-0.012374	0.031292	0.897004	0.060955	-0.001377
	0.000000	0.000000	1.000000	0.000000	0.000000	-0.051019	-0.031473	1.026047	0.001984	0.053744
	0.000000	0.000000	1.000000	0.000000	0.000000	-0.042059	-0.018624	1.001761	-0.030474	0.093140
	0.000000	0.000000	0.000000	1.000000	0.000000	-0.137935	0.052975	-0.034099	1.051106	0.011641
	0.000000	0.000000	0.000000	1.000000	0.000000	0.050500	0.070560	0.002525	0.818898	0.000766
	0.000000	0.000000	0.000000	1.000000	0.000000	0.094408	0.106319	-0.048339	0.677526	0.145800
	0.000000	0.000000	0.000000	1.000000	0.000000	-0.171287	0.162489	-0.074923	0.948916	0.201467
	0.000000	0.000000	0.000000	1.000000	0.000000	0.021698	-0.029800	0.030183	0.895523	0.015771
	0.000000	0.000000	0.000000	1.000000	0.000000	-0.049638	0.027850	-0.036937	0.793268	0.192275
	0.000000	0.000000	0.000000	1.000000	0.000000	-0.038526	-0.038757	0.112594	0.985922	-0.032594
	0.000000	0.000000	0.000000	1.000000	0.000000	-0.120669	0.258633	-0.084517	0.866573	0.099975
	0.000000	0.000000	0.000000	1.000000	0.000000	-0.150390	-0.012456	-0.047229	1.016538	0.169574
	0.000000	0.000000	0.000000	1.000000	0.000000	-0.150947	0.001310	-0.075225	0.932350	0.312170
	0.000000	0.000000	0.000000	1.000000	0.000000	0.113823	-0.034809	0.166492	0.918811	-0.105901
	0.000000	0.000000	0.000000	1.000000	0.000000	-0.058593	-0.033463	0.087977	1.023937	-0.041458
	0.000000	0.000000	0.000000	1.000000	0.000000	-0.071587	0.041066	-0.020776	1.000954	-0.011068
	0.000000	0.000000	0.000000	1.000000	0.000000	0.125382	-0.054968	0.155085	0.991683	-0.119930
	0.000000	0.000000	0.000000	1.000000	0.000000	-0.133565	-0.027799	-0.014371	1.103653	0.012603
	0.000000	0.000000	0.000000	1.000000	0.000000	-0.035640	-0.024951	0.070240	1.040549	-0.064708
	0.000000	0.000000	0.000000	0.000000	1.000000	-0.025200	-0.011437	0.011409	0.008090	1.031554
	0.000000	0.000000	0.000000	0.000000	1.000000	0.012931	-0.035069	0.002550	0.042961	0.992733
	0.000000	0.000000	0.000000	0.000000	1.000000	0.011041	0.044030	0.037533	-0.020464	0.955728
	0.000000	0.000000	0.000000	0.000000	1.000000	-0.017492	-0.067677	-0.021658	0.111945	0.985994
	0.000000	0.000000	0.000000	0.000000	1.000000	0.057655	0.004024	0.008409	-0.035645	0.968879
	0.000000	0.000000	0.000000	0.000000	1.000000	0.025113	0.090780	0.002266	-0.084783	0.962136
	0.000000	0.000000	0.000000	0.000000	1.000000	-0.015319	0.030816	-0.006581	-0.041498	1.020947
	0.000000	0.000000	0.000000	0.000000	1.000000	0.009250	-0.033013	0.007978	-0.007868	1.029429
	0.000000	0.000000	0.000000	0.000000	1.000000	-0.049430	-0.050030	-0.002892	0.009824	1.089634
	0.000000	0.000000	0.000000	0.000000	1.000000	-0.004544	0.062885	-0.018831	-0.034672	0.972821
	0.000000	0.000000	0.000000	0.000000	1.000000	-0.042205	-0.008940	-0.009154	0.033305	1.022015
	0.000000	0.000000	0.000000	0.000000	1.000000	-0.031789	-0.028580	0.001007	-0.010760	1.066192
	0.000000	0.000000	0.000000	0.000000	1.000000	-0.010556	0.035981	-0.009653	-0.046578	1.016138
	0.000000	0.000000	0.000000	0.000000	1.000000	-0.032656	-0.024620	0.002552	-0.015396	1.066966
	0.000000	0.000000	0.000000	0.000000	1.000000	-0.022600	-0.022187	0.001195	-0.015615	1.055806
	0.000000	0.000000	0.000000	0.000000	1.000000	-0.030794	-0.010330	-0.005005	0.021160	1.022102
	0.000000	0.000000	0.000000	0.000000	1.000000	-0.021273	0.087555	-0.016141	-0.009541	0.948219
	0.000000	0.000000	0.000000	0.000000	1.000000	0.036390	-0.032727	-0.004359	0.069404	0.934446
	0.000000	0.000000	0.000000	0.000000	1.000000	-0.021910	-0.027465	-0.003567	0.088150	0.974884
	0.000000	0.000000	0.000000	0.000000	1.000000	-0.007907	0.046153	0.004750	0.003442	0.954591
	0.000000	0.000000	0.000000	0.000000	1.000000	-0.034237	-0.002258	0.006459	-0.026071	1.055664
	0.000000	0.000000	0.000000	0.000000	1.000000	-0.032526	-0.046914	0.010239	-0.012156	1.085541
	0.000000	0.000000	0.000000	0.000000	1.000000	-0.035288	-0.009587	-0.001898	-0.020401	1.060054
	0.000000	0.000000	0.000000	0.000000	1.000000	0.021844	-0.028953	0.014299	-0.019050	1.031773
	0.000000	0.000000	0.000000	0.000000	1.000000	-0.024271	-0.016384	0.010271	-0.027366	1.058476
	0.000000	0.000000	0.000000	0.000000	1.000000	-0.043754	-0.032770	0.005771	-0.004708	1.074929
	0.000000	0.000000	0.000000	0.000000	1.000000	0.008065	0.003167	0.012949	-0.055619	1.037180
	0.000000	0.000000	0.000000	0.000000	1.000000	-0.003455	0.086980	-0.008586	-0.037250	0.950201
	0.000000	0.000000	0.000000	0.000000	1.000000	-0.028122	-0.030944	0.009849	0.009801	1.047914
	0.000000	0.000000	0.000000	0.000000	1.000000	-0.050762	-0.051002	0.007066	0.011152	1.078396
	0.000000	0.000000	0.000000	0.000000	1.000000	-0.021851	-0.013249	0.014671	-0.018333	1.047478
	0.000000	0.000000	0.000000	0.000000	1.000000	-0.042075	-0.065813	0.000149	0.013509	1.095669
	0.000000	0.000000	0.000000	0.000000	1.000000	-0.039055	-0.021095	-0.012289	0.001463	1.060855
	0.000000	0.000000	0.000000	0.000000	1.000000	-0.017224	0.022116	-0.008686	-0.023969	1.018101
	0.000000	0.000000	0.000000	0.000000	1.000000	0.154024	-0.020975	-0.000874	0.062338	0.808217
	0.000000	0.000000	0.000000	0.000000	1.000000	0.002207	0.041598	0.026206	-0.064916	1.010738
	0.000000	0.000000	0.000000	0.000000	1.000000	-0.026830	-0.043686	0.009346	-0.008568	1.073407
	0.000000	0.000000	0.000000	0.000000	1.000000	-0.047532	-0.040408	-0.008461	0.007205	1.081319
	0.000000	0.000000	0.000000	0.000000	1.000000	-0.004497	0.029368	-0.019061	-0.046813	1.019030
	0.000000	0.000000	0.000000	0.000000	1.000000	-0.018726	-0.053751	0.004140	-0.002427	1.075710
	0.000000	0.000000	0.000000	0.000000	1.000000	0.012253	0.126422	-0.001577	-0.056208	0.912204
	0.000000	0.000000	0.000000	0.000000	1.000000	-0.008087	0.051152	0.003286	-0.001296	0.949658
	0.000000	0.000000	0.000000	0.000000	1.000000	-0.053255	-0.046423	-0.000879	0.020237	1.082104
	0.000000	0.000000	0.000000	0.000000	1.000000	-0.023409	0.001140	-0.002526	-0.024270	1.043064
	0.000000	0.000000	0.000000	0.000000	1.000000	-0.041097	-0.005770	-0.005106	-0.003463	1.050905
	0.000000	0.000000	0.000000	0.000000	1.000000	-0.018632	0.006273	0.015554	0.007552	1.003398
	0.000000	0.000000	0.000000	0.000000	1.000000	-0.011062	0.056102	0.011064	-0.052500	0.999854
	0.000000	0.000000	0.000000	0.000000	1.000000	0.004291	-0.012561	0.005444	-0.019190	1.017468
	0.000000	0.000000	0.000000	0.000000	1.000000	-0.053313	0.113299	0.009860	0.041695	0.914830
	0.000000	0.000000	0.000000	0.000000	1.000000	0.000391	0.050545	-0.004229	-0.034550	0.972313
	0.000000	0.000000	0.000000	0.000000	1.000000	-0.012605	0.035325	-0.009322	-0.006926	0.976752
	0.000000	0.000000	0.000000	0.000000	1.000000	0.191396	-0.007091	-0.006374	0.186423	0.630912
	0.000000	0.000000	0.000000	0.000000	1.000000	-0.071570	0.051775	0.055338	0.038450	0.955657
	0.000000	0.000000	0.000000	0.000000	1.000000	0.076689	0.015445	0.057554	-0.086507	0.948306
	0.000000	0.000000	0.000000	0.000000	1.000000	-0.038974	0.149397	0.033345	-0.034065	0.923977
	0.000000	0.000000	0.000000	0.000000	1.000000	-0.028831	0.001767	0.053266	0.009279	0.962001
	0.000000	0.000000	0.000000	0.000000	1.000000	-0.068630	0.020244	0.010527	0.084689	0.987350
	0.000000	0.000000	0.000000	0.000000	1.000000	-0.034719	-0.011955	-0.002632	-0.021375	1.062831
	0.000000	0.000000	0.000000	0.000000	1.000000	-0.002660	-0.032565	0.044883	-0.060228	1.050120
	0.000000	0.000000	0.000000	0.000000	1.000000	0.015450	0.005358	0.016492	-0.078832	1.047357
	0.000000	0.000000	0.000000	0.000000	1.000000	0.108165	0.022489	0.031004	-0.062438	0.930495
	0.000000	0.000000	0.000000	0.000000	1.000000	-0.030057	0.011512	-0.000905	-0.011289	1.028955
	0.000000	0.000000	0.000000	0.000000	1.000000	0.033505	-0.020962	0.029823	-0.088786	1.067068
	0.000000	0.000000	0.000000	0.000000	1.000000	0.038018	-0.031902	0.026246	-0.079222	1.067506
	0.000000	0.000000	0.000000	0.000000	1.000000	-0.034118	0.081035	0.048645	0.100953	0.779871
	1.000000	0.000000	0.000000	0.000000	0.000000	0.458705	-0.054413	-0.065483	0.264351	0.322477
	1.000000	0.000000	0.000000	0.000000	0.000000	0.404681	-0.037769	-0.026361	0.054840	0.493119
	1.000000	0.000000	0.000000	0.000000	0.000000	0.608923	-0.035919	-0.049868	0.178752	0.251438
	1.000000	0.000000	0.000000	0.000000	0.000000	0.874459	-0.002715	0.020473	-0.107115	0.312789
	1.000000	0.000000	0.000000	0.000000	0.000000	0.709878	-0.054710	-0.061246	0.197059	0.125420
	1.000000	0.000000	0.000000	0.000000	0.000000	0.802173	-0.030983	-0.029723	0.042450	0.208026
	1.000000	0.000000	0.000000	0.000000	0.000000	0.777377	-0.045818	-0.038557	0.085526	0.186602
	1.000000	0.000000	0.000000	0.000000	0.000000	0.756645	0.007500	-0.037232	0.246233	0.013640
	1.000000	0.000000	0.000000	0.000000	0.000000	0.822665	-0.022575	-0.055210	0.177950	0.037963
	1.000000	0.000000	0.000000	0.000000	0.000000	0.234483	-0.040514	-0.016817	0.068651	0.760135
	1.000000	0.000000	0.000000	0.000000	0.000000	0.194873	0.422020	0.005604	0.323826	0.009319
	1.000000	0.000000	0.000000	0.000000	0.000000	0.538474	-0.039922	-0.011113	-0.000397	0.540796
	1.000000	0.000000	0.000000	0.000000	0.000000	0.280618	-0.022715	0.014755	-0.067955	0.804346
	1.000000	0.000000	0.000000	0.000000	0.000000	0.312491	0.005490	0.041713	-0.023430	0.718511
	1.000000	0.000000	0.000000	0.000000	0.000000	0.607186	-0.033448	-0.025294	0.096692	0.223238
	1.000000	0.000000	0.000000	0.000000	0.000000	0.410445	-0.045676	0.019366	0.283959	0.146072
	0.000000	1.000000	0.000000	0.000000	0.000000	-0.012735	1.043224	0.021776	0.006894	-0.068798
	0.000000	1.000000	0.000000	0.000000	0.000000	0.000371	0.941772	-0.061061	0.039348	0.049419
	0.000000	1.000000	0.000000	0.000000	0.000000	-0.003004	0.896802	0.146104	0.021591	-0.131113
	0.000000	1.000000	0.000000	0.000000	0.000000	-0.010192	0.975602	0.022205	0.057399	-0.101290
	0.000000	1.000000	0.000000	0.000000	0.000000	-0.016504	0.990630	-0.046348	0.049656	0.009100
	0.000000	1.000000	0.000000	0.000000	0.000000	0.081402	0.736520	0.068379	-0.081526	0.224962
	0.000000	1.000000	0.000000	0.000000	0.000000	0.034302	0.686921	-0.041065	0.012408	0.241606
	0.000000	1.000000	0.000000	0.000000	0.000000	-0.070032	0.677885	-0.079231	0.172528	0.309180
	0.000000	1.000000	0.000000	0.000000	0.000000	-0.004745	1.031946	-0.015084	-0.008259	-0.006067
	0.000000	1.000000	0.000000	0.000000	0.000000	-0.008784	1.048258	-0.011183	-0.008231	-0.020276
	0.000000	1.000000	0.000000	0.000000	0.000000	0.011019	1.051379	0.041498	-0.067629	-0.022975
	0.000000	1.000000	0.000000	0.000000	0.000000	0.052546	0.946452	-0.041185	-0.066124	0.080730
	0.000000	1.000000	0.000000	0.000000	0.000000	-0.005967	1.011774	-0.033153	0.010895	0.006072
	0.000000	1.000000	0.000000	0.000000	0.000000	0.001914	0.991052	-0.032238	-0.002034	0.028417
	0.000000	1.000000	0.000000	0.000000	0.000000	-0.144555	0.926109	-0.052966	0.347695	-0.002120
	0.000000	1.000000	0.000000	0.000000	0.000000	-0.134553	0.818897	0.401430	-0.185071	0.283863
	0.000000	1.000000	0.000000	0.000000	0.000000	-0.006262	1.037181	-0.011134	-0.009654	-0.010728
	0.000000	1.000000	0.000000	0.000000	0.000000	-0.018710	1.043018	0.025542	-0.060677	0.011809
	0.000000	1.000000	0.000000	0.000000	0.000000	-0.032578	1.075376	0.013358	-0.000775	-0.049911
	0.000000	1.000000	0.000000	0.000000	0.000000	0.179753	0.955882	0.011047	-0.094441	-0.027630
	0.000000	1.000000	0.000000	0.000000	0.000000	-0.008596	1.043577	-0.015481	0.002936	-0.027725
	0.000000	1.000000	0.000000	0.000000	0.000000	0.036992	0.952985	-0.023750	-0.058644	0.076577
	0.000000	1.000000	0.000000	0.000000	0.000000	-0.022510	1.035720	0.022191	-0.057508	0.019275
	0.000000	1.000000	0.000000	0.000000	0.000000	-0.020061	1.019364	-0.002528	-0.004472	0.019138
	0.000000	1.000000	0.000000	0.000000	0.000000	-0.019012	1.066815	0.000048	0.004748	-0.044919
	0.000000	1.000000	0.000000	0.000000	0.000000	-0.053934	0.867687	-0.041770	0.094955	0.152064
	0.000000	1.000000	0.000000	0.000000	0.000000	0.044394	1.001080	0.003970	-0.110204	0.056050
	0.000000	1.000000	0.000000	0.000000	0.000000	-0.006446	0.963321	-0.015075	0.006750	0.052072
	0.000000	1.000000	0.000000	0.000000	0.000000	-0.010309	1.051174	-0.010624	-0.009862	-0.017854
	0.000000	1.000000	0.000000	0.000000	0.000000	-0.006049	0.928365	-0.008056	-0.006861	0.086696
	0.000000	1.000000	0.000000	0.000000	0.000000	-0.073195	0.900771	-0.049247	0.215735	0.014126
	0.000000	1.000000	0.000000	0.000000	0.000000	-0.056850	0.872611	-0.013698	0.144896	0.036587
	0.000000	1.000000	0.000000	0.000000	0.000000	-0.014825	1.045434	0.009321	-0.018749	-0.021521
	0.000000	1.000000	0.000000	0.000000	0.000000	-0.018013	1.083266	0.003816	-0.008963	-0.054361
	0.000000	1.000000	0.000000	0.000000	0.000000	-0.185713	0.712663	0.383493	-0.080176	0.234174
	0.000000	0.000000	1.000000	0.000000	0.000000	-0.119833	-0.029418	0.946342	0.054175	0.165278
	0.000000	0.000000	1.000000	0.000000	0.000000	-0.022740	-0.045293	0.936519	0.115952	0.023643
	0.000000	0.000000	1.000000	0.000000	0.000000	0.031943	0.073121	1.053455	-0.134805	-0.017441
	0.000000	0.000000	1.000000	0.000000	0.000000	0.036733	0.049309	0.883647	0.024600	-0.016873
	0.000000	0.000000	1.000000	0.000000	0.000000	-0.105399	0.056456	0.923166	0.065952	0.011320
	0.000000	0.000000	1.000000	0.000000	0.000000	0.016165	0.030295	0.933660	0.042628	-0.032228
	0.000000	0.000000	1.000000	0.000000	0.000000	-0.099107	-0.022113	0.556304	0.551102	0.032196
	0.000000	0.000000	1.000000	0.000000	0.000000	-0.043689	0.063103	0.996089	-0.010100	-0.049645
	0.000000	0.000000	1.000000	0.000000	0.000000	-0.018746	-0.025962	1.014230	-0.009625	0.037079
	0.000000	0.000000	1.000000	0.000000	0.000000	0.007080	-0.016949	0.843546	0.175761	-0.004095
	0.000000	0.000000	1.000000	0.000000	0.000000	0.202134	0.098284	0.844962	-0.035892	-0.061490
	0.000000	0.000000	1.000000	0.000000	0.000000	0.012252	-0.050655	0.808601	0.235177	0.009375
	0.000000	0.000000	1.000000	0.000000	0.000000	0.014906	0.013322	1.053201	-0.093709	0.014063
	0.000000	0.000000	1.000000	0.000000	0.000000	-0.268895	0.129714	0.122493	0.907381	0.264876
	0.000000	0.000000	1.000000	0.000000	0.000000	-0.044403	-0.024299	1.010368	0.002115	0.056083
	0.000000	0.000000	1.000000	0.000000	0.000000	0.033555	0.078873	1.052502	-0.144901	-0.002078
	0.000000	0.000000	0.000000	1.000000	0.000000	0.105465	0.022891	0.214385	0.795077	-0.103990
	0.000000	0.000000	0.000000	1.000000	0.000000	-0.055755	-0.053375	-0.019852	0.651478	0.407861
	0.000000	0.000000	0.000000	1.000000	0.000000	-0.218912	0.124707	-0.073127	0.996297	0.268491
	0.000000	0.000000	0.000000	1.000000	0.000000	-0.184542	0.021613	-0.052844	1.102400	0.064756
	0.000000	0.000000	0.000000	1.000000	0.000000	-0.026393	-0.049739	0.033376	0.930945	0.040752
	0.000000	0.000000	0.000000	1.000000	0.000000	-0.166436	0.001637	-0.073448	0.979674	0.272541
	0.000000	0.000000	0.000000	1.000000	0.000000	0.025654	0.027109	-0.032587	0.832127	0.059701
	0.000000	0.000000	0.000000	1.000000	0.000000	0.064005	-0.011463	0.088914	0.955499	-0.088567
	0.000000	0.000000	0.000000	1.000000	0.000000	-0.174392	-0.026635	0.066140	1.052024	0.064427
	0.000000	0.000000	0.000000	1.000000	0.000000	-0.162794	0.017647	-0.067436	1.081169	0.083098
	0.000000	0.000000	0.000000	1.000000	0.000000	0.126187	-0.010367	0.228173	0.845963	-0.115528
	0.000000	0.000000	0.000000	1.000000	0.000000	-0.071078	-0.048776	0.084156	1.043579	-0.024761
	0.000000	0.000000	0.000000	1.000000	0.000000	-0.233069	-0.025382	0.004616	1.134127	0.117815
	0.000000	0.000000	0.000000	1.000000	0.000000	0.010689	-0.080968	0.536529	0.669659	-0.040742
	0.000000	0.000000	0.000000	1.000000	0.000000	-0.064036	-0.011735	0.276301	0.810332	-0.005282
	0.000000	0.000000	0.000000	0.000000	1.000000	-0.009117	-0.025007	0.015136	0.001691	1.037218
	0.000000	0.000000	0.000000	0.000000	1.000000	-0.058373	-0.005866	0.004318	0.079549	1.009891
	0.000000	0.000000	0.000000	0.000000	1.000000	-0.033609	-0.015480	0.002070	-0.011156	1.055815
	0.000000	0.000000	0.000000	0.000000	1.000000	0.002266	0.000170	0.015815	-0.061709	1.046290
	0.000000	0.000000	0.000000	0.000000	1.000000	0.022772	0.054751	0.007859	-0.032521	0.945206
	0.000000	0.000000	0.000000	0.000000	1.000000	0.001598	-0.052012	0.014119	-0.033118	1.079737
	0.000000	0.000000	0.000000	0.000000	1.000000	-0.037135	-0.017994	-0.010236	0.107787	0.966032
	0.000000	0.000000	0.000000	0.000000	1.000000	-0.017070	-0.009060	0.006100	-0.026003	1.048333
	0.000000	0.000000	0.000000	0.000000	1.000000	0.111286	0.006266	0.045758	-0.088127	0.975625
	0.000000	0.000000	0.000000	0.000000	1.000000	0.322009	-0.042189	-0.032188	0.095341	0.582753
	0.000000	0.000000	0.000000	0.000000	1.000000	-0.029213	0.008004	-0.008819	-0.014833	1.033819
	0.000000	0.000000	0.000000	0.000000	1.000000	-0.028596	-0.026690	0.028401	-0.032088	1.074263
	0.000000	0.000000	0.000000	0.000000	1.000000	-0.016948	0.010103	0.000970	-0.041499	1.038902
	0.000000	0.000000	0.000000	0.000000	1.000000	-0.051312	-0.069200	-0.001483	0.025329	1.100846
	0.000000	0.000000	0.000000	0.000000	1.000000	-0.004695	0.021313	-0.000559	-0.042403	1.018305
	0.000000	0.000000	0.000000	0.000000	1.000000	-0.031929	-0.074965	-0.023707	0.112330	1.018111
	0.000000	0.000000	0.000000	0.000000	1.000000	-0.024494	-0.023686	0.013376	0.010950	1.038468
	0.000000	0.000000	0.000000	0.000000	1.000000	-0.070833	0.087136	-0.012571	0.077369	0.936869
	0.000000	0.000000	0.000000	0.000000	1.000000	-0.009650	0.021855	0.010075	-0.066077	1.040980
	0.000000	0.000000	0.000000	0.000000	1.000000	-0.046750	-0.019579	-0.010299	0.118737	0.966528
	0.000000	0.000000	0.000000	0.000000	1.000000	-0.003081	-0.026855	0.004017	-0.027786	1.054287
	0.000000	0.000000	0.000000	0.000000	1.000000	-0.026819	-0.019779	0.002819	-0.037747	1.073173
	0.000000	0.000000	0.000000	0.000000	1.000000	0.057994	0.012763	0.031788	-0.109595	1.037558
	0.000000	0.000000	0.000000	0.000000	1.000000	-0.001509	-0.033228	0.008144	0.012714	1.028040
	0.000000	0.000000	0.000000	0.000000	1.000000	-0.012966	0.008527	0.005033	-0.052040	1.046602
	0.000000	0.000000	0.000000	0.000000	1.000000	0.013347	-0.013853	0.026167	-0.086241	1.067663
	0.000000	0.000000	0.000000	0.000000	1.000000	-0.006375	-0.035554	0.017843	-0.052959	1.082721
	0.000000	0.000000	0.000000	0.000000	1.000000	0.075926	-0.033097	-0.014793	0.114526	0.846210
	0.000000	0.000000	0.000000	0.000000	1.000000	-0.022769	-0.058996	0.009383	-0.022664	1.096899
	0.000000	0.000000	0.000000	0.000000	1.000000	-0.043324	-0.040252	0.001839	0.001308	1.080480
	0.000000	0.000000	0.000000	0.000000	1.000000	-0.063352	-0.068766	-0.008491	0.067112	1.085013
	0.000000	0.000000	0.000000	0.000000	1.000000	-0.009817	-0.002976	-0.007668	-0.013049	1.025990
	0.000000	0.000000	0.000000	0.000000	1.000000	-0.030658	-0.039578	0.002601	-0.022263	1.086720
	0.000000	0.000000	0.000000	0.000000	1.000000	-0.036279	-0.017823	-0.006728	-0.014472	1.064159
	0.000000	0.000000	0.000000	0.000000	1.000000	0.005480	-0.042321	0.009814	0.008748	1.032885
	0.000000	0.000000	0.000000	0.000000	1.000000	0.004532	0.139661	-0.014075	-0.035057	0.887726
	0.000000	0.000000	0.000000	0.000000	1.000000	0.004313	0.034326	0.010520	-0.076170	1.026569
	0.000000	0.000000	0.000000	0.000000	1.000000	0.011723	0.159440	-0.011605	-0.053206	0.881867
	0.000000	0.000000	0.000000	0.000000	1.000000	0.004302	0.108900	-0.012155	-0.055504	0.941360
	0.000000	0.000000	0.000000	0.000000	1.000000	-0.006907	0.034567	0.016219	-0.038864	0.999487
	0.000000	0.000000	0.000000	0.000000	1.000000	0.022898	0.103036	-0.032024	-0.069624	0.945584
	0.000000	0.000000	0.000000	0.000000	1.000000	-0.027855	0.036035	-0.004426	0.008082	0.987251
	0.000000	0.000000	0.000000	0.000000	1.000000	-0.029012	-0.061938	-0.004384	0.026758	1.071144
	0.000000	0.000000	0.000000	0.000000	1.000000	0.019934	0.005975	0.018697	-0.058290	1.024526
	0.000000	0.000000	0.000000	0.000000	1.000000	-0.065536	-0.028608	-0.001758	0.033149	1.071824
	0.000000	0.000000	0.000000	0.000000	1.000000	-0.014718	0.004057	0.011437	-0.064035	1.058969
	0.000000	0.000000	0.000000	0.000000	1.000000	-0.020229	-0.033962	-0.000364	-0.009461	1.064336
	0.000000	0.000000	0.000000	0.000000	1.000000	-0.022065	0.018189	0.003927	-0.011029	1.010877
	0.000000	0.000000	0.000000	0.000000	1.000000	0.024652	0.088768	-0.004569	-0.089628	0.972930
	0.000000	0.000000	0.000000	0.000000	1.000000	-0.038367	-0.036941	0.003788	0.012135	1.062659
	0.000000	0.000000	0.000000	0.000000	1.000000	0.027105	-0.021785	0.021105	-0.072458	1.062602
	0.000000	0.000000	0.000000	0.000000	1.000000	-0.027103	0.017272	-0.003873	-0.033476	1.036944
	0.000000	0.000000	0.000000	0.000000	1.000000	0.019047	0.013903	0.003976	-0.043355	0.995908
	0.000000	0.000000	0.000000	0.000000	1.000000	-0.020562	-0.008891	0.001787	-0.031274	1.051932
	0.000000	0.000000	0.000000	0.000000	1.000000	-0.092748	-0.012778	0.045562	0.054296	1.040989
	0.000000	0.000000	0.000000	0.000000	1.000000	-0.013894	-0.001541	0.001505	-0.004915	1.017273
	0.000000	0.000000	0.000000	0.000000	1.000000	0.003714	0.024977	0.010827	-0.061267	1.023995
	0.000000	0.000000	0.000000	0.000000	1.000000	-0.019775	-0.047187	0.008465	0.000839	1.061899
	0.000000	0.000000	0.000000	0.000000	1.000000	0.088068	-0.009604	0.049545	-0.134072	1.062569
	0.000000	0.000000	0.000000	0.000000	1.000000	0.019965	-0.027015	0.022263	-0.075941	1.074539
	0.000000	0.000000	0.000000	0.000000	1.000000	-0.008808	-0.030445	0.016610	-0.036404	1.067804
