	1.000000	0.000000	0.000000	0.000000	0.000000	0.918257	-0.056867	0.013470	-0.060692	0.141774
	1.000000	0.000000	0.000000	0.000000	0.000000	0.893844	-0.081233	-0.044275	0.058037	0.122254
	1.000000	0.000000	0.000000	0.000000	0.000000	1.044634	-0.103759	-0.027117	-0.024127	-0.042201
	1.000000	0.000000	0.000000	0.000000	0.000000	1.015534	-0.077560	-0.048832	0.037829	-0.017469
	1.000000	0.000000	0.000000	0.000000	0.000000	0.838429	-0.069888	-0.044684	0.096912	0.139431
	1.000000	0.000000	0.000000	0.000000	0.000000	0.886087	-0.059725	-0.015997	-0.003882	0.154471
	1.000000	0.000000	0.000000	0.000000	0.000000	0.797901	-0.059580	-0.041129	0.129679	0.130847
	1.000000	0.000000	0.000000	0.000000	0.000000	0.971989	-0.070127	-0.045244	0.086487	-0.037005
	1.000000	0.000000	0.000000	0.000000	0.000000	0.865066	-0.066557	-0.007287	-0.056496	0.259328
	1.000000	0.000000	0.000000	0.000000	0.000000	0.960189	-0.074341	-0.048974	0.185211	-0.106527
	1.000000	0.000000	0.000000	0.000000	0.000000	0.875668	-0.051919	-0.002655	-0.053923	0.216501
	1.000000	0.000000	0.000000	0.000000	0.000000	0.968110	-0.086388	-0.009200	-0.040214	0.051268
	1.000000	0.000000	0.000000	0.000000	0.000000	0.873188	-0.065194	-0.057415	0.168517	0.012504
	1.000000	0.000000	0.000000	0.000000	0.000000	0.321451	0.155833	0.062359	-0.013270	0.436884
	0.000000	1.000000	0.000000	0.000000	0.000000	-0.006371	1.019775	0.012093	-0.037341	-0.005786
	0.000000	1.000000	0.000000	0.000000	0.000000	-0.029545	1.026027	-0.020803	0.053230	-0.030246
	0.000000	1.000000	0.000000	0.000000	0.000000	-0.021082	1.042381	0.017954	-0.041647	-0.005649
	0.000000	1.000000	0.000000	0.000000	0.000000	-0.041889	1.019930	-0.029057	0.080512	-0.013619
	0.000000	1.000000	0.000000	0.000000	0.000000	0.017473	1.046253	0.005273	-0.054819	-0.021082
	0.000000	1.000000	0.000000	0.000000	0.000000	-0.028910	0.983558	-0.033092	0.074812	-0.008347
	0.000000	1.000000	0.000000	0.000000	0.000000	-0.019419	0.911868	-0.038031	0.049128	0.083589
	0.000000	1.000000	0.000000	0.000000	0.000000	-0.038060	0.934084	-0.039821	0.134288	0.005670
	0.000000	1.000000	0.000000	0.000000	0.000000	-0.038489	1.054099	-0.002654	0.049412	-0.058342
	0.000000	1.000000	0.000000	0.000000	0.000000	-0.027600	1.024723	-0.023647	0.066895	-0.058561
	0.000000	1.000000	0.000000	0.000000	0.000000	-0.000414	0.993777	0.009294	-0.019347	0.012153
	0.000000	1.000000	0.000000	0.000000	0.000000	-0.019794	1.055841	-0.026105	0.042452	-0.063808
	0.000000	1.000000	0.000000	0.000000	0.000000	-0.035727	1.017955	0.020128	-0.010316	0.006023
	0.000000	1.000000	0.000000	0.000000	0.000000	-0.015169	1.029909	-0.016222	0.011490	-0.013836
	0.000000	1.000000	0.000000	0.000000	0.000000	0.003965	0.992493	-0.027924	-0.004695	0.020804
	0.000000	1.000000	0.000000	0.000000	0.000000	-0.015552	1.053152	0.003073	-0.011110	-0.036646
	0.000000	1.000000	0.000000	0.000000	0.000000	0.034159	0.828463	-0.041809	-0.023238	0.155012
	0.000000	1.000000	0.000000	0.000000	0.000000	0.020338	0.935838	-0.049445	-0.000257	0.057643
	0.000000	1.000000	0.000000	0.000000	0.000000	-0.030592	0.991719	0.064490	-0.009378	-0.029934
	0.000000	1.000000	0.000000	0.000000	0.000000	0.014337	0.980781	-0.046066	0.002255	0.020547
	0.000000	1.000000	0.000000	0.000000	0.000000	-0.005179	1.064544	0.057648	-0.074753	-0.045478
	0.000000	1.000000	0.000000	0.000000	0.000000	-0.035606	0.836965	-0.054667	0.108783	0.148513
	0.000000	1.000000	0.000000	0.000000	0.000000	-0.042453	0.818075	-0.027278	0.076343	0.194827
	0.000000	1.000000	0.000000	0.000000	0.000000	-0.000633	0.901251	0.130283	-0.137971	0.114812
	0.000000	1.000000	0.000000	0.000000	0.000000	0.006602	1.069945	-0.007935	-0.032241	-0.044587
	0.000000	1.000000	0.000000	0.000000	0.000000	0.099955	1.045252	-0.005356	-0.134143	-0.016231
	0.000000	1.000000	0.000000	0.000000	0.000000	0.028035	1.029561	0.064568	-0.109230	-0.015663
	0.000000	1.000000	0.000000	0.000000	0.000000	-0.092527	0.966824	0.009589	0.127504	-0.000707
	0.000000	1.000000	0.000000	0.000000	0.000000	0.028855	0.879063	0.009322	0.010411	0.024357
	0.000000	1.000000	0.000000	0.000000	0.000000	-0.013258	0.919468	0.001498	0.020157	0.026791
	0.000000	1.000000	0.000000	0.000000	0.000000	0.001816	0.993714	0.050562	-0.022951	-0.051935
	0.000000	1.000000	0.000000	0.000000	0.000000	0.058843	0.973408	-0.041008	-0.069671	0.046714
	0.000000	1.000000	0.000000	0.000000	0.000000	-0.033668	1.092238	-0.002220	0.022817	-0.067998
	0.000000	1.000000	0.000000	0.000000	0.000000	-0.048478	1.007345	0.041274	0.009842	-0.028594
	0.000000	1.000000	0.000000	0.000000	0.000000	-0.036140	0.330462	0.117135	0.350142	0.124556
	0.000000	1.000000	0.000000	0.000000	0.000000	-0.002224	0.977156	-0.025364	-0.002170	0.043881
	0.000000	1.000000	0.000000	0.000000	0.000000	-0.012802	1.011062	-0.029396	0.058499	-0.033658
	0.000000	1.000000	0.000000	0.000000	0.000000	-0.015518	1.051117	0.011012	-0.016490	-0.043186
	0.000000	1.000000	0.000000	0.000000	0.000000	-0.025704	1.081213	-0.012981	0.025663	-0.063783
	0.000000	0.000000	1.000000	0.000000	0.000000	0.012162	0.047585	1.016006	-0.066130	-0.036416
	0.000000	0.000000	1.000000	0.000000	0.000000	-0.085834	0.074238	0.992089	-0.014641	-0.019384
	0.000000	0.000000	1.000000	0.000000	0.000000	-0.012448	0.019935	1.037852	-0.061067	-0.011848
	0.000000	0.000000	1.000000	0.000000	0.000000	-0.041741	0.034443	0.881230	0.097227	-0.001324
	0.000000	0.000000	1.000000	0.000000	0.000000	0.001666	0.010584	1.051031	-0.073503	-0.010116
	0.000000	0.000000	1.000000	0.000000	0.000000	-0.109641	0.001953	0.876913	0.198483	0.039332
	0.000000	0.000000	1.000000	0.000000	0.000000	0.021945	0.000551	1.019256	-0.056660	-0.005571
	0.000000	0.000000	1.000000	0.000000	0.000000	0.052564	0.020735	0.946493	-0.000426	-0.034985
	0.000000	0.000000	1.000000	0.000000	0.000000	0.075004	0.050657	1.033381	-0.126871	-0.033594
	0.000000	0.000000	1.000000	0.000000	0.000000	-0.061343	-0.022404	0.943551	0.102534	0.031551
	0.000000	0.000000	1.000000	0.000000	0.000000	0.042460	0.067271	0.880655	0.020472	-0.045597
	0.000000	0.000000	1.000000	0.000000	0.000000	-0.022872	-0.017805	1.032401	-0.031298	0.018346
	0.000000	0.000000	1.000000	0.000000	0.000000	0.000930	-0.006942	1.016731	-0.077614	0.056451
	0.000000	0.000000	0.000000	1.000000	0.000000	-0.124501	0.074358	-0.009131	1.013203	0.020891
	0.000000	0.000000	0.000000	1.000000	0.000000	0.103946	0.069420	0.031859	0.747662	-0.013682
	0.000000	0.000000	0.000000	1.000000	0.000000	0.171033	0.141848	-0.031822	0.610007	0.085678
	0.000000	0.000000	0.000000	1.000000	0.000000	-0.148098	0.212705	-0.054052	0.882592	0.175337
	0.000000	0.000000	0.000000	1.000000	0.000000	0.098022	0.006073	0.054479	0.805439	-0.022350
	0.000000	0.000000	0.000000	1.000000	0.000000	0.104581	0.037720	-0.002384	0.654245	0.090043
	0.000000	0.000000	0.000000	1.000000	0.000000	0.068874	0.004224	0.128544	0.921159	-0.092802
	0.000000	0.000000	0.000000	1.000000	0.000000	-0.112666	0.294926	-0.066649	0.816334	0.105290
	0.000000	0.000000	0.000000	1.000000	0.000000	-0.086569	0.047844	-0.017482	0.925377	0.092985
	0.000000	0.000000	0.000000	1.000000	0.000000	-0.129362	0.041004	-0.053855	0.846285	0.303268
	0.000000	0.000000	0.000000	1.000000	0.000000	0.194976	0.014414	0.152570	0.878513	-0.142604
	0.000000	0.000000	0.000000	1.000000	0.000000	0.023219	0.021334	0.098934	0.956907	-0.087120
	0.000000	0.000000	0.000000	1.000000	0.000000	-0.044798	0.065096	-0.002610	0.954107	-0.013902
	0.000000	0.000000	0.000000	1.000000	0.000000	0.241599	0.008086	0.121870	0.954417	-0.165864
	0.000000	0.000000	0.000000	1.000000	0.000000	-0.086793	0.043236	-0.003725	1.046297	-0.028570
	0.000000	0.000000	0.000000	1.000000	0.000000	0.041110	0.032074	0.075100	0.982943	-0.103804
	0.000000	0.000000	0.000000	0.000000	1.000000	-0.006083	-0.000498	0.013814	-0.003109	1.013695
	0.000000	0.000000	0.000000	0.000000	1.000000	0.038847	-0.024210	0.000793	0.031878	0.965308
	0.000000	0.000000	0.000000	0.000000	1.000000	0.029136	0.048464	0.046810	-0.035469	0.937652
	0.000000	0.000000	0.000000	0.000000	1.000000	0.015835	-0.064873	-0.028563	0.121106	0.942471
	0.000000	0.000000	0.000000	0.000000	1.000000	0.088355	0.005042	0.004235	-0.028980	0.928000
	0.000000	0.000000	0.000000	0.000000	1.000000	0.025232	0.082547	0.005161	-0.078125	0.962656
	0.000000	0.000000	0.000000	0.000000	1.000000	-0.015970	0.014866	-0.000947	-0.026328	1.030388
	0.000000	0.000000	0.000000	0.000000	1.000000	0.015849	-0.030758	0.005859	-0.010404	1.022791
	0.000000	0.000000	0.000000	0.000000	1.000000	-0.034320	-0.042295	-0.008427	0.009832	1.080441
	0.000000	0.000000	0.000000	0.000000	1.000000	-0.007364	0.058270	-0.023964	-0.011556	0.973255
	0.000000	0.000000	0.000000	0.000000	1.000000	-0.038874	0.004052	-0.016261	0.045697	1.009886
	0.000000	0.000000	0.000000	0.000000	1.000000	-0.021526	-0.018831	-0.006187	-0.009875	1.057244
	0.000000	0.000000	0.000000	0.000000	1.000000	0.011380	0.047368	-0.012167	-0.051132	0.998926
	0.000000	0.000000	0.000000	0.000000	1.000000	-0.017702	-0.015169	-0.000842	-0.019689	1.056090
	0.000000	0.000000	0.000000	0.000000	1.000000	-0.001727	-0.011146	-0.004481	-0.019122	1.036505
	0.000000	0.000000	0.000000	0.000000	1.000000	-0.009367	0.002700	-0.009543	0.024233	0.994563
	0.000000	0.000000	0.000000	0.000000	1.000000	-0.015827	0.096761	-0.019881	0.006560	0.932096
	0.000000	0.000000	0.000000	0.000000	1.000000	0.042235	-0.021942	-0.011099	0.079073	0.904361
	0.000000	0.000000	0.000000	0.000000	1.000000	-0.011200	-0.011739	-0.008225	0.100507	0.939212
	0.000000	0.000000	0.000000	0.000000	1.000000	0.003517	0.056913	0.005798	-0.000770	0.936962
	0.000000	0.000000	0.000000	0.000000	1.000000	-0.009216	0.013331	0.011029	-0.043936	1.038632
	0.000000	0.000000	0.000000	0.000000	1.000000	0.004835	-0.036351	0.011401	-0.031631	1.062016
	0.000000	0.000000	0.000000	0.000000	1.000000	-0.007599	0.010672	-0.006048	-0.035035	1.038121
	0.000000	0.000000	0.000000	0.000000	1.000000	0.058611	-0.020933	0.013095	-0.034990	1.005232
	0.000000	0.000000	0.000000	0.000000	1.000000	-0.002014	-0.008392	0.010343	-0.037042	1.043503
	0.000000	0.000000	0.000000	0.000000	1.000000	-0.026119	-0.026217	0.003134	-0.004596	1.061278
	0.000000	0.000000	0.000000	0.000000	1.000000	0.027200	0.000072	0.018104	-0.067190	1.032017
	0.000000	0.000000	0.000000	0.000000	1.000000	0.009647	0.104327	-0.017980	-0.032144	0.924201
	0.000000	0.000000	0.000000	0.000000	1.000000	0.004030	-0.027422	0.014474	-0.002105	1.023501
	0.000000	0.000000	0.000000	0.000000	1.000000	-0.030657	-0.055135	0.005316	0.009926	1.063117
	0.000000	0.000000	0.000000	0.000000	1.000000	0.002793	-0.003211	0.017153	-0.033286	1.029189
	0.000000	0.000000	0.000000	0.000000	1.000000	-0.020769	-0.059950	-0.006139	0.010262	1.081574
	0.000000	0.000000	0.000000	0.000000	1.000000	-0.028648	-0.016882	-0.015574	0.007391	1.056514
	0.000000	0.000000	0.000000	0.000000	1.000000	0.002823	0.033820	-0.012130	-0.026100	0.999630
	0.000000	0.000000	0.000000	0.000000	1.000000	0.230798	-0.015551	0.000657	0.053513	0.727035
	0.000000	0.000000	0.000000	0.000000	1.000000	0.028876	0.063186	0.022946	-0.077646	0.979059
	0.000000	0.000000	0.000000	0.000000	1.000000	-0.006473	-0.036315	0.005454	-0.016611	1.059447
	0.000000	0.000000	0.000000	0.000000	1.000000	-0.035098	-0.035811	-0.012474	0.011391	1.075421
	0.000000	0.000000	0.000000	0.000000	1.000000	0.007130	0.022521	-0.015263	-0.045422	1.022505
	0.000000	0.000000	0.000000	0.000000	1.000000	-0.000449	-0.048920	-0.000700	-0.009169	1.065128
	0.000000	0.000000	0.000000	0.000000	1.000000	0.025643	0.147162	-0.012846	-0.050236	0.877175
	0.000000	0.000000	0.000000	0.000000	1.000000	-0.000540	0.079902	-0.007964	0.004315	0.913931
	0.000000	0.000000	0.000000	0.000000	1.000000	-0.033568	-0.036249	-0.004327	0.014435	1.068817
	0.000000	0.000000	0.000000	0.000000	1.000000	-0.014349	0.001315	-0.000441	-0.020820	1.040812
	0.000000	0.000000	0.000000	0.000000	1.000000	-0.018389	0.009704	-0.006762	-0.010721	1.031950
	0.000000	0.000000	0.000000	0.000000	1.000000	-0.002891	0.020417	0.017070	-0.002696	0.982404
	0.000000	0.000000	0.000000	0.000000	1.000000	0.005258	0.066956	0.011343	-0.060868	0.985896
	0.000000	0.000000	0.000000	0.000000	1.000000	0.024109	-0.015193	0.004561	-0.012401	0.994872
	0.000000	0.000000	0.000000	0.000000	1.000000	-0.040554	0.143877	0.008791	0.048497	0.873298
	0.000000	0.000000	0.000000	0.000000	1.000000	-0.010323	0.054583	-0.012469	-0.012478	0.969908
	0.000000	0.000000	0.000000	0.000000	1.000000	-0.017322	0.046158	-0.017900	0.013570	0.965086
	0.000000	0.000000	0.000000	0.000000	1.000000	0.289242	0.003279	0.003227	0.164879	0.515955
	0.000000	0.000000	0.000000	0.000000	1.000000	-0.035406	0.047878	0.069063	0.024608	0.901676
	0.000000	0.000000	0.000000	0.000000	1.000000	0.123632	0.003607	0.064573	-0.093178	0.891392
	0.000000	0.000000	0.000000	0.000000	1.000000	-0.026301	0.172845	0.037986	-0.037803	0.893877
	0.000000	0.000000	0.000000	0.000000	1.000000	0.025327	-0.015184	0.048631	0.023282	0.881497
	0.000000	0.000000	0.000000	0.000000	1.000000	-0.067963	0.026671	0.021052	0.113582	0.968917
	0.000000	0.000000	0.000000	0.000000	1.000000	-0.013113	-0.002205	-0.001306	-0.032156	1.051666
	0.000000	0.000000	0.000000	0.000000	1.000000	0.041200	-0.039788	0.045224	-0.063067	1.003777
	0.000000	0.000000	0.000000	0.000000	1.000000	0.040962	0.004350	0.021183	-0.091975	1.037826
	0.000000	0.000000	0.000000	0.000000	1.000000	0.145404	0.010516	0.037727	-0.068077	0.900545
	0.000000	0.000000	0.000000	0.000000	1.000000	-0.017996	0.028688	-0.005360	-0.013144	1.013709
	0.000000	0.000000	0.000000	0.000000	1.000000	0.058948	-0.025240	0.033882	-0.106137	1.057061
	0.000000	0.000000	0.000000	0.000000	1.000000	0.061287	-0.037759	0.027506	-0.092356	1.057169
	0.000000	0.000000	0.000000	0.000000	1.000000	-0.012869	0.087749	0.060947	0.099250	0.718451
	1.000000	0.000000	0.000000	0.000000	0.000000	0.484179	-0.062373	-0.059946	0.245820	0.322852
	1.000000	0.000000	0.000000	0.000000	0.000000	0.511500	-0.074052	-0.031134	0.070245	0.398870
	1.000000	0.000000	0.000000	0.000000	0.000000	0.618499	-0.056147	-0.049248	0.170930	0.264098
	1.000000	0.000000	0.000000	0.000000	0.000000	0.886364	-0.061001	0.009042	-0.093815	0.298836
	1.000000	0.000000	0.000000	0.000000	0.000000	0.713833	-0.081315	-0.066336	0.209803	0.125259
	1.000000	0.000000	0.000000	0.000000	0.000000	0.790695	-0.069318	-0.036304	0.057866	0.222409
	1.000000	0.000000	0.000000	0.000000	0.000000	0.783937	-0.077858	-0.049454	0.123372	0.160353
	1.000000	0.000000	0.000000	0.000000	0.000000	0.799050	-0.028727	-0.037256	0.241497	-0.010323
	1.000000	0.000000	0.000000	0.000000	0.000000	0.806511	-0.055884	-0.057201	0.203515	0.045415
	1.000000	0.000000	0.000000	0.000000	0.000000	0.284193	-0.046700	-0.021868	0.071159	0.711601
	1.000000	0.000000	0.000000	0.000000	0.000000	0.140412	0.407042	0.021717	0.304225	0.049190
	1.000000	0.000000	0.000000	0.000000	0.000000	0.546890	-0.071882	-0.021463	0.021888	0.526194
	1.000000	0.000000	0.000000	0.000000	0.000000	0.333993	-0.050202	0.011413	-0.063897	0.749405
	1.000000	0.000000	0.000000	0.000000	0.000000	0.318568	0.002597	0.043176	-0.016167	0.668586
	1.000000	0.000000	0.000000	0.000000	0.000000	0.681190	-0.075442	-0.029245	0.109356	0.171268
	1.000000	0.000000	0.000000	0.000000	0.000000	0.639758	-0.062878	0.025115	0.231724	0.024394
	0.000000	1.000000	0.000000	0.000000	0.000000	-0.004465	1.047115	0.022615	0.000947	-0.085462
	0.000000	1.000000	0.000000	0.000000	0.000000	-0.007729	0.914083	-0.076668	0.089288	0.054344
	0.000000	1.000000	0.000000	0.000000	0.000000	0.010192	0.888777	0.187559	-0.031165	-0.113405
	0.000000	1.000000	0.000000	0.000000	0.000000	-0.053384	0.975436	0.029407	0.062607	-0.078183
	0.000000	1.000000	0.000000	0.000000	0.000000	-0.024016	0.968410	-0.060551	0.094707	0.011811
	0.000000	1.000000	0.000000	0.000000	0.000000	0.073391	0.734720	0.063013	-0.092889	0.217364
	0.000000	1.000000	0.000000	0.000000	0.000000	-0.003850	0.654757	-0.048567	0.065527	0.273218
	0.000000	1.000000	0.000000	0.000000	0.000000	-0.096832	0.561526	-0.062191	0.243519	0.432535
	0.000000	1.000000	0.000000	0.000000	0.000000	-0.008861	1.025930	-0.024616	0.018554	-0.019188
	0.000000	1.000000	0.000000	0.000000	0.000000	-0.009595	1.042953	-0.024525	0.013613	-0.032407
	0.000000	1.000000	0.000000	0.000000	0.000000	0.022665	1.052218	0.043228	-0.088012	-0.037408
	0.000000	1.000000	0.000000	0.000000	0.000000	0.044788	0.921290	-0.056293	-0.032349	0.081414
	0.000000	1.000000	0.000000	0.000000	0.000000	-0.011289	1.004891	-0.044807	0.045801	-0.006400
	0.000000	1.000000	0.000000	0.000000	0.000000	-0.001342	0.977669	-0.042201	0.028064	0.020615
	0.000000	1.000000	0.000000	0.000000	0.000000	-0.150097	0.914770	-0.060331	0.439586	-0.026978
	0.000000	1.000000	0.000000	0.000000	0.000000	-0.154713	0.654309	0.464603	-0.143703	0.372386
	0.000000	1.000000	0.000000	0.000000	0.000000	-0.008751	1.036657	-0.022272	0.015954	-0.029887
	0.000000	1.000000	0.000000	0.000000	0.000000	-0.016086	1.033469	0.025533	-0.060634	0.006459
	0.000000	1.000000	0.000000	0.000000	0.000000	-0.039022	1.079756	0.009472	0.019961	-0.068811
	0.000000	1.000000	0.000000	0.000000	0.000000	0.134919	0.918905	0.004198	-0.073657	-0.010091
	0.000000	1.000000	0.000000	0.000000	0.000000	-0.016643	1.038995	-0.028649	0.035970	-0.040465
	0.000000	1.000000	0.000000	0.000000	0.000000	0.034245	0.941444	-0.038092	-0.033059	0.063234
	0.000000	1.000000	0.000000	0.000000	0.000000	-0.023836	1.028947	0.023189	-0.049921	0.010397
	0.000000	1.000000	0.000000	0.000000	0.000000	-0.020737	1.015462	-0.006397	0.008939	0.007764
	0.000000	1.000000	0.000000	0.000000	0.000000	-0.018174	1.071633	-0.008376	0.021560	-0.067528
	0.000000	1.000000	0.000000	0.000000	0.000000	-0.039339	0.863485	-0.050575	0.097621	0.140150
	0.000000	1.000000	0.000000	0.000000	0.000000	0.053378	0.973636	-0.003556	-0.112745	0.065081
	0.000000	1.000000	0.000000	0.000000	0.000000	0.003965	0.968705	-0.025511	0.017431	0.020755
	0.000000	1.000000	0.000000	0.000000	0.000000	-0.010993	1.046687	-0.021948	0.010208	-0.029603
	0.000000	1.000000	0.000000	0.000000	0.000000	-0.020735	0.908479	-0.015236	0.031317	0.085333
	0.000000	1.000000	0.000000	0.000000	0.000000	-0.085812	0.881301	-0.055071	0.274400	0.015447
	0.000000	1.000000	0.000000	0.000000	0.000000	-0.061771	0.882378	-0.021461	0.160648	0.022089
	0.000000	1.000000	0.000000	0.000000	0.000000	-0.018789	1.041218	0.002768	-0.003892	-0.033485
	0.000000	1.000000	0.000000	0.000000	0.000000	-0.025639	1.085932	-0.004610	0.017221	-0.072453
	0.000000	1.000000	0.000000	0.000000	0.000000	-0.179010	0.712088	0.412317	-0.087857	0.224624
	0.000000	0.000000	1.000000	0.000000	0.000000	-0.089325	-0.000037	0.975094	-0.026558	0.134599
	0.000000	0.000000	1.000000	0.000000	0.000000	0.022124	-0.027894	0.932797	0.075258	-0.017360
	0.000000	0.000000	1.000000	0.000000	0.000000	0.040115	0.056293	1.058371	-0.138252	-0.028113
	0.000000	0.000000	1.000000	0.000000	0.000000	0.022823	0.062767	0.885554	-0.004084	-0.011837
	0.000000	0.000000	1.000000	0.000000	0.000000	-0.117243	0.077978	0.928945	0.043672	0.020713
	0.000000	0.000000	1.000000	0.000000	0.000000	0.049857	0.054965	0.923768	0.012884	-0.062542
	0.000000	0.000000	1.000000	0.000000	0.000000	-0.017697	0.013550	0.569859	0.474685	-0.032902
	0.000000	0.000000	1.000000	0.000000	0.000000	-0.038485	0.069368	0.994256	-0.006514	-0.060749
	0.000000	0.000000	1.000000	0.000000	0.000000	0.002607	-0.022165	1.019265	-0.035452	0.011627
	0.000000	0.000000	1.000000	0.000000	0.000000	0.042114	-0.001873	0.833957	0.149177	-0.035264
	0.000000	0.000000	1.000000	0.000000	0.000000	0.253698	0.117055	0.841329	-0.079926	-0.089336
	0.000000	0.000000	1.000000	0.000000	0.000000	0.064990	-0.037109	0.814847	0.171271	-0.026237
	0.000000	0.000000	1.000000	0.000000	0.000000	0.034901	0.014315	1.054280	-0.108977	-0.012647
	0.000000	0.000000	1.000000	0.000000	0.000000	-0.263631	0.211295	0.157027	0.838278	0.264200
	0.000000	0.000000	1.000000	0.000000	0.000000	-0.018561	-0.007184	1.018190	-0.039254	0.024160
	0.000000	0.000000	1.000000	0.000000	0.000000	0.043727	0.062553	1.058116	-0.151425	-0.010989
	0.000000	0.000000	0.000000	1.000000	0.000000	0.215443	0.066945	0.200420	0.730057	-0.145426
	0.000000	0.000000	0.000000	1.000000	0.000000	0.015663	-0.009678	-0.001606	0.581608	0.301946
	0.000000	0.000000	0.000000	1.000000	0.000000	-0.215035	0.183957	-0.050014	0.941564	0.281604
	0.000000	0.000000	0.000000	1.000000	0.000000	-0.148487	0.111558	-0.041997	1.039278	0.015114
	0.000000	0.000000	0.000000	1.000000	0.000000	0.088693	-0.022228	0.063255	0.848197	-0.027727
	0.000000	0.000000	0.000000	1.000000	0.000000	-0.110218	0.061706	-0.051357	0.908531	0.177200
	0.000000	0.000000	0.000000	1.000000	0.000000	0.099946	0.030828	-0.007669	0.760374	0.027690
	0.000000	0.000000	0.000000	1.000000	0.000000	0.120464	0.033855	0.092655	0.903433	-0.113983
	0.000000	0.000000	0.000000	1.000000	0.000000	-0.124604	0.024609	0.089135	0.992475	0.012774
	0.000000	0.000000	0.000000	1.000000	0.000000	-0.156685	0.075271	-0.045765	1.023508	0.093492
	0.000000	0.000000	0.000000	1.000000	0.000000	0.157743	0.013559	0.225414	0.832502	-0.133881
	0.000000	0.000000	0.000000	1.000000	0.000000	0.021975	0.010721	0.094913	0.976658	-0.084023
	0.000000	0.000000	0.000000	1.000000	0.000000	-0.181759	0.040119	0.038085	1.074077	0.036528
	0.000000	0.000000	0.000000	1.000000	0.000000	0.090058	-0.044976	0.492969	0.648937	-0.093008
	0.000000	0.000000	0.000000	1.000000	0.000000	0.095662	0.053589	0.291059	0.676668	-0.098887
	0.000000	0.000000	0.000000	0.000000	1.000000	0.028575	-0.009222	0.017203	-0.022150	1.006898
	0.000000	0.000000	0.000000	0.000000	1.000000	-0.046138	0.009575	0.009504	0.078448	0.990532
	0.000000	0.000000	0.000000	0.000000	1.000000	-0.023289	-0.009531	-0.000751	-0.009182	1.048348
	0.000000	0.000000	0.000000	0.000000	1.000000	0.040147	0.013610	0.013951	-0.079091	1.018182
	0.000000	0.000000	0.000000	0.000000	1.000000	0.020601	0.055579	0.006591	-0.019167	0.934541
	0.000000	0.000000	0.000000	0.000000	1.000000	0.027226	-0.049693	0.011125	-0.046237	1.066633
	0.000000	0.000000	0.000000	0.000000	1.000000	-0.031412	-0.003665	-0.013555	0.119569	0.938121
	0.000000	0.000000	0.000000	0.000000	1.000000	0.006806	0.004467	0.003640	-0.037699	1.029071
	0.000000	0.000000	0.000000	0.000000	1.000000	0.156555	-0.000914	0.054561	-0.101141	0.936068
	0.000000	0.000000	0.000000	0.000000	1.000000	0.428084	-0.063508	-0.032089	0.104079	0.488021
	0.000000	0.000000	0.000000	0.000000	1.000000	-0.010520	0.019667	-0.013885	-0.013241	1.014859
	0.000000	0.000000	0.000000	0.000000	1.000000	0.006531	-0.012388	0.036366	-0.065437	1.054490
	0.000000	0.000000	0.000000	0.000000	1.000000	-0.004845	0.015964	-0.002006	-0.041542	1.030970
	0.000000	0.000000	0.000000	0.000000	1.000000	-0.031228	-0.060466	-0.008571	0.021579	1.087584
	0.000000	0.000000	0.000000	0.000000	1.000000	0.002844	0.030418	-0.007333	-0.038665	1.007232
	0.000000	0.000000	0.000000	0.000000	1.000000	-0.013957	-0.068399	-0.031855	0.125879	0.991827
	0.000000	0.000000	0.000000	0.000000	1.000000	0.003388	-0.010058	0.014766	-0.006675	1.014051
	0.000000	0.000000	0.000000	0.000000	1.000000	-0.067871	0.085779	-0.005584	0.088970	0.935807
	0.000000	0.000000	0.000000	0.000000	1.000000	0.015119	0.026133	0.017034	-0.083144	1.031048
	0.000000	0.000000	0.000000	0.000000	1.000000	-0.036988	0.004900	-0.015126	0.124548	0.932119
	0.000000	0.000000	0.000000	0.000000	1.000000	0.022957	-0.016285	-0.003548	-0.035520	1.032252
	0.000000	0.000000	0.000000	0.000000	1.000000	-0.000296	-0.007944	-0.000393	-0.052071	1.057314
	0.000000	0.000000	0.000000	0.000000	1.000000	0.080891	-0.003790	0.041292	-0.115668	1.032092
	0.000000	0.000000	0.000000	0.000000	1.000000	0.025252	-0.023242	0.006828	0.001025	1.004594
	0.000000	0.000000	0.000000	0.000000	1.000000	0.015218	0.018185	0.007987	-0.070275	1.032099
	0.000000	0.000000	0.000000	0.000000	1.000000	0.027624	-0.020112	0.025705	-0.089991	1.060440
	0.000000	0.000000	0.000000	0.000000	1.000000	0.002975	-0.039476	0.013111	-0.045577	1.075834
	0.000000	0.000000	0.000000	0.000000	1.000000	0.084053	-0.023733	-0.017995	0.120674	0.814328
	0.000000	0.000000	0.000000	0.000000	1.000000	0.019296	-0.056596	0.009262	-0.042884	1.076395
	0.000000	0.000000	0.000000	0.000000	1.000000	-0.021715	-0.028645	-0.003200	-0.003666	1.064328
	0.000000	0.000000	0.000000	0.000000	1.000000	-0.045043	-0.055902	-0.015507	0.067763	1.068042
	0.000000	0.000000	0.000000	0.000000	1.000000	-0.007977	0.002764	-0.013557	-0.005079	1.021828
	0.000000	0.000000	0.000000	0.000000	1.000000	0.001670	-0.026470	0.000131	-0.041749	1.068874
	0.000000	0.000000	0.000000	0.000000	1.000000	-0.022889	-0.012324	-0.010596	-0.012512	1.057662
	0.000000	0.000000	0.000000	0.000000	1.000000	0.037487	-0.035075	0.009730	-0.005674	1.008108
	0.000000	0.000000	0.000000	0.000000	1.000000	-0.004379	0.130155	-0.014864	-0.014563	0.895912
	0.000000	0.000000	0.000000	0.000000	1.000000	0.030022	0.043718	0.014031	-0.089665	1.009352
	0.000000	0.000000	0.000000	0.000000	1.000000	0.000155	0.141625	-0.007561	-0.031614	0.897358
	0.000000	0.000000	0.000000	0.000000	1.000000	-0.007642	0.085842	-0.005558	-0.032652	0.963075
	0.000000	0.000000	0.000000	0.000000	1.000000	-0.006583	0.041080	0.013823	-0.029359	0.988602
	0.000000	0.000000	0.000000	0.000000	1.000000	0.028415	0.094578	-0.033430	-0.057050	0.948464
	0.000000	0.000000	0.000000	0.000000	1.000000	-0.013852	0.054452	-0.004879	-0.000958	0.971350
	0.000000	0.000000	0.000000	0.000000	1.000000	-0.014428	-0.057185	-0.010651	0.027893	1.060687
	0.000000	0.000000	0.000000	0.000000	1.000000	0.055870	0.010833	0.023130	-0.073304	0.998748
	0.000000	0.000000	0.000000	0.000000	1.000000	-0.040608	-0.015857	0.000772	0.017501	1.057048
	0.000000	0.000000	0.000000	0.000000	1.000000	0.012868	0.013803	0.015023	-0.082793	1.045203
	0.000000	0.000000	0.000000	0.000000	1.000000	-0.011901	-0.034186	-0.000496	-0.009257	1.062639
	0.000000	0.000000	0.000000	0.000000	1.000000	-0.015103	0.022845	0.004415	-0.010236	1.004492
	0.000000	0.000000	0.000000	0.000000	1.000000	0.046864	0.092873	-0.001300	-0.099496	0.962498
	0.000000	0.000000	0.000000	0.000000	1.000000	-0.020871	-0.030919	0.002951	0.007343	1.050410
	0.000000	0.000000	0.000000	0.000000	1.000000	0.057746	-0.023598	0.025099	-0.090938	1.050782
	0.000000	0.000000	0.000000	0.000000	1.000000	-0.019623	0.011808	-0.001917	-0.027048	1.040150
	0.000000	0.000000	0.000000	0.000000	1.000000	-0.000426	0.023835	-0.011234	-0.024232	0.995056
	0.000000	0.000000	0.000000	0.000000	1.000000	-0.009500	0.000869	-0.006054	-0.030196	1.041347
	0.000000	0.000000	0.000000	0.000000	1.000000	-0.062011	-0.000311	0.053763	0.038644	0.993093
	0.000000	0.000000	0.000000	0.000000	1.000000	-0.013290	-0.001117	0.001238	0.004158	1.014286
	0.000000	0.000000	0.000000	0.000000	1.000000	0.030401	0.034512	0.013156	-0.073994	1.005094
	0.000000	0.000000	0.000000	0.000000	1.000000	-0.008254	-0.041472	0.002646	0.000987	1.049918
	0.000000	0.000000	0.000000	0.000000	1.000000	0.135166	-0.020973	0.059841	-0.155628	1.045301
	0.000000	0.000000	0.000000	0.000000	1.000000	0.050183	-0.027712	0.026176	-0.096624	1.063640
	0.000000	0.000000	0.000000	0.000000	1.000000	0.033543	-0.021109	0.019131	-0.061493	1.043440
