	1.000000	0.000000	0.000000	0.000000	0.000000	1.002614	0.005754	0.022806	-0.099555	0.088410
	1.000000	0.000000	0.000000	0.000000	0.000000	0.956251	-0.023858	-0.028678	-0.002347	0.088630
	1.000000	0.000000	0.000000	0.000000	0.000000	1.074684	-0.029090	-0.007125	-0.062192	-0.061461
	1.000000	0.000000	0.000000	0.000000	0.000000	1.080933	-0.006808	-0.037444	-0.018099	-0.061226
	1.000000	0.000000	0.000000	0.000000	0.000000	0.896249	-0.021500	-0.035602	0.044654	0.107170
	1.000000	0.000000	0.000000	0.000000	0.000000	0.943027	0.008992	-0.006784	-0.054902	0.127931
	1.000000	0.000000	0.000000	0.000000	0.000000	0.855489	-0.012026	-0.029091	0.057711	0.123708
	1.000000	0.000000	0.000000	0.000000	0.000000	1.030636	0.001669	-0.032141	0.017820	-0.059261
	1.000000	0.000000	0.000000	0.000000	0.000000	0.938711	0.003898	0.003880	-0.094599	0.197558
	1.000000	0.000000	0.000000	0.000000	0.000000	1.016171	-0.007652	-0.032270	0.085736	-0.114864
	1.000000	0.000000	0.000000	0.000000	0.000000	0.921827	0.012955	-0.003140	-0.079183	0.170573
	1.000000	0.000000	0.000000	0.000000	0.000000	0.991502	-0.010805	0.004504	-0.085969	0.053444
	1.000000	0.000000	0.000000	0.000000	0.000000	0.933330	-0.017669	-0.050312	0.098064	-0.004803
	1.000000	0.000000	0.000000	0.000000	0.000000	0.517554	0.173931	0.060374	-0.051755	0.347815
	0.000000	1.000000	0.000000	0.000000	0.000000	0.018066	1.030843	0.005484	-0.039379	-0.020037
	0.000000	1.000000	0.000000	0.000000	0.000000	-0.010167	1.028408	-0.019226	0.027524	-0.027272
	0.000000	1.000000	0.000000	0.000000	0.000000	-0.012594	1.045995	0.007936	-0.033667	-0.009261
	0.000000	1.000000	0.000000	0.000000	0.000000	-0.020600	1.028432	-0.031076	0.047739	-0.019510
	0.000000	1.000000	0.000000	0.000000	0.000000	0.020076	1.044279	0.001409	-0.042855	-0.015892
	0.000000	1.000000	0.000000	0.000000	0.000000	-0.000297	0.994966	-0.029421	0.035523	-0.015562
	0.000000	1.000000	0.000000	0.000000	0.000000	0.013418	0.937467	-0.037667	0.006197	0.059672
	0.000000	1.000000	0.000000	0.000000	0.000000	-0.014581	0.943492	-0.039294	0.094385	0.004361
	0.000000	1.000000	0.000000	0.000000	0.000000	-0.021158	1.047304	-0.007062	0.037505	-0.051835
	0.000000	1.000000	0.000000	0.000000	0.000000	0.005479	1.026934	-0.020279	0.032877	-0.060107
	0.000000	1.000000	0.000000	0.000000	0.000000	0.023905	1.014040	-0.003939	-0.035056	0.000671
	0.000000	1.000000	0.000000	0.000000	0.000000	0.006492	1.054479	-0.019877	0.015320	-0.061847
	0.000000	1.000000	0.000000	0.000000	0.000000	-0.003583	1.029251	0.015738	-0.038091	0.000763
	0.000000	1.000000	0.000000	0.000000	0.000000	-0.009795	1.030227	-0.014223	0.011199	-0.011913
	0.000000	1.000000	0.000000	0.000000	0.000000	0.015987	1.002131	-0.025193	-0.016627	0.014829
	0.000000	1.000000	0.000000	0.000000	0.000000	-0.003387	1.049500	0.001355	-0.011074	-0.032308
	0.000000	1.000000	0.000000	0.000000	0.000000	0.071082	0.850304	-0.034204	-0.063539	0.142365
	0.000000	1.000000	0.000000	0.000000	0.000000	0.036085	0.954087	-0.041530	-0.022683	0.047014
	0.000000	1.000000	0.000000	0.000000	0.000000	-0.021035	0.988803	0.042029	0.014434	-0.034311
	0.000000	1.000000	0.000000	0.000000	0.000000	0.027790	0.999050	-0.038057	-0.016877	0.008233
	0.000000	1.000000	0.000000	0.000000	0.000000	-0.000179	1.059471	0.039420	-0.050482	-0.040252
	0.000000	1.000000	0.000000	0.000000	0.000000	-0.032440	0.831193	-0.057173	0.101116	0.153871
	0.000000	1.000000	0.000000	0.000000	0.000000	-0.011767	0.859127	-0.039174	0.036578	0.148077
	0.000000	1.000000	0.000000	0.000000	0.000000	0.060001	0.930498	0.094929	-0.115594	0.050375
	0.000000	1.000000	0.000000	0.000000	0.000000	0.014523	1.064774	-0.006395	-0.032100	-0.037500
	0.000000	1.000000	0.000000	0.000000	0.000000	0.069188	1.060628	-0.003745	-0.096433	-0.025870
	0.000000	1.000000	0.000000	0.000000	0.000000	0.038985	1.036284	0.045277	-0.076988	-0.028960
	0.000000	1.000000	0.000000	0.000000	0.000000	-0.058005	0.978824	-0.001805	0.082378	-0.012458
	0.000000	1.000000	0.000000	0.000000	0.000000	0.047147	0.896625	0.010605	-0.007909	0.038296
	0.000000	1.000000	0.000000	0.000000	0.000000	0.026378	0.923509	0.001330	0.005726	0.011785
	0.000000	1.000000	0.000000	0.000000	0.000000	0.040807	0.987427	0.034771	0.005715	-0.073404
	0.000000	1.000000	0.000000	0.000000	0.000000	0.055276	0.991615	-0.034331	-0.063452	0.032163
	0.000000	1.000000	0.000000	0.000000	0.000000	-0.014955	1.080636	-0.003241	0.004365	-0.055109
	0.000000	1.000000	0.000000	0.000000	0.000000	-0.022054	1.014861	0.024315	0.004962	-0.040057
	0.000000	1.000000	0.000000	0.000000	0.000000	0.107040	0.603902	0.055566	0.147370	-0.030983
	0.000000	1.000000	0.000000	0.000000	0.000000	0.027793	0.997202	-0.029211	-0.032399	0.023270
	0.000000	1.000000	0.000000	0.000000	0.000000	-0.006218	1.006066	-0.028420	0.046051	-0.018732
	0.000000	1.000000	0.000000	0.000000	0.000000	0.000357	1.047764	0.007252	-0.017318	-0.039648
	0.000000	1.000000	0.000000	0.000000	0.000000	-0.008307	1.075303	-0.009877	0.006050	-0.055406
	0.000000	0.000000	1.000000	0.000000	0.000000	0.027914	0.042585	1.021472	-0.072603	-0.023835
	0.000000	0.000000	1.000000	0.000000	0.000000	-0.021541	0.122916	0.984341	-0.073704	-0.068883
	0.000000	0.000000	1.000000	0.000000	0.000000	-0.009641	0.008574	1.034768	-0.053221	0.009282
	0.000000	0.000000	1.000000	0.000000	0.000000	-0.006898	0.027299	0.883040	0.085852	-0.011989
	0.000000	0.000000	1.000000	0.000000	0.000000	0.016001	0.016281	1.054838	-0.088508	0.003890
	0.000000	0.000000	1.000000	0.000000	0.000000	-0.056369	0.004752	0.900640	0.116950	0.016427
	0.000000	0.000000	1.000000	0.000000	0.000000	0.012381	-0.008973	1.013538	-0.035002	0.020604
	0.000000	0.000000	1.000000	0.000000	0.000000	0.041097	0.014274	0.963428	-0.008292	-0.005862
	0.000000	0.000000	1.000000	0.000000	0.000000	0.070068	0.042469	1.032882	-0.112266	-0.010531
	0.000000	0.000000	1.000000	0.000000	0.000000	-0.034702	-0.025028	0.958062	0.067551	0.035639
	0.000000	0.000000	1.000000	0.000000	0.000000	0.028965	0.040836	0.895200	0.033959	-0.020171
	0.000000	0.000000	1.000000	0.000000	0.000000	-0.028747	-0.024715	1.028490	-0.019217	0.042213
	0.000000	0.000000	1.000000	0.000000	0.000000	-0.010985	-0.011198	1.000173	-0.044525	0.071913
	0.000000	0.000000	0.000000	1.000000	0.000000	-0.098505	0.066265	-0.037762	1.028762	-0.021977
	0.000000	0.000000	0.000000	1.000000	0.000000	0.150916	0.091294	0.001809	0.758959	-0.040977
	0.000000	0.000000	0.000000	1.000000	0.000000	0.159677	0.106843	-0.049708	0.645386	0.112127
	0.000000	0.000000	0.000000	1.000000	0.000000	-0.148345	0.166583	-0.079104	0.932362	0.171576
	0.000000	0.000000	0.000000	1.000000	0.000000	0.118932	-0.018825	0.028180	0.836488	-0.020723
	0.000000	0.000000	0.000000	1.000000	0.000000	0.022324	0.040622	-0.036650	0.726341	0.155477
	0.000000	0.000000	0.000000	1.000000	0.000000	0.022137	-0.027138	0.106156	0.949894	-0.057113
	0.000000	0.000000	0.000000	1.000000	0.000000	-0.088051	0.265517	-0.088810	0.847943	0.065250
	0.000000	0.000000	0.000000	1.000000	0.000000	-0.087264	-0.003951	-0.048134	0.969696	0.118012
	0.000000	0.000000	0.000000	1.000000	0.000000	-0.105951	0.002797	-0.075090	0.886837	0.276525
	0.000000	0.000000	0.000000	1.000000	0.000000	0.166593	-0.030963	0.160151	0.881993	-0.113336
	0.000000	0.000000	0.000000	1.000000	0.000000	-0.011559	-0.028672	0.082297	1.001660	-0.061774
	0.000000	0.000000	0.000000	1.000000	0.000000	-0.016704	0.050956	-0.022218	0.971295	-0.041620
	0.000000	0.000000	0.000000	1.000000	0.000000	0.160884	-0.053845	0.144722	0.969191	-0.121917
	0.000000	0.000000	0.000000	1.000000	0.000000	-0.095517	-0.028443	-0.016397	1.089650	-0.012749
	0.000000	0.000000	0.000000	1.000000	0.000000	0.015233	-0.021276	0.066706	1.018808	-0.084094
	0.000000	0.000000	0.000000	0.000000	1.000000	-0.000602	-0.009477	0.005386	0.002304	1.013717
	0.000000	0.000000	0.000000	0.000000	1.000000	0.047829	-0.033704	0.000242	0.032511	0.971085
	0.000000	0.000000	0.000000	0.000000	1.000000	0.051184	0.048678	0.031008	-0.033310	0.928254
	0.000000	0.000000	0.000000	0.000000	1.000000	0.017872	-0.063330	-0.020262	0.081596	0.972326
	0.000000	0.000000	0.000000	0.000000	1.000000	0.094196	0.010089	0.005528	-0.049929	0.949157
	0.000000	0.000000	0.000000	0.000000	1.000000	0.052249	0.100000	-0.007410	-0.089802	0.935851
	0.000000	0.000000	0.000000	0.000000	1.000000	0.007794	0.042567	-0.016416	-0.048867	0.996564
	0.000000	0.000000	0.000000	0.000000	1.000000	0.045356	-0.028549	0.005581	-0.020511	1.008063
	0.000000	0.000000	0.000000	0.000000	1.000000	-0.035924	-0.049208	-0.008204	0.010194	1.077978
	0.000000	0.000000	0.000000	0.000000	1.000000	0.016913	0.070806	-0.027676	-0.038014	0.947927
	0.000000	0.000000	0.000000	0.000000	1.000000	-0.022853	-0.008067	-0.014622	0.029781	1.005663
	0.000000	0.000000	0.000000	0.000000	1.000000	-0.014924	-0.027817	-0.004745	-0.009878	1.051587
	0.000000	0.000000	0.000000	0.000000	1.000000	0.005592	0.041216	-0.019955	-0.044907	0.995893
	0.000000	0.000000	0.000000	0.000000	1.000000	-0.016020	-0.022960	-0.004044	-0.015396	1.052411
	0.000000	0.000000	0.000000	0.000000	1.000000	-0.004901	-0.020551	-0.004555	-0.017023	1.041506
	0.000000	0.000000	0.000000	0.000000	1.000000	-0.011029	-0.008630	-0.010761	0.015630	1.006837
	0.000000	0.000000	0.000000	0.000000	1.000000	-0.000363	0.094091	-0.025590	-0.013728	0.923911
	0.000000	0.000000	0.000000	0.000000	1.000000	0.080185	-0.030598	-0.004263	0.050506	0.911116
	0.000000	0.000000	0.000000	0.000000	1.000000	0.009523	-0.026784	-0.005522	0.071033	0.958466
	0.000000	0.000000	0.000000	0.000000	1.000000	0.020829	0.049495	-0.002552	-0.003647	0.930412
	0.000000	0.000000	0.000000	0.000000	1.000000	-0.018168	0.000249	-0.002807	-0.025519	1.039764
	0.000000	0.000000	0.000000	0.000000	1.000000	-0.016293	-0.046304	0.005398	-0.014235	1.074766
	0.000000	0.000000	0.000000	0.000000	1.000000	-0.023647	-0.009490	-0.010272	-0.015203	1.046614
	0.000000	0.000000	0.000000	0.000000	1.000000	0.050067	-0.027035	0.010575	-0.024066	1.013860
	0.000000	0.000000	0.000000	0.000000	1.000000	-0.005730	-0.013916	0.003048	-0.028988	1.043054
	0.000000	0.000000	0.000000	0.000000	1.000000	-0.027791	-0.030645	-0.000520	-0.007460	1.062014
	0.000000	0.000000	0.000000	0.000000	1.000000	0.032916	0.008852	0.005006	-0.059122	1.017002
	0.000000	0.000000	0.000000	0.000000	1.000000	0.015264	0.088997	-0.016850	-0.036756	0.929779
	0.000000	0.000000	0.000000	0.000000	1.000000	-0.000286	-0.026451	0.005727	-0.005798	1.032762
	0.000000	0.000000	0.000000	0.000000	1.000000	-0.026226	-0.045848	0.004234	-0.008446	1.067624
	0.000000	0.000000	0.000000	0.000000	1.000000	-0.000126	-0.011210	0.008161	-0.022147	1.031449
	0.000000	0.000000	0.000000	0.000000	1.000000	-0.024853	-0.064351	-0.002635	0.008334	1.085050
	0.000000	0.000000	0.000000	0.000000	1.000000	-0.023721	-0.017268	-0.019880	0.001807	1.043994
	0.000000	0.000000	0.000000	0.000000	1.000000	-0.000537	0.025669	-0.017478	-0.022912	0.999382
	0.000000	0.000000	0.000000	0.000000	1.000000	0.217436	-0.017236	-0.000205	0.038970	0.773345
	0.000000	0.000000	0.000000	0.000000	1.000000	0.021931	0.041492	0.017926	-0.063545	0.993932
	0.000000	0.000000	0.000000	0.000000	1.000000	-0.007698	-0.042735	0.004901	-0.011271	1.060308
	0.000000	0.000000	0.000000	0.000000	1.000000	-0.033513	-0.037768	-0.014821	0.006984	1.067580
	0.000000	0.000000	0.000000	0.000000	1.000000	0.014827	0.039473	-0.029737	-0.047979	0.994301
	0.000000	0.000000	0.000000	0.000000	1.000000	0.003322	-0.051764	0.000828	-0.006948	1.061219
	0.000000	0.000000	0.000000	0.000000	1.000000	0.033170	0.128332	-0.009840	-0.056706	0.890613
	0.000000	0.000000	0.000000	0.000000	1.000000	0.017381	0.050273	-0.002119	-0.005792	0.930202
	0.000000	0.000000	0.000000	0.000000	1.000000	-0.039691	-0.046161	-0.006503	0.020314	1.070679
	0.000000	0.000000	0.000000	0.000000	1.000000	-0.002992	0.007962	-0.011807	-0.026731	1.021686
	0.000000	0.000000	0.000000	0.000000	1.000000	-0.026847	-0.003447	-0.013617	-0.002196	1.035286
	0.000000	0.000000	0.000000	0.000000	1.000000	0.009172	0.007772	0.009484	0.000945	0.983193
	0.000000	0.000000	0.000000	0.000000	1.000000	0.007937	0.059371	0.000705	-0.051223	0.979249
	0.000000	0.000000	0.000000	0.000000	1.000000	0.034519	-0.006031	0.001042	-0.032724	0.999008
	0.000000	0.000000	0.000000	0.000000	1.000000	-0.031366	0.114625	0.000099	0.035292	0.892574
	0.000000	0.000000	0.000000	0.000000	1.000000	0.027016	0.054909	-0.010743	-0.039630	0.948610
	0.000000	0.000000	0.000000	0.000000	1.000000	0.011747	0.038345	-0.015386	-0.012286	0.955630
	0.000000	0.000000	0.000000	0.000000	1.000000	0.277668	-0.003319	-0.002834	0.139907	0.593248
	0.000000	0.000000	0.000000	0.000000	1.000000	-0.034398	0.060614	0.049382	-0.002634	0.944756
	0.000000	0.000000	0.000000	0.000000	1.000000	0.137419	0.026964	0.057393	-0.114349	0.928201
	0.000000	0.000000	0.000000	0.000000	1.000000	-0.016016	0.152581	0.021362	-0.040153	0.901045
	0.000000	0.000000	0.000000	0.000000	1.000000	0.014650	0.013576	0.050366	-0.028123	0.948146
	0.000000	0.000000	0.000000	0.000000	1.000000	-0.039263	0.026903	0.001729	0.062855	0.964262
	0.000000	0.000000	0.000000	0.000000	1.000000	-0.020347	-0.008626	-0.011660	-0.019479	1.046696
	0.000000	0.000000	0.000000	0.000000	1.000000	0.035832	-0.023048	0.042120	-0.083123	1.037058
	0.000000	0.000000	0.000000	0.000000	1.000000	0.039169	0.012051	0.007720	-0.081381	1.027185
	0.000000	0.000000	0.000000	0.000000	1.000000	0.163743	0.032365	0.027608	-0.080122	0.899037
	0.000000	0.000000	0.000000	0.000000	1.000000	-0.011507	0.013245	-0.009190	-0.010203	1.010014
	0.000000	0.000000	0.000000	0.000000	1.000000	0.065384	-0.014672	0.025737	-0.096451	1.049286
	0.000000	0.000000	0.000000	0.000000	1.000000	0.074359	-0.024864	0.024131	-0.090002	1.048881
	0.000000	0.000000	0.000000	0.000000	1.000000	0.023081	0.089350	0.046188	0.046434	0.758147
	1.000000	0.000000	0.000000	0.000000	0.000000	0.579137	-0.046785	-0.059555	0.209765	0.261512
	1.000000	0.000000	0.000000	0.000000	0.000000	0.509071	-0.021270	-0.018675	0.002765	0.452434
	1.000000	0.000000	0.000000	0.000000	0.000000	0.710897	-0.027545	-0.044298	0.134015	0.199441
	1.000000	0.000000	0.000000	0.000000	0.000000	0.941577	0.015768	0.029221	-0.133885	0.273139
	1.000000	0.000000	0.000000	0.000000	0.000000	0.813626	-0.041900	-0.052739	0.130633	0.087871
	1.000000	0.000000	0.000000	0.000000	0.000000	0.887902	-0.016709	-0.020936	-0.003311	0.166216
	1.000000	0.000000	0.000000	0.000000	0.000000	0.870518	-0.031292	-0.029131	0.029797	0.147300
	1.000000	0.000000	0.000000	0.000000	0.000000	0.842214	0.019093	-0.030690	0.172977	-0.003652
	1.000000	0.000000	0.000000	0.000000	0.000000	0.907578	-0.010615	-0.048043	0.114016	0.010029
	1.000000	0.000000	0.000000	0.000000	0.000000	0.310274	-0.034228	-0.013279	0.041419	0.718088
	1.000000	0.000000	0.000000	0.000000	0.000000	0.303467	0.441280	0.001635	0.281206	-0.040173
	1.000000	0.000000	0.000000	0.000000	0.000000	0.649961	-0.024727	-0.001843	-0.040131	0.481148
	1.000000	0.000000	0.000000	0.000000	0.000000	0.361969	-0.008319	0.022275	-0.099703	0.776939
	1.000000	0.000000	0.000000	0.000000	0.000000	0.428017	0.015634	0.047112	-0.058310	0.662888
	1.000000	0.000000	0.000000	0.000000	0.000000	0.715437	-0.016562	-0.017212	0.035408	0.187854
	1.000000	0.000000	0.000000	0.000000	0.000000	0.527535	-0.033581	0.020949	0.203635	0.120913
	0.000000	1.000000	0.000000	0.000000	0.000000	0.006939	1.040798	0.010054	0.016184	-0.084077
	0.000000	1.000000	0.000000	0.000000	0.000000	0.013141	0.942472	-0.067883	0.045280	0.033799
	0.000000	1.000000	0.000000	0.000000	0.000000	0.051941	0.909635	0.118018	0.028195	-0.162982
	0.000000	1.000000	0.000000	0.000000	0.000000	0.024325	0.976299	0.012574	0.059837	-0.120090
	0.000000	1.000000	0.000000	0.000000	0.000000	-0.004800	0.990084	-0.053252	0.056913	-0.004371
	0.000000	1.000000	0.000000	0.000000	0.000000	0.127701	0.745478	0.058132	-0.084027	0.180664
	0.000000	1.000000	0.000000	0.000000	0.000000	0.069966	0.696284	-0.048776	0.002298	0.205280
	0.000000	1.000000	0.000000	0.000000	0.000000	-0.048986	0.703788	-0.090673	0.160043	0.262890
	0.000000	1.000000	0.000000	0.000000	0.000000	0.009026	1.029533	-0.022661	-0.003299	-0.017552
	0.000000	1.000000	0.000000	0.000000	0.000000	0.001627	1.044875	-0.018260	0.001150	-0.030420
	0.000000	1.000000	0.000000	0.000000	0.000000	0.028656	1.049090	0.030501	-0.057760	-0.038291
	0.000000	1.000000	0.000000	0.000000	0.000000	0.068270	0.946605	-0.048684	-0.062462	0.064344
	0.000000	1.000000	0.000000	0.000000	0.000000	0.006384	1.009557	-0.040544	0.017462	-0.005841
	0.000000	1.000000	0.000000	0.000000	0.000000	0.015518	0.990189	-0.040483	0.003664	0.014115
	0.000000	1.000000	0.000000	0.000000	0.000000	-0.133327	0.933609	-0.058139	0.334360	-0.011822
	0.000000	1.000000	0.000000	0.000000	0.000000	-0.103228	0.858264	0.367382	-0.195723	0.231674
	0.000000	1.000000	0.000000	0.000000	0.000000	0.006436	1.034065	-0.018541	-0.003064	-0.021575
	0.000000	1.000000	0.000000	0.000000	0.000000	-0.005742	1.040481	0.014933	-0.053064	0.000314
	0.000000	1.000000	0.000000	0.000000	0.000000	-0.019839	1.071028	0.004426	0.007116	-0.058750
	0.000000	1.000000	0.000000	0.000000	0.000000	0.233271	0.962575	0.005247	-0.101080	-0.053882
	0.000000	1.000000	0.000000	0.000000	0.000000	0.004005	1.040424	-0.022202	0.009924	-0.037990
	0.000000	1.000000	0.000000	0.000000	0.000000	0.052939	0.952712	-0.031526	-0.054437	0.059811
	0.000000	1.000000	0.000000	0.000000	0.000000	-0.008277	1.033204	0.011257	-0.051740	0.007880
	0.000000	1.000000	0.000000	0.000000	0.000000	-0.006311	1.017921	-0.011540	0.001294	0.004995
	0.000000	1.000000	0.000000	0.000000	0.000000	-0.007379	1.062212	-0.007609	0.013284	-0.053402
	0.000000	1.000000	0.000000	0.000000	0.000000	-0.044026	0.870222	-0.051696	0.106117	0.130037
	0.000000	1.000000	0.000000	0.000000	0.000000	0.058200	1.000072	-0.004994	-0.103466	0.041371
	0.000000	1.000000	0.000000	0.000000	0.000000	0.007036	0.960618	-0.023385	0.013775	0.038408
	0.000000	1.000000	0.000000	0.000000	0.000000	-0.000062	1.047722	-0.018017	-0.000508	-0.027908
	0.000000	1.000000	0.000000	0.000000	0.000000	0.015205	0.931864	-0.016651	-0.009152	0.065653
	0.000000	1.000000	0.000000	0.000000	0.000000	-0.055976	0.905985	-0.056600	0.212277	-0.004705
	0.000000	1.000000	0.000000	0.000000	0.000000	-0.036581	0.873442	-0.021389	0.145194	0.017317
	0.000000	1.000000	0.000000	0.000000	0.000000	-0.000688	1.042971	0.001024	-0.012104	-0.033190
	0.000000	1.000000	0.000000	0.000000	0.000000	-0.006198	1.078535	-0.003431	-0.001703	-0.061761
	0.000000	1.000000	0.000000	0.000000	0.000000	-0.164118	0.732277	0.353853	-0.087616	0.194802
	0.000000	0.000000	1.000000	0.000000	0.000000	-0.079603	-0.020788	0.943854	0.032678	0.126516
	0.000000	0.000000	1.000000	0.000000	0.000000	-0.003480	-0.038380	0.936248	0.093199	0.016127
	0.000000	0.000000	1.000000	0.000000	0.000000	0.059047	0.082139	1.052841	-0.144867	-0.031031
	0.000000	0.000000	1.000000	0.000000	0.000000	0.084615	0.059601	0.878035	0.002667	-0.037008
	0.000000	0.000000	1.000000	0.000000	0.000000	-0.057482	0.070460	0.923901	0.031580	-0.023004
	0.000000	0.000000	1.000000	0.000000	0.000000	0.049499	0.038416	0.932012	0.018744	-0.044117
	0.000000	0.000000	1.000000	0.000000	0.000000	-0.050748	-0.004744	0.546103	0.502700	-0.000971
	0.000000	0.000000	1.000000	0.000000	0.000000	-0.008419	0.076739	0.999052	-0.042392	-0.065890
	0.000000	0.000000	1.000000	0.000000	0.000000	0.001464	-0.019248	1.015000	-0.026640	0.027617
	0.000000	0.000000	1.000000	0.000000	0.000000	0.042645	-0.006658	0.841531	0.142649	-0.017674
	0.000000	0.000000	1.000000	0.000000	0.000000	0.243839	0.105971	0.828347	-0.040678	-0.073678
	0.000000	0.000000	1.000000	0.000000	0.000000	0.041463	-0.040877	0.800590	0.209646	-0.001978
	0.000000	0.000000	1.000000	0.000000	0.000000	0.033889	0.018642	1.053278	-0.104059	0.005713
	0.000000	0.000000	1.000000	0.000000	0.000000	-0.260107	0.135266	0.105341	0.903796	0.225490
	0.000000	0.000000	1.000000	0.000000	0.000000	-0.016498	-0.017742	1.011425	-0.018124	0.041446
	0.000000	0.000000	1.000000	0.000000	0.000000	0.064137	0.088034	1.050700	-0.153511	-0.018850
	0.000000	0.000000	0.000000	1.000000	0.000000	0.167663	0.033181	0.209948	0.750438	-0.117268
	0.000000	0.000000	0.000000	1.000000	0.000000	0.021422	-0.049087	-0.020180	0.570131	0.368331
	0.000000	0.000000	0.000000	1.000000	0.000000	-0.203450	0.126930	-0.079235	0.984087	0.237199
	0.000000	0.000000	0.000000	1.000000	0.000000	-0.159045	0.018470	-0.054298	1.090047	0.042068
	0.000000	0.000000	0.000000	1.000000	0.000000	0.059410	-0.036012	0.028832	0.875415	0.002694
	0.000000	0.000000	0.000000	1.000000	0.000000	-0.129667	0.002250	-0.074798	0.936620	0.248096
	0.000000	0.000000	0.000000	1.000000	0.000000	0.134559	0.043871	-0.030457	0.756464	0.014618
	0.000000	0.000000	0.000000	1.000000	0.000000	0.130014	-0.005914	0.085252	0.921577	-0.105606
	0.000000	0.000000	0.000000	1.000000	0.000000	-0.138850	-0.017410	0.061358	1.028735	0.029502
	0.000000	0.000000	0.000000	1.000000	0.000000	-0.122884	0.020124	-0.069962	1.064385	0.042985
	0.000000	0.000000	0.000000	1.000000	0.000000	0.194425	0.004120	0.218517	0.798834	-0.130064
	0.000000	0.000000	0.000000	1.000000	0.000000	-0.018392	-0.042747	0.079225	1.017067	-0.048231
	0.000000	0.000000	0.000000	1.000000	0.000000	-0.216630	-0.019125	-0.002954	1.123700	0.088468
	0.000000	0.000000	0.000000	1.000000	0.000000	0.040135	-0.072680	0.524175	0.629828	-0.045955
	0.000000	0.000000	0.000000	1.000000	0.000000	-0.012403	-0.000245	0.268779	0.770267	-0.029099
	0.000000	0.000000	0.000000	0.000000	1.000000	0.015742	-0.024886	0.010429	-0.002384	1.021246
	0.000000	0.000000	0.000000	0.000000	1.000000	-0.033367	-0.003955	-0.002680	0.069754	0.989706
	0.000000	0.000000	0.000000	0.000000	1.000000	-0.015948	-0.012957	-0.004984	-0.012368	1.039857
	0.000000	0.000000	0.000000	0.000000	1.000000	0.020351	0.001611	0.008695	-0.061663	1.031821
	0.000000	0.000000	0.000000	0.000000	1.000000	0.057727	0.061848	0.000751	-0.042357	0.916816
	0.000000	0.000000	0.000000	0.000000	1.000000	0.029835	-0.048532	0.012243	-0.041417	1.064329
	0.000000	0.000000	0.000000	0.000000	1.000000	-0.006983	-0.016732	-0.013072	0.090306	0.948416
	0.000000	0.000000	0.000000	0.000000	1.000000	0.000885	-0.007700	-0.000983	-0.025340	1.032699
	0.000000	0.000000	0.000000	0.000000	1.000000	0.173195	0.015885	0.045357	-0.107841	0.947954
	0.000000	0.000000	0.000000	0.000000	1.000000	0.432767	-0.027998	-0.023974	0.035919	0.537915
	0.000000	0.000000	0.000000	0.000000	1.000000	-0.013725	0.010930	-0.016636	-0.015210	1.017727
	0.000000	0.000000	0.000000	0.000000	1.000000	-0.008015	-0.026783	0.022227	-0.034810	1.061511
	0.000000	0.000000	0.000000	0.000000	1.000000	0.001032	0.014058	-0.007676	-0.041226	1.020262
	0.000000	0.000000	0.000000	0.000000	1.000000	-0.036682	-0.069098	-0.004606	0.023433	1.090929
	0.000000	0.000000	0.000000	0.000000	1.000000	0.015900	0.023977	-0.007772	-0.042990	0.999382
	0.000000	0.000000	0.000000	0.000000	1.000000	-0.003171	-0.072642	-0.023508	0.092557	1.003836
	0.000000	0.000000	0.000000	0.000000	1.000000	-0.001750	-0.023394	0.008117	0.006654	1.023123
	0.000000	0.000000	0.000000	0.000000	1.000000	-0.049173	0.095503	-0.022791	0.065454	0.911684
	0.000000	0.000000	0.000000	0.000000	1.000000	0.007773	0.027107	-0.000531	-0.065659	1.022669
	0.000000	0.000000	0.000000	0.000000	1.000000	-0.020108	-0.020434	-0.013952	0.107287	0.948297
	0.000000	0.000000	0.000000	0.000000	1.000000	0.015641	-0.025757	-0.000674	-0.028662	1.040496
	0.000000	0.000000	0.000000	0.000000	1.000000	-0.014403	-0.018952	-0.004596	-0.034250	1.060654
	0.000000	0.000000	0.000000	0.000000	1.000000	0.093942	0.024337	0.024055	-0.117850	1.012992
	0.000000	0.000000	0.000000	0.000000	1.000000	0.025998	-0.031959	0.004383	0.006565	1.010159
	0.000000	0.000000	0.000000	0.000000	1.000000	0.002316	0.011710	-0.004740	-0.049121	1.029780
	0.000000	0.000000	0.000000	0.000000	1.000000	0.037709	-0.008084	0.020319	-0.091567	1.051855
	0.000000	0.000000	0.000000	0.000000	1.000000	0.017125	-0.030444	0.012936	-0.059201	1.067360
	0.000000	0.000000	0.000000	0.000000	1.000000	0.135145	-0.029711	-0.013534	0.087650	0.812774
	0.000000	0.000000	0.000000	0.000000	1.000000	-0.002671	-0.056011	0.006778	-0.030538	1.086260
	0.000000	0.000000	0.000000	0.000000	1.000000	-0.028711	-0.039433	-0.003958	0.001258	1.068092
	0.000000	0.000000	0.000000	0.000000	1.000000	-0.048778	-0.069717	-0.011815	0.065067	1.074771
	0.000000	0.000000	0.000000	0.000000	1.000000	0.014299	0.001477	-0.014092	-0.015665	1.003841
	0.000000	0.000000	0.000000	0.000000	1.000000	-0.017858	-0.038916	-0.003766	-0.019398	1.074986
	0.000000	0.000000	0.000000	0.000000	1.000000	-0.022459	-0.015139	-0.014590	-0.012473	1.048819
	0.000000	0.000000	0.000000	0.000000	1.000000	0.038077	-0.040204	0.007560	-0.001857	1.014388
	0.000000	0.000000	0.000000	0.000000	1.000000	0.031792	0.149926	-0.024382	-0.040358	0.854653
	0.000000	0.000000	0.000000	0.000000	1.000000	0.023060	0.039010	0.000130	-0.075608	1.007487
	0.000000	0.000000	0.000000	0.000000	1.000000	0.041078	0.174297	-0.024130	-0.059262	0.843705
	0.000000	0.000000	0.000000	0.000000	1.000000	0.031954	0.125612	-0.025193	-0.061433	0.904689
	0.000000	0.000000	0.000000	0.000000	1.000000	0.020266	0.038787	0.008696	-0.044729	0.977291
	0.000000	0.000000	0.000000	0.000000	1.000000	0.043408	0.115499	-0.044188	-0.069383	0.914492
	0.000000	0.000000	0.000000	0.000000	1.000000	-0.006876	0.038112	-0.013478	0.008109	0.965000
	0.000000	0.000000	0.000000	0.000000	1.000000	-0.007076	-0.059936	-0.007054	0.020276	1.056802
	0.000000	0.000000	0.000000	0.000000	1.000000	0.046755	0.010790	0.011708	-0.063670	1.005451
	0.000000	0.000000	0.000000	0.000000	1.000000	-0.052730	-0.027102	-0.009757	0.033620	1.058585
	0.000000	0.000000	0.000000	0.000000	1.000000	0.000152	0.007215	0.001495	-0.061405	1.043112
	0.000000	0.000000	0.000000	0.000000	1.000000	0.005005	-0.027983	-0.006005	-0.016233	1.044622
	0.000000	0.000000	0.000000	0.000000	1.000000	0.001754	0.022351	-0.003813	-0.016086	0.989975
	0.000000	0.000000	0.000000	0.000000	1.000000	0.044030	0.096405	-0.017567	-0.086940	0.947034
	0.000000	0.000000	0.000000	0.000000	1.000000	-0.018493	-0.034581	-0.001492	0.006339	1.048395
	0.000000	0.000000	0.000000	0.000000	1.000000	0.054789	-0.016297	0.015853	-0.077463	1.044715
	0.000000	0.000000	0.000000	0.000000	1.000000	-0.010012	0.024471	-0.014402	-0.033928	1.015944
	0.000000	0.000000	0.000000	0.000000	1.000000	0.051908	0.015905	0.000978	-0.048596	0.972647
	0.000000	0.000000	0.000000	0.000000	1.000000	-0.003763	-0.007902	-0.004757	-0.029719	1.036571
	0.000000	0.000000	0.000000	0.000000	1.000000	-0.064090	-0.008786	0.039323	0.023238	1.032761
	0.000000	0.000000	0.000000	0.000000	1.000000	0.015092	0.004345	-0.004672	-0.014454	0.994677
	0.000000	0.000000	0.000000	0.000000	1.000000	0.024822	0.029564	0.001466	-0.062079	1.004044
	0.000000	0.000000	0.000000	0.000000	1.000000	0.004731	-0.045537	0.005547	-0.005790	1.046884
	0.000000	0.000000	0.000000	0.000000	1.000000	0.125243	-0.001669	0.045180	-0.140437	1.043436
	0.000000	0.000000	0.000000	0.000000	1.000000	0.046069	-0.021932	0.017147	-0.080296	1.057885
	0.000000	0.000000	0.000000	0.000000	1.000000	0.009461	-0.029365	0.010937	-0.037246	1.055022
