1.39622	18	0.10484	0.06517	1.78227	0.09428	0.05115	1.50843	0.49905	5.99191	8.58513	0.43279	5.99191	0.49532	0.99253	0.04503	2.59321	0.27384	0.54871	0.06846	0.48912	0.0747	0.63923	0.09685	0.52614	0.06297	0.42954	0.11519	0.0576	0.45898	0.12573	0.12573	0.55062	0.18372	0.09185	0.57962	0.43638	0.14546	0.5028	0.24083	0.12042	0.4571	0.06692	0.03346	0.54	0.22	0.40741	0.31298	0.25951	0.17072	0.01787	0	1	0	0	0	0	R
1.66042	21	0.12206	0.08805	2.44448	0.10723	0.06133	2.03731	0.54435	3.20059	6.16392	0.92587	3.20059	0.40387	0.74194	0.08077	2.96333	0.38298	0.70356	0.05471	0.57899	0.06857	0.63879	0.13475	0.54514	0.07633	0.46547	0.31429	0.15715	0.57221	0.19187	0.06396	0.56853	0.12774	0.12774	0.5312	0.55951	0.1865	0.48011	0.13861	0.13861	0.51012	0.30535	0.15267	0.59	0.24	0.40678	0.29244	0.25287	0.18597	0.04929	0	1	0	0	0	0	R
1.46022	21	0.13464	0.06845	2.69276	0.14075	0.07217	2.95565	0.65148	0	0	0	0	0	0	0	0	0	0	0	0.67529	0.0673	0.76119	0.11149	0.64457	0.10595	0.60637	0.20328	0.10164	0.6587	0.23212	0.11606	0.65855	0.2571	0.12855	0.67444	0.50535	0.12634	0.53787	0.18689	0.18689	0.63231	0.33074	0.16537	0.59	0.24	0.40678	0.29289	0.25176	0.18496	0.04726	0.04726	1	0	0	0	0	R
1.67731	20	0.11741	0.0705	2.23077	0.10508	0.04855	1.89141	0.56532	3.39399	6.54226	0.9276	3.39399	0.35668	0.63094	0.07134	3.14827	0.33936	0.6003	0.04242	0.6002	0.06403	0.76356	0.13441	0.59095	0.08047	0.50967	0.2819	0.14095	0.58088	0.26198	0.08733	0.5522	0.12302	0.12302	0.64031	0.43529	0.21764	0.59061	0.34531	0.1151	0.51333	0.14293	0.07147	0.6	0.24	0.4	0.28842	0.25108	0.18602	0.05638	0	1	0	0	0	0	R
1.84627	18	0.13386	0.09365	2.27565	0.11398	0.05095	1.82363	0.50526	3.51728	6.91463	0.9659	3.51728	0.46326	0.91686	0.05791	3.39735	0.45202	0.89463	0.05022	0.52834	0.04759	0.65818	0.15501	0.58536	0.06945	0.49231	0.1754	0.0877	0.49212	0.19246	0.09623	0.49542	0.1008	0.1008	0.52234	0.54624	0.27312	0.54569	0.14538	0.14538	0.50481	0.35046	0.11682	0.6	0.24	0.4	0.28904	0.24971	0.18718	0.05869	0	1	0	0	0	0	R
1.64045	16	0.158	0.06993	2.37001	0.1438	0.04706	2.01319	0.52496	3.70108	6.54413	0.76817	3.70108	0.41682	0.79401	0.03206	2.84305	0.35682	0.67971	0.07136	0.56937	0.06583	0.66159	0.13208	0.54248	0.08753	0.46543	0.2784	0.1392	0.5302	0.17018	0.17018	0.52912	0.18586	0.09293	0.52121	0.50687	0.25343	0.4517	0.17767	0.17767	0.51584	0.26124	0.13062	0.6	0.24	0.4	0.28991	0.25147	0.18435	0.05458	0	1	0	0	0	0	R
1.87743	19	0.12201	0.07518	2.19626	0.10944	0.05604	1.86056	0.5249	3.17487	6.01729	0.89529	3.17487	0.36069	0.68717	0.06012	2.84242	0.3357	0.63956	0.05595	0.55219	0.05296	0.69029	0.1152	0.49424	0.04356	0.50487	0.23491	0.0783	0.46065	0.3527	0.17635	0.52288	0.19387	0.19387	0.53783	0.48388	0.16129	0.45427	0.09376	0.04688	0.48586	0.11643	0.11643	0.63	0.24	0.38095	0.28606	0.23623	0.17875	0.08042	0.00379	1	0	0	0	0	R
1.69318	16	0.13201	0.05743	1.98012	0.12341	0.04925	1.72777	0.56401	4.06617	6.16166	0.51535	4.06617	0.36551	0.64806	0.04061	2.09549	0.25234	0.44741	0.02294	0.54927	0.0581	0.72466	0.09078	0.62846	0.05889	0.49155	0.14862	0.07431	0.50307	0.28409	0.14205	0.63205	0.36793	0.18397	0.65782	0	0	0.62511	0.27684	0.13842	0.55198	0.23216	0.11608	0.64	0.25	0.39063	0.28341	0.23604	0.17778	0.08389	0.00481	1	0	0	0	0	R
1.81146	15	0.11933	0.07155	1.67058	0.10684	0.05771	1.38892	0.51488	3.97906	6.24771	0.57015	3.97906	0.40404	0.78473	0.0404	2.26865	0.28166	0.54703	0.03521	0.52296	0.07836	0.66301	0.11212	0.49801	0.0402	0.507	0.19453	0.19453	0.44227	0.13383	0.06692	0.52602	0.22145	0.11073	0.52935	0.37436	0.18718	0.42248	0.11709	0.11709	0.46389	0.06685	0.03342	0.63	0.25	0.39683	0.28307	0.24006	0.17665	0.08685	0	1	0	0	0	0	R
1.44333	17	0.12502	0.03953	2.00027	0.12502	0.03953	2.00027	0.64192	6.63859	0	0	0	0	0	0	0	0	0	0	0.63651	0.05829	0.89877	0.07742	0.71478	0.06631	0.56722	0.13906	0.13906	0.57345	0.27519	0.13759	0.78468	0.17453	0.17453	0.75325	0.33629	0.1121	0.68801	0.27066	0.13533	0.65258	0.28938	0.14459	0.66	0.25	0.37879	0.27693	0.23555	0.17738	0.09007	0.01052	1	0	0	0	0	R
1.6512	15	0.13832	0.10108	1.93651	0.11548	0.06081	1.50124	0.57098	2.93776	5.01351	0.70658	2.93776	0.43527	0.76232	0.0256	2.07575	0.34814	0.60972	0.02678	0.62168	0.06192	0.77457	0.1283	0.57277	0.06764	0.5753	0.1493	0.07465	0.05429	0.22209	0.07403	0.68392	0	0	0.54674	0.43527	0.43527	0.4901	0.37442	0.18721	0.4745	0.10442	0.10442	0.63	0.25	0.39683	0.28375	0.2401	0.17865	0.07934	0.00622	1	0	0	0	0	R
1.56314	19	0.12881	0.08469	2.31854	0.1266	0.08054	2.27882	0.629	2.05845	0	0	0	0	0	0	0	0	0	0	0.66344	0.07323	0.78373	0.11633	0.62835	0.0907	0.60899	0.14371	0.14371	0.56535	0.11923	0.05961	0.58962	0.36399	0.18199	0.70635	0.4132	0.2066	0.57335	0.37848	0.18924	0.54631	0.18891	0.09446	0.63	0.25	0.39683	0.28487	0.24112	0.18048	0.07893	0.00272	1	0	0	0	0	R
1.68448	19	0.1181	0.06886	2.12584	0.10814	0.05687	1.83837	0.55756	3.74084	6.20045	0.6575	3.74084	0.37568	0.67379	0.05367	2.4596	0.28746	0.51557	0.02613	0.58303	0.04429	0.71007	0.10477	0.61713	0.05624	0.52865	0.19498	0.09749	0.53351	0.0867	0.0867	0.54369	0.14848	0.07424	0.57878	0.53974	0.26987	0.5738	0.20312	0.10156	0.54094	0.22766	0.07589	0.63	0.24	0.38095	0.28523	0.23908	0.17924	0.07751	0.00414	1	0	0	0	0	R
2.01728	18	0.0892	0.08681	1.51643	0.06929	0.03555	1.10857	0.3435	6.32534	9.99605	0.58032	6.32534	0.63832	1.85827	0.05319	3.67071	0.40787	1.18737	0.05827	0.39534	0.03922	0.55473	0.14146	0.31848	0.03468	0.3552	0.13096	0.13096	0.3591	0.14131	0.07065	0.37161	0.15603	0.07801	0.38708	0.49772	0.24886	0.28873	0.04797	0.02398	0.2873	0.07874	0.03937	0.52	0.2	0.38462	0.33692	0.25362	0.14274	0.00507	0	1	0	0	0	0	R
2.77504	11	0.05773	0.09801	0.57728	0.02586	0.02267	0.2327	0.09369	8.52623	11.45312	0.34328	8.52623	0.89335	9.53505	0.04702	2.92689	0.34458	3.67784	0.02651	0.10272	0.01596	0.23656	0.10398	0.07444	0.01346	0.09127	0	0	0.08399	0.02163	0.02163	0.0963	0.10017	0.05009	0.10819	0.34458	0.34458	0.08002	0.02275	0.01138	0.06545	0.02083	0.01041	0.47	0.17	0.3617	0.37274	0.24067	0.08158	0.00198	0	0	1	0	0	0	F
2.05005	14	0.0664	0.1564	0.86317	0.02182	0.02588	0.26188	0.13933	4.94896	8.36901	0.69106	4.94896	0.84041	6.03185	0.04002	3.42005	0.60129	4.31562	0.03006	0.14776	0.03328	0.33061	0.15849	0.12672	0.019	0.1124	0.02663	0.01331	0.14252	0.04844	0.02422	0.16624	0.09363	0.09363	0.14272	0.60129	0.60129	0.11625	0.018	0.009	0.10475	0.01004	0.01004	0.53	0.18	0.33962	0.34766	0.23896	0.11217	0.00918	0	0	1	0	0	0	F
3.24506	15	0.08102	0.22792	1.13428	0.01959	0.05576	0.25465	0.06205	3.65349	3.65349	0	3.65349	0.91371	14.71587	0.07029	0	0	0	0	0.08556	0.06332	0.11503	0.06054	0.05547	0.00788	0.05615	0.01368	0.00684	0.11588	0	0	0.06389	0.87962	0.87962	0.0549	0.02188	0.02188	0.04983	0.02438	0.00813	0.04798	0.02397	0.01199	0.58	0.2	0.34483	0.32767	0.24117	0.13963	0.01973	0.00411	0	1	0	0	0	F
2.26406	12	0.11154	0.21759	1.22689	0.04607	0.07027	0.46069	0.16154	3.08049	6.08913	0.97668	3.08049	0.78183	4.73978	0.04599	3.00865	0.7662	4.74301	0.04033	0.13166	0.01642	0.47121	0.18907	0.15497	0.02666	0.10986	0.01785	0.01785	0.12228	0.04264	0.02132	0.28877	0	0	0.1499	0.7662	0.7662	0.16773	0.05891	0.01964	0.12743	0.06143	0.03071	0.57	0.19	0.33333	0.33835	0.23556	0.12966	0.02965	0	0	1	0	0	0	F
1.79814	14	0.09645	0.21145	1.2539	0.03563	0.01862	0.42759	0.13036	3.61647	7.06815	0.95443	3.61647	0.86115	6.60604	0.04306	3.45168	0.82631	6.33874	0.08263	0.12638	0.01852	0.38998	0.26542	0.14328	0.01832	0.12353	0.07142	0.03571	0.11043	0.03465	0.01732	0.13836	0.06814	0.06814	0.15547	0.82631	0.82631	0.13387	0.07599	0.03799	0.11505	0.04312	0.04312	0.48	0.17	0.35417	0.36631	0.24154	0.08963	0.00313	0	0	1	0	0	0	F
2.36719	13	0.05471	0.11265	0.65652	0.02146	0.02698	0.23602	0.12481	6.90455	10.15155	0.47027	6.90455	0.83253	6.67016	0.05947	3.247	0.4205	3.36898	0.02336	0.14	0.03385	0.33274	0.11349	0.11245	0.01719	0.11881	0.0096	0.0096	0.10302	0.0303	0.0101	0.17701	0	0	0.11886	0.4205	0.4205	0.10801	0.06138	0.02046	0.08437	0.00595	0.00595	0.52	0.18	0.34615	0.34453	0.23954	0.11975	0.00941	0	0	1	0	0	0	F
2.91123	13	0.06153	0.11759	0.73835	0.02694	0.02695	0.29631	0.11755	6.59195	9.83075	0.49065	6.59495	0.83706	7.12106	0.0761	3.2358	0.44204	3.76055	0.02327	0.13267	0.02337	0.24369	0.11769	0.10084	0.01252	0.10702	0.01332	0.01332	0.11122	0.07767	0.07767	0.1234	0.04949	0.04949	0.10984	0.44204	0.44204	0.09612	0.02751	0.02751	0.09287	0.02515	0.01257	0.53	0.19	0.35849	0.33734	0.24288	0.1304	0.01522	0	0	1	0	0	0	F
1.73926	14	0.06695	0.13797	0.87038	0.02803	0.03051	0.33642	0.18218	5.26745	8.65143	0.64262	5.26745	0.79368	4.35664	0.04669	3.38499	0.53396	2.93102	0.03141	0.19978	0.03097	0.43843	0.15884	0.17608	0.03268	0.15425	0.01435	0.01435	0.20274	0.05648	0.02824	0.21401	0.01214	0.01214	0.19815	0.53396	0.53396	0.17074	0.03496	0.03496	0.14431	0.11874	0.03958	0.52	0.18	0.34615	0.34152	0.23817	0.12352	0.00545	0.00363	0	1	0	0	0	F
1.2713	12	0.09915	0.2082	1.09067	0.03509	0.05041	0.35091	0.15792	3.36857	6.44542	0.9134	3.36857	0.80049	5.06882	0.04709	3.07685	0.73976	4.68422	0.02845	0.13918	0.01518	0.04408	0.347147436	0.17448	0.02453	0.12042	0.04438	0.02219	0.13407	0.06319	0.0307	0.22409	0	0	0.15553	0.73976	0.73976	0.16321	0.00987	0.00987	0.15429	0.07332	0.03666	0.47	0.16	0.34043	0.36916	0.23814	0.07861	0	0	0	1	0	0	0	F
2.01933	16	0.03435	0.08404	0.51524	0.0126	0.02177	0.17644	0.10488	10.2265	13.84908	0.35423	10.2265	0.89383	8.52209	0.06876	3.62258	0.33881	3.23031	0.01993	0.11681	0.0229	0.31439	0.09964	0.10346	0.02855	0.09907	0.04933	0.02467	0.10867	0.07432	0.03716	0.11356	0.0071	0.0071	0.13128	0.33881	0.33881	0.11849	0.04854	0.04854	0.07838	0.02504	0.01252	0.5	0.17	0.34	0.3526	0.2405	0.0975	0.00826	0	0	1	0	0	0	F
1.8263	12	0.12371	0.17862	1.36077	0.07121	0.06913	0.71208	0.23666	3.48098	6.42009	0.84433	3.48098	0.74548	3.15002	0.04142	2.9391	0.64869	2.74104	0.04325	0.25835	0.03276	0.55012	0.19929	0.20043	0.03348	0.21538	0.07871	0.07871	0.23321	0.0875	0.0875	0.30901	0.26079	0.26079	0.31094	0.64869	0.64869	0.21788	0.03816	0.01908	0.17285	0.08186	0.04093	0.52	0.18	0.34615	0.34667	0.24001	0.12694	0.00534	0	0	1	0	0	0	F
3.60346	16	0.01895	0.05764	0.28428	0.00365	0.00706	0.05116	0.04689	16.24777	19.96311	0.22867	16.24777	0.95554	20.37765	0.06825	3.71534	0.23312	4.97146	0.01793	0.04789	0.00614	0.11725	0.08035	0.05299	0.0042	0.0449	0.01289	0.00644	0.04065	0.01997	0.01997	0.06757	0	0	0.05408	0.24036	0.12018	0.04942	0.01603	0.01603	0.05001	0.01159	0.00386	0.53	0.18	0.33962	0.33844	0.23655	0.12316	0.01763	0	0	1	0	0	0	F
3.04845	16	0.06741	0.177	1.01119	0.02357	0.06883	0.33001	0.08139	4.83425	4.83425	0	4.83425	0.92309	11.3416	0.04615	0	0	0	0	0.08995	0.01946	0.17862	0.0812	0.12642	0.16928	0.07224	0.03897	0.01299	0.09003	0.05544	0.02772	0.0984	0.01207	0.01207	0.11494	0.26782	0.26782	0.0941	0.68118	0.68118	0.05306	0.00887	0.00296	0.53	0.19	0.35849	0.33222	0.2434	0.14024	0.01556	0	0	1	0	0	0	F
2.58048	10	0.08191	0.19821	0.73718	0.01206	0.01698	0.09649	0.08355	4.2376	7.05678	0.66528	4.2376	0.93183	11.03282	0.03414	2.81918	0.64069	7.66803	0.01831	0.09928	0.02187	0.30385	0.17371	0.08727	0.01189	0.06839	0.00815	0.00815	0.11722	0	0	0.19116	0	0	0.09312	0.66596	0.33298	0.08296	0.02805	0.01403	0.07675	0.02579	0.0129	0.53	0.19	0.35849	0.34179	0.23643	0.12661	0.01424	0	0	1	0	0	0	F
2.54054	11	0.08486	0.21327	0.84857	0.01389	0.0129	0.12497	0.11674	3.65902	6.65408	0.81854	3.65902	0.8652	7.41162	0.03933	2.99505	0.7236	6.19861	0.02412	0.13265	0.01882	0.40582	0.1844	0.11799	0.01252	0.1148	0.0522	0.0261	0.12177	0	0	0.24158	0	0	0.10308	0.7236	0.7236	0.11349	0.01234	0.00617	0.10594	0.03146	0.01049	0.53	0.19	0.35849	0.3383	0.23605	0.13801	0.01142	0	0	1	0	0	0	F
1.96557	13	0.05854	0.15313	0.70252	0.01328	0.03146	0.14603	0.07876	5.4408	8.69263	0.59768	5.4408	0.89167	11.32208	0.06369	3.25184	0.55648	7.06602	0.03092	0.07006	0.01343	0.21394	0.16867	0.06603	0.00896	0.05858	0.00518	0.00259	0.05705	0.02564	0.01282	0.09087	0	0	0.07558	0.56187	0.28094	0.06944	0.01394	0.01394	0.05704	0.01134	0.00378	0.47	0.17	0.3617	0.36766	0.23938	0.07988	0	0	0	1	0	0	0	F
2.28762	15	0.04337	0.10456	0.60715	0.01476	0.01781	0.19189	0.12766	7.60221	11.15888	0.46785	7.60221	0.83827	6.56661	0.04931	3.55667	0.41526	3.25295	0.02076	0.12859	0.01402	0.3485	0.11686	0.11451	0.01786	0.12286	0.02244	0.01122	0.11613	0.03925	0.01308	0.19327	0	0	0.12704	0.41526	0.41526	0.10737	0.07026	0.02342	0.09985	0.02974	0.02974	0.52	0.19	0.36538	0.33988	0.23755	0.13207	0.01014	0	0	1	0	0	0	F
2.94605	13	0.04003	0.11681	0.48036	0.00496	0.01131	0.05457	0.08782	7.49134	10.79369	0.44082	7.49134	0.91512	10.4207	0.03813	3.30235	0.42579	4.84856	0.01851	0.11274	0.0143	0.29063	0.12935	0.0801	0.00765	0.09987	0.04421	0.0221	0.11777	0	0	0.16764	0	0	0.09489	0.42579	0.42579	0.08381	0.01699	0.00849	0.0744	0.02335	0.01168	0.57	0.2	0.35088	0.32212	0.23165	0.13603	0.03508	0	0	1	0	0	0	F
0.80102	13	0.09175	0.18449	1.10103	0.0391	0.06216	0.43009	0.21679	3.52261	6.66196	0.8912	3.52261	0.74165	3.42111	0.03903	3.13935	0.67094	3.09494	0.03355	0.19715	0.0614	0.49098	0.19489	0.23694	0.04979	0.15508	0.00975	0.00487	0.16055	0.06636	0.02212	0.30209	0	0	0.21177	0.67094	0.67094	0.24899	0.05125	0.02563	0.2154	0.10475	0.10475	0.42	0.15	0.35714	0.38529	0.23654	0.03868	0	0	0	1	0	0	0	F
3.63315	13	0.04032	0.12166	0.48386	0.00371	0.00804	0.04083	0.07914	7.18414	10.49413	0.46074	7.18414	0.91438	11.55326	0.03658	3.30999	0.44303	5.59773	0.02215	0.0782	0.011	0.31133	0.13575	0.07287	0.01303	0.06659	0.00238	0.00238	0.07129	0.01971	0.00657	0.15702	0	0	0.08445	0.44303	0.44303	0.07842	0.02417	0.02417	0.06327	0.01244	0.00415	0.58	0.2	0.34483	0.31658	0.23356	0.1406	0.03969	0	0	1	0	0	0	F
0.77414	13	0.08614	0.21764	1.03369	0.02176	0.04403	0.2394	0.13782	3.6483	6.90212	0.89187	3.6483	0.88015	6.38638	0.0489	3.25381	0.79429	5.76341	0.0361	0.21438	0.06649	0.45746	0.2246	0.11887	0.00986	0.13473	0.01552	0.01552	0.17266	0.15753	0.15753	0.31469	0	0	0.15743	0.79429	0.79429	0.11161	0.00575	0.00575	0.11509	0.0391	0.01303	0.39	0.14	0.35897	0.39185	0.22395	0.01985	0	0	0	1	0	0	0	F
2.52723	18	0.06058	0.211228974	1.02877	0.02355	0.04511	0.3768	0.13935	5.18331	9.01884	0.73998	5.18331	0.85981	6.16996	0.07816	3.83552	0.65197	4.67854	0.04657	0.1309	0.01607	0.35265	0.22462	0.19501	0.05315	0.12106	0.03639	0.0182	0.11073	0.02697	0.01349	0.11606	0.01355	0.01355	0.1439	0.65559	0.3278	0.17163	0.05541	0.01847	0.15609	0.20072	0.10036	0.56	0.2	0.35714	0.32529	0.23476	0.13909	0.02831	0	0	1	0	0	0	F
2.10125	11	0.10866	0.2054	1.08662	0.04057	0.02242	0.36509	0.18782	3.16739	6.15127	0.94206	3.16739	0.75923	4.04233	0.03615	2.98388	0.72154	3.84165	0.04009	0.17477	0.03863	0.39063	0.21311	0.1686	0.03289	0.14212	0.04672	0.04672	0.13255	0.02753	0.16438	0.04231	0.04231	0.04231	0.15298	0.72154	0.72154	0.13087	0.03142	0.01571	0.18074	0.08236	0.04118	0.56	0.2	0.35714	0.32211	0.23357	0.14441	0.02873	0.0027	0	1	0	0	0	F
1.01043	16	0.04379	0.08566	0.65681	0.02182	0.02249	0.033706923	0.1383	8.89367	12.48376	0.10367	8.89367	0.80561	5.82517	0.06713	3.59008	0.35131	2.54024	0.02067	0.1249	0.01329	0.29037	0.08961	0.13807	0.02565	0.12004	0.05097	0.01699	0.11628	0.01539	0.0077	0.11103	0.01754	0.01754	0.12462	0.35131	0.35131	0.12748	0.03842	0.01921	0.11338	0.00871	0.00871	0.39	0.15	0.38462	0.4063	0.23042	0.01641	0	0	0	1	0	0	0	F
2.19546	15	0.06766	0.22982	0.94724	0.00398	0.0102	0.0517	0.08227	3.71413	7.31638	0.96988	3.71413	0.92125	11.19726	0.05758	3.60225	0.89554	10.88475	0.04071	0.10945	0.0083	0.34407	0.26569	0.07444	0.00646	0.09752	0.05117	0.02559	0.09949	0.00972	0.00486	0.14956	0	0	0.08581	0.89554	0.89554	0.07044	0.02557	0.00852	0.06951	0.03003	0.01501	0.5	0.18	0.36	0.34777	0.24052	0.11002	0.00312	0	0	1	0	0	0	F
3.09248	13	0.07002	0.21948	0.84027	0.00389	0.00863	0.04282	0.0988	3.77498	7.08925	0.87796	3.77498	0.89857	9.09445	0.04084	3.31427	0.79745	8.07104	0.03067	0.10856	0.01444	0.4388	0.25306	0.09388	0.00751	0.09255	0.02728	0.02728	0.11132	0.01614	0.00538	0.1042	0.79745	0.79745	0.28235	0	0	0.09187	0.0229	0.01114	0.08069	0.00393	0.00393	0.62	0.21	0.33871	0.30164	0.22553	0.15346	0.06406	0.00159	0	1	0	0	0	F
1.17248	13	0.06627	0.17211	0.79522	0.01453	0.01395	0.15985	0.1348	4.68085	7.98747	0.70642	4.68085	0.87189	6.46789	0.04152	3.30662	0.63537	4.71334	0.02444	0.1425	0.0127	0.46157	0.19391	0.15826	0.04762	0.12788	0.0437	0.02185	0.14018	0.03846	0.01923	0.22613	0	0	0.15131	0.63537	0.63537	0.204	0	0	0.12544	0.03079	0.01026	0.4	0.15	0.375	0.40226	0.2279	0.02871	0	0	0	1	0	0	0	F
2.04646	12	0.08943	0.18122	0.98371	0.03688	0.0758	0.36876	0.12506	4.2934	4.2934	0	4.2934	0.86748	6.93654	0.03943	0	0	0	0	0.22915	0.14691	0.23186	0.07776	0.10167	0.0129	0.13912	0.61495	0.61495	0.11599	0.02361	0.02361	0.14401	0	0	0.11402	0.25525	0.25525	0.10903	0.01204	0.00602	0.09496	0.02935	0.01468	0.53	0.18	0.33962	0.33442	0.23769	0.12577	0.015	0	0	1	0	0	0	F
2.19546	13	0.06846	0.11272	0.82154	0.03956	0.06196	0.43517	0.20497	6.84771	9.66792	0.41185	6.84771	0.84037	4.09993	0.04423	2.82021	0.38637	1.88499	0.0276	0.16464	0.01463	0.46154	0.1046	0.33242	0.05639	0.14482	0.01323	0.01323	0.15611	0.03364	0.01682	0.22258	0.4003	0.20015	0.41573	0	0	0.29891	0.25956	0.12978	0.22963	0.14704	0.07352	0.54	0.19	0.35185	0.33512	0.23778	0.1307	0.01994	0	0	1	0	0	0	F
1.85549	14	0.03587	0.07768	0.46635	0.01469	0.02653	0.17629	0.13485	11.13882	14.41105	0.29377	11.13882	0.90115	6.68277	0.05006	3.27223	0.29006	2.15106	0.01527	0.11221	0.01775	0.30346	0.08163	0.16095	0.04558	0.10379	0.02946	0.00982	0.09047	0.01235	0.01235	0.22562	0	0	0.18526	0.35777	0.17889	0.17401	0.03756	0.03756	0.14941	0.07785	0.03892	0.47	0.17	0.3617	0.36022	0.24161	0.08385	0.00201	0	0	1	0	0	0	F
1.13254	17	0.04485	0.11971	0.71756	0.01427	0.018	0.21403	0.15065	6.52513	10.35686	0.58723	6.52513	0.82595	5.48258	0.06353	3.83173	0.50353	3.3424	0.03597	0.17147	0.02628	0.27561	0.1535	0.14517	0.01682	0.16533	0.0692	0.0346	0.13203	0.01676	0.00838	0.13283	0.00913	0.00913	0.13011	0.52342	0.26171	0.12105	0.0239	0.01195	0.13235	0.04648	0.02324	0.42	0.15	0.35714	0.39628	0.22522	0.03366	0	0	0	1	0	0	0	F
3.01056	12	0.0742	0.21814	0.81624	0.0053	0.01099	0.05301	0.07937	3.86774	7.02637	0.81666	3.86774	0.91792	11.56468	0.03672	3.15863	0.76323	9.6158	0.03053	0.08172	0.00872	0.39035	0.22683	0.08724	0.01269	0.07014	0.03296	0.03296	0.07524	0.02437	0.00812	0.27057	0	0	0.08371	0.76323	0.76323	0.08773	0.00911	0.00455	0.07548	0.01393	0.00697	0.59	0.21	0.35593	0.30578	0.22714	0.15567	0.04949	0	0	1	0	0	0	F
2.0992	13	0.08263	0.25006	0.99161	0.00729	0.00984	0.08022	0.083	3.32177	6.63604	0.99774	3.32177	0.91326	11.00356	0.04349	0.048970769	0.91139	10.98097	0.05361	0.07134	0.00677	0.36086	0.28749	0.10329	0.00707	0.06339	0.0337	0.01685	0.06379	0.00389	0.00389	0.06959	0.00806	0.00806	0.08495	0.91139	0.91139	0.0962	0.01918	0.00639	0.09732	0.02085	0.02085	0.5	0.17	0.34	0.35029	0.23968	0.10865	0	0	0	1	0	0	0	F
1.26157	14	0.06668	0.14429	0.86688	0.0313	0.07924	0.37561	0.18598	4.09053	7.03314	0.71937	4.09053	0.65691	3.53222	0.03128	2.94261	0.49127	2.6416	0.02136	0.13576	0.01756	0.36229	0.14065	0.12452	0.01192	0.11874	0.01915	0.00958	0.12772	0.06055	0.03027	0.18247	0	0	0.12155	0.49127	0.49127	0.11937	0.01933	0.01933	0.11581	0.02613	0.00871	0.42	0.15	0.34884	0.37745	0.23278	0.05142	0	0	0	1	0	0	0	F
1.5145	9	0.12067	0.04833	0.96535	0.12067	0.04833	0.96535	0.36929	9.50979	0	0	0	0	0	0	0	0	0	0	0.35852	0.03532	0.6097	0.05769	0.30015	0.03737	0.30701	0.09884	0.09884	0.34174	0.09605	0.09605	0.4918	0.19278	0.19278	0.48251	0.20174	0.20174	0.2885	0.08304	0.08304	0.25638	0.08354	0.08354	0.53	0.19	0.35849	0.33458	0.24485	0.13464	0.01231	0	0	1	0	0	0	F
2.78221	11	0.13077	0.24839	1.30769	0.05698	0.11876	0.51281	0.16445	2.79813	5.4718	0.95552	2.79813	0.8258	5.02149	0.05899	2.67367	0.79488	4.8335	0.02839	0.20169	0.05106	0.64226	0.26123	0.16181	0.03931	0.17542	0.05332	0.05332	0.16537	0.0412	0.0206	0.27978	0	0	0.16353	0.79488	0.79488	0.16855	0.00053	0.00053	0.13719	0.04134	0.02067	0.56	0.2	0.35714	0.32468	0.23651	0.14281	0.02626	0	0	1	0	0	0	F
1.56262	14	0.07459	0.18819	0.96973	0.02046	0.01652	0.24556	0.14284	4.02109	7.47285	0.85841	4.02109	0.83132	5.82005	0.08313	3.45176	0.72418	5.06994	0.03811	0.12935	0.01424	0.50352	0.21455	0.14741	0.02264	0.11071	0.02851	0.02851	0.1306	0.03909	0.01303	0.33007	0	0	0.16175	0.73941	0.36697	0.471211026	0.05384	0.02692	0.12396	0.05888	0.02944	0.53	0.18	0.33962	0.33819	0.23469	0.12179	0.01307	0	0	1	0	0	0	F
1.46637	14	0.04623	0.1391	0.601	0.00653	0.02164	0.07831	0.09477	5.98727	9.41244	0.57208	5.98727	0.87908	9.27562	0.04884	3.42518	0.52268	5.51511	0.02091	0.10339	0.03112	0.29533	0.16082	0.08986	0.01321	0.08602	0.00663	0.00332	0.08001	0.01041	0.0052	0.1384	0	0	0.08521	0.52268	0.52268	0.09277	0.00609	0.00609	0.08023	0.02007	0.01003	0.45	0.16	0.35556	0.36893	0.23557	0.06818	0.00346	0	0	1	0	0	0	F
3.07405	13	0.04624	0.14858	0.55492	0.00146	0.00463	0.01611	0.04938	6.04656	9.36171	0.54827	6.04656	0.94464	19.12952	0.03936	3.31515	0.53881	10.91116	0.01796	0.05109	0.00682	0.23866	0.13844	0.05894	0.02546	0.04592	0.01369	0.00684	0.04442	0.00291	0.00146	0.11345	0	0	0.0493	0.53881	0.53881	0.049	0.01034	0.01034	0.0426	0.01611	0.01611	0.55	0.19	0.34545	0.33457	0.23265	0.13952	0.02255	0	0	1	0	0	0	F
0.32909	16	0.10251	0.05091	1.53763	0.09356	0.03968	1.3098	0.55308	3.76632	3.76632	0	3.76632	0.29424	0.53201	0.04904	0	0	0	0	0.63088	0.06535	0.43468	0.03105	0.55204	0.06294	0.59659	0.16958	0.08479	0.55037	0.12077	0.12077	0.4172	0.21407	0.07136	0.40009	0.03535	0.03535	0.43228	0.32458	0.16229	0.4966	0.05397	0.05397	0.36	0.13	0.36111	0.41831	0.1975	0.00608	0	0	0	0	1	0	0	M
0.31014	16	0.09744	0.09311	1.46157	0.09292	0.08332	1.39378	0.50468	2.39307	0	0	0	0	0	0	0	0	0	0	0.50991	0.06664	0.44366	0.03817	0.48364	0.09421	0.43624	0.07594	0.07594	0.44511	0.1105	0.05525	0.44366	0.12113	0.12113	0.39557	0.06118	0.03059	0.3949	0.0245	0.00817	0.42873	0.18918	0.09459	0.34	0.12	0.35294	0.45038	0.15458	0	0	0	0	0	1	0	0	M
0.32512	15	0.13149	0.09054	1.84085	0.11564	0.07288	1.50335	0.60094	2.5419	2.5419	0	2.5429	0.36171	0.60191	0.04019	0	0	0	0	0.73497	0.10847	0.56521	0.04197	0.66789	0.08735	0.63108	0.46457	0.23228	0.63396	0.10443	0.10443	0.54515	0.3124	0.1562	0.52723	0.11093	0.05546	0.55906	0.05768	0.05768	0.61823	0.41053	0.20527	0.36	0.13	0.36111	0.4277	0.20211	0.00259	0	0	0	0	1	0	0	M
0.55117	15	0.10728	0.07424	1.50197	0.09242	0.05332	1.20146	0.52562	2.68556	2.68556	0	2.68556	0.30667	0.58344	0.03067	0	0	0	0	0.58744	0.11667	0.55584	0.03939	0.48561	0.07152	0.48422	0.18869	0.09435	0.45402	0.13284	0.13284	0.49327	0.08082	0.08082	0.46025	0.1567	0.07835	0.39143	0.05562	0.05562	0.45082	0.12651	0.12651	0.4	0.15	0.375	0.40073	0.23481	0.02596	0	0	0	0	1	0	0	M
0.24416	16	0.12353	0.03013	1.85295	0.12353	0.03013	1.85295	0.61308	6.71422	0	0	0	0	0	0	0	0	0	0	0.72801	0.10851	0.52836	0.04515	0.63643	0.06163	0.69013	0.32398	0.16199	0.56802	0.1654	0.1654	0.47982	0.10367	0.10367	0.50024	0.21461	0.10731	0.54566	0.20832	0.10416	0.61769	0.08322	0.08322	0.38	0.13	0.34211	0.42495	0.17149	0.00438	0.01234	0	0	0	1	0	0	M
0.69222	14	0.10711	0.0704	1.39238	0.10711	0.0704	1.39238	0.4604	3.06203	0	0	0	0	0	0	0	0	0	0	0.43564	0.11178	0.31543	0.02217	0.53399	0.1393	0.42215	0.17345	0.08672	0.32614	0.08196	0.08196	0.27918	0.08806	0.04406	0.3264	0	0	0.33219	0.17261	0.17261	0.50823	0	0	0.43	0.16	0.37209	0.38571	0.25209	0.05154	0	0	0	0	1	0	0	M
0.33523	16	0.12526	0.05154	1.87887	0.11702	0.04275	1.63822	0.6325	4.49823	4.49823	0	4.49823	0.3571	0.56459	0.02747	0	0	0	0	0.65578	0.06612	0.66871	0.05264	0.75215	0.07016	0.61973	0.24399	0.12199	0.50076	0.15082	0.15082	0.51995	0.12591	0.12591	0.64681	0.15922	0.07961	0.64013	0.21936	0.21936	0.64958	0.36063	0.18032	0.37	0.14	0.37838	0.41757	0.2181	0.004	0	0	0	0	1	0	0	M
0.47219	14	0.16481	0.08845	2.14259	0.17688	0.09569	2.47628	0.62444	0	0	0	0	0	0	0	0	0	0	0	0.61294	0.07426	0.70211	0.07753	0.73743	0.09211	0.52521	0.11209	0.11209	0.59956	0.24953	0.12476	0.60722	0.16766	0.08383	0.61616	0.25644	0.25644	0.64582	0.40133	0.20066	0.65329	0	0	0.44	0.16	0.36364	0.37392	0.24329	0.0604	0	0	0	0	1	0	0	M
0.34227	16	0.1357	0.07103	2.03543	0.1103	0.03111	1.4339	0.61732	4.89868	4.89868	0	4.89868	0.48364	0.78345	0.06909	0	0	0	0	0.71188	0.12056	0.74121	0.04715	0.65353	0.06398	0.6982	0.29058	0.29058	0.56012	0.09938	0.09938	0.58844	0.31096	0.31096	0.67908	0.30002	0.10001	0.66394	0.2026	0.1013	0.58095	0.16791	0.08396	0.37	0.14	0.37838	0.41931	0.2159	0.00506	0	0	0	0	1	0	0	M
0.53632	16	0.11087	0.06631	1.66301	0.11336	0.06492	1.83372	0.54903	0	0	0	0	0	0	0	0	0	0	0	0.53407	0.16346	0.3593	0.02389	0.56382	0.13103	0.51317	0.292	0.146	0.34666	0.06122	0.06122	0.30024	0.03962	0.03962	0.34075	0.04135	0.04135	0.42084	0.29672	0.09891	0.50385	0	0	0.42	0.16	0.38095	0.38945	0.24388	0.04259	0	0	0	0	1	0	0	M
0.4064	17	0.09607	0.06422	1.53717	0.08493	0.04912	1.27394	0.5633	5.53777	5.53777	0	5.53777	0.45173	0.80794	0.04107	0	0	0	0	0.52611	0.04144	0.71059	0.0702	0.64962	0.0619	0.48105	0.07488	0.03744	0.49755	0.13189	0.06594	0.64526	0.30543	0.15272	0.59997	0.38693	0.19346	0.59661	0.01425	0.01425	0.61642	0.09677	0.04839	0.41	0.15	0.36585	0.40369	0.22773	0.02934	0	0	0	0	1	0	0	M
0.26342	18	0.13474	0.05344	2.29057	0.1287	0.03888	2.18786	0.65071	2.98542	0	0	0	0	0	0	0	0	0	0	0.66337	0.07724	0.58718	0.06825	0.73756	0.06413	0.55224	0.08795	0.08795	0.58477	0.21441	0.1072	0.53246	0.26069	0.13034	0.5224	0.47097	0.23548	0.66764	0.11808	0.11808	0.68863	0.27697	0.13848	0.36	0.13	0.36111	0.43087	0.18842	0	0	0	0	0	1	0	0	M
0.41741	15	0.17752	0.09005	2.48528	0.17752	0.09005	2.48528	0.57562	2.22245	0	0	0	0	0	0	0	0	0	0	0.55306	0.0767	0.6997	0.09657	0.74289	0.07512	0.53247	0	0	0.44511	0.20837	0.20837	0.49747	0.26273	0.26273	0.57681	0.44427	0.22213	0.67382	0.34867	0.11622	0.68073	0.27798	0.13899	0.38	0.15	0.39474	0.40781	0.24825	0.00837	0	0	0	0	1	0	0	M
1.60205	15	0.06694	0.0446	0.93716	0.06694	0.0446	0.93716	0.35124	10.18671	0	0	0	0	0	0	0	0	0	0	0.50689	0.02143	0.30303	0.0196	0.42507	0.04999	0.30564	0	0	0.27997	0.08273	0.02758	0.27768	0.06647	0.03324	0.30858	0.0819	0.04095	0.345	0.1109	0.1109	0.3744	0.14813	0.14813	0.56	0.2	0.35714	0.32973	0.24278	0.13761	0.02849	0	0	0	0	1	0	W
1.45203	11	0.16943	0.08216	1.69429	0.16943	0.08216	1.69429	0.4883	4.06978	0	0	0	0	0	0	0	0	0	0	0.68898	0.11988	0.56153	0.08166	0.40134	0.05713	0.65199	0.39528	0.16764	0.45901	0.2612	0.2612	0.47752	0.22329	0.22329	0.40531	0.24079	0.12039	0.37905	0	0	0.37317	0.12998	0.06499	0.59	0.22	0.37288	0.31362	0.24082	0.1618	0.0403	0	0	0	0	1	0	W
1.43514	19	0.08446	0.10866	1.52034	0.06053	0.04681	1.02903	0.40977	3.74427	7.25255	0.93697	3.74427	0.4913	1.19896	0.03071	3.50828	0.46566	1.13639	0.07761	0.33378	0.02874	0.63395	0.14484	0.46482	0.0583	0.28336	0.07795	0.07795	0.31681	0.09155	0.04578	0.32884	0.02863	0.02863	0.35672	0.51146	0.25573	0.39584	0.05164	0.02582	0.42672	0.21985	0.07328	0.55	0.2	0.36364	0.32754	0.24453	0.14782	0.02002	0	0	0	0	1	0	W
1.60717	17	0.08581	0.06492	1.37293	0.07541	0.0526	1.13121	0.36543	7.06006	9.46175	0.34018	7.06006	0.54412	1.48898	0.06069	2.40169	0.24172	0.66145	0.02686	0.30454	0.02628	0.43794	0.08063	0.43429	0.06251	0.27214	0.01888	0.01888	0.29726	0.05113	0.01704	0.33486	0.07435	0.07435	0.35153	0.31602	0.15801	0.36118	0.06841	0.06841	0.38843	0.28202	0.14101	0.57	0.2	0.35088	0.32682	0.24656	0.13821	0.03218	0	0	0	0	1	0	W
1.14227	14	0.15549	0.08325	2.0214	0.13894	0.06282	1.6673	0.55913	2.87845	2.87845	0	2.87845	0.39511	0.70666	0.07902	0	0	0	0	0.51789	0.08737	0.59179	0.043	0.68602	0.098	0.45204	0.16181	0.16181	0.41912	0.1803	0.09015	0.51165	0.05267	0.05267	0.5093	0.15139	0.15139	0.57726	0.21392	0.10696	0.57788	0.17313	0.17313	0.53	0.21	0.39623	0.32556	0.25108	0.15691	0.01535	0	0	0	0	1	0	W
1.76128	18	0.17286	0.08082	2.93866	0.16739	0.07138	2.84571	0.518	2.16747	0	0	0	0	0	0	0	0	0	0	0.55015	0.07614	0.54885	0.05212	0.5602	0.0835	0.43574	0.41097	0.20549	0.55681	0.27275	0.09092	0.5109	0.11352	0.11352	0.51133	0.58496	0.19499	0.48859	0.39993	0.19996	0.47751	0.22573	0.11286	0.6	0.22	0.36667	0.30228	0.23726	0.16641	0.0555	0.0028	0	0	0	1	0	W
1.08544	20	0.10974	0.07636	2.08502	0.10865	0.07411	2.06427	0.56745	2.15662	0	0	0	0	0	0	0	0	0	0	0.53908	0.03587	0.53776	0.05755	0.64146	0.13925	0.48853	0.16327	0.08163	0.51128	0.17188	0.05729	0.47671	0.06922	0.03461	0.51191	0.20124	0.10062	0.47691	0.0944	0.0472	0.60578	0.36851	0.18426	0.54	0.2	0.37037	0.32639	0.24778	0.14813	0.01964	0	0	0	0	1	0	W
1.59949	12	0.09206	0.07833	1.01264	0.07031	0.03929	0.70306	0.33318	6.91339	9.69048	0.4017	6.91339	0.63356	1.90157	0.0528	2.77709	0.30958	0.92917	0.02814	0.31296	0.03013	0.38825	0.10028	0.39779	0.03423	0.2923	0	0	0.28248	0.08331	0.04165	0.31891	0	0	0.30854	0.30958	0.30958	0.33311	0.10992	0.10992	0.36098	0.12095	0.06046	0.57	0.2	0.35088	0.32327	0.24175	0.14754	0.0276	0	0	0	0	1	0	W
1.38547	17	0.15506	0.10185	2.48097	0.14114	0.08926	2.11715	0.52229	2.88595	2.88595	0	2.88595	0.449	0.85968	0.05613	0	0	0	0	0.63381	0.13828	0.72289	0.0664	0.51558	0.07086	0.47618	0.33666	0.16833	0.58832	0.79241	0.26414	0.59368	0.12306	0.12306	0.6155	0.40262	0.20131	0.50723	0.17766	0.08883	0.41288	0.16916	0.08458	0.55	0.21	0.38182	0.32251	0.25292	0.16152	0.02205	0	0	0	0	1	0	W
2.28352	16	0.12289	0.0542	1.84333	0.11509	0.04727	1.61121	0.42706	7.40993	7.40993	0	7.40993	0.5245	1.22816	0.04371	0	0	0	0	0.45786	0.12412	0.51339	0.0462	0.4783	0.10327	0.31497	0.06239	0.06239	0.4758	0.5343	0.1781	0.44849	0.19865	0.09933	0.47848	0.14243	0.07122	0.45855	0.28739	0.14369	0.39871	0	0	0.62	0.23	0.37097	0.29675	0.23616	0.16553	0.07061	0.00137	0	0	0	1	0	W
0.79718	19	0.05762	0.03972	1.03717	0.05234	0.03419	0.88985	0.61199	4.31017	4.31017	0	4.31017	0.22881	0.37387	0.0572	0	0	0	0	0.57457	0.08329	0.53649	0.02094	0.62315	0.04862	0.50706	0.07563	0.07563	0.49793	0.06366	0.03183	0.51491	0.08438	0.04219	0.524	0.05275	0.05275	0.55286	0.12436	0.06218	0.56567	0.13439	0.13439	0.55	0.2	0.36364	0.32843	0.24329	0.13705	0.02144	0	0	0	0	1	0	W
0.8983	16	0.08107	0.069	1.21609	0.06892	0.05372	0.09648	0.98497375	2.46578	2.46578	0	2.46578	0.25121	0.4678	0.01675	0	0	0	0	0.4801	0.05313	0.42436	0.01586	0.5214	0.08208	0.44467	0.08293	0.02764	0.43624	0	0	0.40636	0.15353	0.07677	0.40553	0.05628	0.02814	0.43652	0.04538	0.04538	0.4836	0.09682	0.04841	0.54	0.2	0.37037	0.32794	0.2466	0.13992	0.0186	0	0	0	0	1	0	W
1.57235	17	0.07094	0.05467	1.13505	0.07094	0.05467	1.13505	0.42728	6.81343	0	0	0	0	0	0	0	0	0	0	0.50996	0.11335	0.37141	0.02241	0.37402	0.05529	0.43645	0.1572	0.1572	0.38566	0	0	0.33523	0.10648	0.10648	0.33024	0.09333	0.04667	0.30618	0.06549	0.03275	0.37379	0.06431	0.02144	0.59	0.21	0.35593	0.31792	0.23766	0.15549	0.03886	0.00156	0	0	0	1	0	W
0.75546	24	0.06294	0.04649	1.44756	0.0577	0.04034	1.26932	0.62541	2.68441	0.26844	1.840650769	2.68441	0.18773	0.30017	0.04693	0	0	0	0	0.60423	0.06579	0.54797	0.01909	0.63251	0.05273	0.55851	0.12496	0.04165	0.54842	0.18468	0.09234	0.52503	0.09285	0.04642	0.53443	0.09226	0.02306	0.58553	0	0	0.59049	0.20315	0.06772	0.54	0.2	0.37037	0.32703	0.24807	0.13483	0.01947	0	0	0	0	1	0	W
1.1305	22	0.05108	0.06297	1.07275	0.03987	0.03902	0.78738	0.46541	5.71245	5.71245	0	5.71245	0.41078	0.88261	0.03734	0	0	0	0	0.46069	0.05091	0.36086	0.00753	0.46703	0.0398	0.4413	0.08237	0.02746	0.42439	0.09222	0.03074	0.36467	0.04937	0.01646	0.35348	0.02327	0.01163	0.41306	0.09992	0.03331	0.43495	0.06731	0.06731	0.56	0.2	0.35714	0.32448	0.24856	0.14255	0.0241	0	0	0	0	1	0	W
0.98253	19	0.06846	0.06356	1.23222	0.05803	0.04818	0.98658	0.55063	2.78776	2.78776	0	2.78776	0.24564	0.4461	0.02047	0	0	0	0	0.52836	0.06802	0.44558	0.0138	0.51147	0.04361	0.49041	0.04983	0.02491	0.46579	0.12122	0.04041	0.42431	0.03908	0.03908	0.43183	0.09868	0.04934	0.47266	0.07836	0.03918	0.48489	0.02814	0.02814	0.56	0.2	0.35714	0.3278	0.24464	0.14127	0.02647	0	0	0	0	1	0	W
2.57843	15	0.11667	0.10666	1.63334	0.08783	0.02466	1.14178	0.27035	5.09737	8.61226	0.68955	5.09737	0.66035	2.4426	0.07337	3.51489	0.49156	1.81827	0.04916	0.28485	0.03438	0.40078	0.14486	0.29139	0.03118	0.25159	0.15176	0.07588	0.23645	0.18447	0.09224	0.27472	0.08002	0.08002	0.25546	0.49156	0.49156	0.21192	0.10063	0.10063	0.24811	0.09958	0.09958	0.61	0.24	0.39344	0.29739	0.23799	0.1764	0.0639	0.00409	0	0	0	0	1	U03
2.31322	16	0.0993	0.10974	1.48954	0.07176	0.03901	1.00459	0.30201	5.06915	8.58328	0.69324	5.06915	0.6556	2.17082	0.05463	3.51413	0.48495	1.60576	0.04849	0.33432	0.04311	0.41922	0.14327	0.31808	0.0348	0.30509	0.20911	0.10455	0.26516	0.15676	0.07838	0.28757	0.06978	0.06978	0.28224	0.53497	0.26749	0.2661	0.05473	0.05473	0.30735	0.15322	0.07661	0.61	0.24	0.39344	0.29722	0.23688	0.17619	0.06687	0.0023	0	0	0	0	1	U03
2.75046	13	0.14427	0.12877	1.73129	0.10944	0.05942	1.20388	0.30026	3.61617	6.59156	0.8228	3.61617	0.60992	2.0313	0.05545	2.97539	0.52741	1.7565	0.02776	0.34174	0.06906	0.53802	0.14096	0.31844	0.04775	0.26652	0.23944	0.23944	0.27355	0.10276	0.10276	0.4155	0	0	0.26024	0.5666	0.2833	0.26792	0.16507	0.16507	0.25732	0.13775	0.06888	0.58	0.23	0.39655	0.30092	0.25217	0.17901	0.04955	0	0	0	0	0	1	U03
1.77818	17	0.11889	0.07642	1.90232	0.0933	0.03754	1.30626	0.38355	5.97258	8.14418	0.3636	5.97285	0.5753	1.49993	0.06392	2.17161	0.28484	0.74265	0.03165	0.40081	0.05268	0.40806	0.07181	0.42548	0.15664	0.343	0.28059	0.1403	0.32206	0.0966	0.0966	0.3303	0.22725	0.11363	0.30222	0.35636	0.17818	0.27251	0.10006	0.05003	0.46323	0.44094	0.22047	0.62	0.25	0.40323	0.27595	0.23106	0.18954	0.09312	0	0	0	0	0	1	U03
1.59642	17	0.06916	0.07328	1.10652	0.05308	0.03989	0.79614	0.31177	8.7373	12.02881	0.37672	8.7373	0.70947	2.27561	0.05912	3.29151	0.31038	0.99552	0.0388	0.28224	0.03973	0.60955	0.09643	0.30695	0.04621	0.24259	0.0625	0.03125	0.28099	0.07549	0.07549	0.40942	0.1586	0.0793	0.47391	0.37404	0.18702	0.36174	0.12087	0.06044	0.26327	0.09882	0.09882	0.64	0.24	0.375	0.28739	0.23187	0.1739	0.08782	0	0	0	0	0	1	U03
3.4601	16	0.07935	0.0719	1.19026	0.06406	0.0451	0.8969	0.2262	9.69834	12.67472	0.3069	9.69834	0.77667	3.43358	0.03883	2.97639	0.29336	1.29689	0.04889	0.23829	0.02388	0.41488	0.11216	0.241	0.04842	0.20358	0.14967	0.07484	0.21065	0.08586	0.04293	0.24465	0.11316	0.05658	0.32275	0.42642	0.21321	0.18923	0.13946	0.06973	0.01935	0.17109	0.17109	0.59	0.23	0.38983	0.30555	0.25037	0.17503	0.04521	0	0	0	0	0	1	U03
2.39411	18	0.09512	0.10193	1.61711	0.07235	0.069717385	0.26357	0.069717385	7.26239	0.6984	0	0	0.47092	1.7867	0.11773	3.57559	0.45958	1.7437	0.03535	0.23615	0.03961	0.36998	0.12736	0.24244	0.04125	0.21185	0.11821	0.05911	0.19851	0.04274	0.02137	0.01137	0.1092	0.1092	0.22754	0.54106	0.27053	0.2064	0.20447	0.10224	0.1798	0.04978	0.04978	0.61	0.24	0.39344	0.28639	0.23737	0.17357	0.08666	0.00145	0	0	0	0	1	U03
3.38944	15	0.09526	0.0708	1.33357	0.07892	0.04076	1.02594	0.2715	9.34116	12.34095	0.32114	9.34116	0.75657	2.78668	0.06305	2.99979	0.30763	1.13309	0.02564	0.28016	0.05256	0.51863	0.10073	0.30935	0.0547	0.22277	0.04785	0.04785	0.25103	0.24177	0.12088	0.41396	0	0	0.37858	0.38973	0.19486	0.31057	0.12931	0.26546	0.26546	0.15026	0.05009	0.64	0.25	0.39063	0.28059	0.23082	0.17571	0.109	0	0	0	0	0	1	U03
3.6905	16	0.06721	0.06642	1.00822	0.05192	0.03491	0.7269	0.18755	9.72172	12.94526	0.33158	9.72172	0.71292	3.80125	0.05941	3.22354	0.28132	1.49997	0.03126	0.18714	0.03174	0.27249	0.07418	0.16934	0.02684	0.16179	0.04492	0.02246	0.16032	0.10242	0.03414	0.1893	0.04897	0.02449	0.17387	0.28132	0.28132	0.14022	0.11085	0.05542	0.14413	0.04074	0.04074	0.65	0.26	0.4	0.27013	0.22336	0.18858	0.10997	0.00674	0	0	0	0	1	U03
3.60346	13	0.05564	0.06342	0.66763	0.03778	0.02372	0.41562	0.14752	11.74758	14.84415	0.26359	11.74758	0.80062	5.42721	0.06159	3.09657	0.25201	1.7083	0.01575	0.1636	0.01619	0.24482	0.0726	0.15145	0.01677	0.14457	0.10095	0.03365	0.12809	0.06742	0.06742	0.19482	0	0	0.12736	0.25201	0.25201	0.1272	0.06824	0.06824	0.13142	0.05785	0.02892	0.62	0.24	0.3871	0.28783	0.23443	0.18507	0.07375	0.00667	0	0	0	0	1	U03
3.35462	13	0.06084	0.05034	0.73004	0.0474	0.02447	0.52144	0.16781	15.47282	18.40826	0.18972	15.47282	0.83971	5.0039	0.04939	2.93543	0.2086	1.24307	0.01391	0.19566	0.02744	0.26067	0.06104	0.19518	0.02541	0.15657	0.1081	0.05405	0.18536	0.20783	0.05391	0.22592	0	0	0.18207	0.2276	0.1138	0.15785	0.07284	0.07284	0.16905	0.08444	0.04222	0.61	0.24	0.39344	0.29469	0.23906	0.18424	0.06347	0.00147	0	0	0	0	1	U03
3.89427	17	0.0544	0.06426	0.87038	0.03909	0.02563	0.5864	0.1622	11.53798	15.1105	0.30963	11.53798	0.79588	4.90695	0.05685	3.57252	0.28399	1.75089	0.03155	0.16777	0.03211	0.22973	0.09088	0.16366	0.02744	0.13874	0.05791	0.02896	0.13813	0.13903	0.06952	0.15455	0.00736	0.00736	0.16437	0.31166	0.15583	0.15167	0.10781	0.0539	0.12161	0.0317	0.01585	0.62	0.25	0.40323	0.2871	0.23489	0.17907	0.08142	0.00512	0	0	0	0	1	U03
2.44838	16	0.07094	0.16312	1.06415	0.02783	0.0251	0.38964	0.20913	4.32826	8.02836	0.85487	4.32826	0.77698	3.7153	0.03378	3.70009	0.67451	3.22533	0.03747	0.21712	0.02193	0.46581	0.18068	0.20881	0.02597	0.19734	0.09016	0.03005	0.19004	0.04334	0.04334	0.20473	0.04475	0.04475	0.22177	0.67451	0.67451	0.20046	0.06914	0.01728	0.17033	0.01362	0.00681	0.65	0.25	0.38462	0.27759	0.2288	0.17942	0.10553	0.00223	0	0	0	0	1	U03
3.51027	18	0.06414	0.08336	1.09036	0.04528	0.03651	0.7244	0.18674	8.79596	12.41681	0.41165	8.79596	0.79733	4.26975	0.05695	3.62085	0.36596	1.95972	0.0366	0.22452	0.034	0.33377	0.12027	0.18167	0.0307	0.20171	0.10071	0.03357	0.17587	0.13612	0.13612	0.1871	0.05656	0.05656	0.20507	0.41369	0.20684	0.16851	0.10677	0.05338	0.14824	0.0963	0.04815	0.63	0.25	0.39683	0.2869	0.23161	0.17552	0.09605	0	0	0	0	0	1	U03
2.18931	18	0.06411	0.09551	1.08983	0.04097	0.02433	0.6552	0.23571	6.89393	10.76984	0.56222	6.89393	0.72258	3.06558	0.0425	3.87591	0.43431	1.8426	0.02714	0.23729	0.03038	0.40842	0.1156	0.21709	0.03029	0.20289	0.10427	0.05214	0.22104	0.11135	0.03712	0.26319	0.10088	0.05044	0.25652	0.43431	0.43431	0.19873	0.06522	0.03261	0.17455	0.11839	0.0592	0.6	0.24	0.4	0.29213	0.23085	0.18745	0.06747	0	0	0	0	0	1	U03
1.7321	13	0.08599	0.12118	1.03192	0.05141	0.04086	0.56555	0.24983	5.34325	8.48225	0.58747	5.34325	0.73348	2.93593	0.0489	3.13901	0.46638	1.86677	0.01943	0.26278	0.02369	0.50013	0.12945	0.28567	0.03672	0.25389	0	0	0.24034	0.10819	0.02705	0.34916	0	0	0.25842	0.46638	0.46638	0.25499	0.10978	0.10978	0.25784	0.08801	0.04401	0.61	0.24	0.39344	0.28751	0.23264	0.18655	0.06966	0.00151	0	0	0	0	1	U03
3.34541	15	0.07236	0.1164	1.01305	0.04123	0.03193	0.53593	0.21713	6.053	9.53027	0.57447	6.053	0.77694	3.57825	0.0555	3.47728	0.47712	2.19742	0.071144769	0.02982	0.0252	0.35766	0.13404	0.23862	0.04442	0.19536	0.06596	0.06596	0.22227	0.09684	0.04842	0.23373	0.03593	0.01796	0.21495	0.47712	0.47712	0.18359	0.08058	0.04029	0.21313	0.12599	0.063	0.6	0.23	0.38333	0.30225	0.24864	0.17446	0.05287	0	0	0	0	0	1	U03
2.17805	17	0.08455	0.0671	1.35279	0.07032	0.03955	1.05483	0.29124	8.8749	12.05524	0.35835	8.87489	0.68007	2.3351	0.05667	3.18035	0.29795	1.02307	0.07449	0.32416	0.05387	0.38096	0.09369	0.32305	0.04347	0.28614	0.08421	0.08421	0.31805	0.12841	0.0642	0.31728	0.1887	0.0629	0.28753	0.32875	0.16437	0.28749	0.08745	0.08745	0.28571	0.17677	0.08839	0.59	0.23	0.38983	0.30309	0.24756	0.18137	0.0438	0	0	0	0	0	1	U03
2.19136	16	0.0896	0.07596	1.34404	0.07405	0.05052	1.03668	0.28257	7.79402	10.66092	0.36783	7.79402	0.6816	2.41216	0.06196	2.86691	0.30736	1.08773	0.07684	0.32156	0.05314	0.38743	0.09594	0.32087	0.04479	0.27814	0	0	0.27114	0.18706	0.09353	0.3178	0.18534	0.06178	0.28812	0.34825	0.17412	0.24638	0.12523	0.12523	0.28201	0.13937	0.13937	0.59	0.23	0.38983	0.30401	0.24741	0.18014	0.04375	0	0	0	0	0	1	U03
3.09658	14	0.09142	0.09861	1.18845	0.06438	0.03213	0.77261	0.25493	0.65027	9.94207	0.49472	6.65027	0.74719	2.93092	0.03558	3.29	0.41584	1.63117	0.0462	0.27276	0.03149	0.47509	0.13182	0.25142	0.04233	0.22767	0.10495	0.05248	0.24355	0.13724	0.06862	0.32882	0	0	0.33871	0.56006	0.28003	0.21495	0.12089	0.06044	0.21985	0.08381	0.08381	0.6	0.23	0.38333	0.30401	0.24852	0.17223	0.0502	0.00146	0	0	0	0	1	U03
2.57126	15	0.12281	0.16608	1.71933	0.0781	0.04152	1.01533	0.23485	3.83778	7.33725	0.91182	3.83778	0.76021	3.23698	0.06911	3.49938	0.704	2.99767	0.03911	0.28291	0.04709	0.46108	0.20633	0.25777	0.02911	0.22048	0.18912	0.18912	0.23733	0.15248	0.07624	0.25702	0.06745	0.06745	0.25577	0.704	0.704	0.23188	0.09847	0.09847	0.22497	0.20037	0.06679	0.62	0.25	0.40323	0.29009	0.24526	0.18661	0.06922	0	0	0	0	0	1	U03
2.08947	15	0.13446	0.14682	1.8825	0.09754	0.06422	1.26801	0.33123	3.26959	5.50439	0.68351	3.26959	0.61449	1.85517	0.03234	2.2348	0.46257	1.39651	0.15419	0.33046	0.0614	0.57282	0.14598	0.32252	0.02839	0.30191	0.25113	0.12557	0.26248	0.21395	0.10697	0.40305	0	0	0.27867	0.61449	0.61449	0.28022	0.07363	0.03682	0.03051	0.1325	0.06625	0.6	0.24	0.4	0.29783	0.2435	0.18029	0.05757	0.00233	0	0	0	0	1	U03
2.86925	15	0.08757	0.16736	1.226	0.04209	0.03477	0.54722	0.17202	4.10901	7.64159	0.85971	4.10901	0.77525	4.50673	0.05963	3.53258	0.67878	3.94592	0.05656	0.18745	0.03073	0.37365	0.18935	0.17136	0.02471	0.16909	0.14646	0.07323	0.14852	0.12351	0.04117	0.21863	0	0	0.1621	0.69497	0.34749	0.14458	0.0743	0.03715	0.14233	0.0399	0.01995	0.62	0.25	0.40323	0.28086	0.23405	0.19103	0.07901	0.00377	0	0	0	0	1	U03
2.14221	18	0.08818	0.11896	1.4991	0.05911	0.0258	0.94575	0.28434	4.46149	8.37196	0.87649	4.46149	0.61891	2.17665	0.05626	3.91047	0.55336	1.94613	0.05031	0.28085	0.03634	0.46746	0.17104	0.27659	0.03855	0.25351	0.10591	0.05295	0.24142	0.11911	0.05956	0.27032	0.05868	0.05868	0.30245	0.63558	0.21186	0.25926	0.09459	0.09459	0.22885	0.10017	0.05009	0.61	0.24	0.39344	0.2961	0.22811	0.1775	0.08067	0	0	0	0	0	1	U03
2.78323	14	0.09554	0.13613	1.24204	0.05974	0.04516	0.71689	0.24756	4.52635	7.79611	0.72238	4.52635	0.69026	2.78824	0.03835	3.26976	0.52516	2.12132	0.02387	0.27347	0.0401	0.5053	0.09676	0.22757	0.02093	0.21846	0.21891	0.10946	0.25168	0.14951	0.07476	0.39577	0	0	0.23827	0.52516	0.52516	0.21181	0.0992	0.0496	0.19951	0.06084	0.03042	0.63	0.25	0.39683	0.2872	0.2329	0.17544	0.09067	0.00279	0	0	0	0	1	U03
2.2825	12	0.10524	0.11667	1.15769	0.07151	0.04953	0.71509	0.23929	4.8535	7.74513	0.59578	4.8535	0.67149	2.80619	0.03357	2.89163	0.4426	1.84966	0.02012	0.25292	0.04274	0.44102	0.10664	0.23691	0.02556	0.20359	0.14045	0.07022	0.1963	0.1617	0.1617	0.31876	0	0	0.19939	0.4426	0.4426	0.19743	0.1026	0.1026	0.19605	0.0842	0.0421	0.62	0.25	0.40323	0.28287	0.23065	0.18663	0.08478	0	0	0	0	0	1	U03
3.64032	14	0.1142	0.09145	1.48463	0.08934	0.03204	1.07212	0.25884	6.21986	9.48187	0.52445	6.21986	0.68302	2.63873	0.04553	3.26201	0.41252	1.5937	0.03173	0.28064	0.04435	0.47705	0.13917	0.2237	0.0356	0.23893	0.13671	0.06835	0.23604	0.10264	0.10264	0.26997	0.06463	0.06463	0.31015	0.53418	0.26709	0.1955	0.11125	0.11125	0.17229	0.0943	0.0943	0.72	0.27	0.375	0.2655	0.22092	0.18034	0.10577	0.03305	0	0	0	0	1	U03
2.95014	15	0.066	0.09732	0.92398	0.04019	0.02952	0.52243	0.16557	7.65421	11.10232	0.45048	7.65421	0.81087	4.89746	0.03861	3.44811	0.40155	2.42528	0.04017	0.18868	0.02527	0.28691	0.13058	0.1714	0.02144	0.17319	0.14134	0.04711	0.16726	0.05348	0.02674	0.14348	0.04725	0.04725	0.16009	0.45017	0.22508	0.16348	0.01926	0.01926	0.14736	0.05499	0.0275	0.59	0.23	0.38983	0.30331	0.24325	0.18533	0.03896	0.00971	0	0	0	0	1	U03
2.75251	13	0.15814	0.11387	1.89769	0.13224	0.07807	1.45466	0.36866	3.69283	6.19478	0.67752	3.69283	0.57865	1.56959	0.07233	2.50195	0.44305	1.20177	0.02769	0.33115	0.05731	0.68212	0.10667	0.38632	0.06008	0.28463	0	0	0.2998	0.14365	0.14365	0.54241	0	0	0.49646	0.77181	0.25727	0.34263	0.10212	0.10212	0.28967	0.16216	0.16216	0.64	0.25	0.39063	0.28701	0.23352	0.17393	0.09555	0.00205	0	0	0	0	1	U03
3.0935	18	0.14208	0.14606	2.41534	0.12966	0.11284	2.20411	0.34383	3.05023	0	0	0	0	0	0	0	0	0	0	0.44337	0.14953	0.46998	0.16274	0.326	0.03338	0.39146	0.55362	0.27681	0.29691	0.22058	0.07353	0.25393	0.04647	0.04647	0.25749	0.5876	0.5876	0.25318	0.2018	0.1009	0.28103	0.10129	0.10129	0.66	0.26	0.39394	0.27439	0.23258	0.18369	0.10747	0.00253	0	0	0	0	1	U03
2.31834	14	0.11683	0.13052	1.51883	0.08121	0.03808	1.00558	0.29315	4.85685	8.39289	0.72805	4.85685	0.6446	2.35295	0.06446	3.27481	0.54425	1.98665	0.03628	0.2729	0.04561	0.43043	0.16108	0.29119	0.03828	0.24753	0.22805	0.11403	0.23349	0.08911	0.04456	0.2707	0.05173	0.05173	0.27024	0.54425	0.54425	0.21922	0.0953	0.0953	0.25602	0.12218	0.06109	0.6	0.24	0.4	0.29492	0.23887	0.17899	0.07049	0	0	0	0	0	1	U03
2.44941	16	0.08338	0.08297	1.25063	0.0649	0.04747	0.90855	0.2645	6.93764	10.0558	0.44945	6.93764	0.65897	2.49138	0.0659	3.11815	0.34208	1.2933	0.0311	0.25784	0.03512	0.36645	0.09467	0.26933	0.05602	0.2494	0.10909	0.05454	0.21089	0.17838	0.05946	0.25449	0.07765	0.07765	0.27791	0.34208	0.34208	0.21499	0.09932	0.03311	0.2286	0.17786	0.17786	0.63	0.26	0.4127	0.27512	0.23006	0.18392	0.1021	0.00282	0	0	0	0	1	U04
3.9424	17	0.06598	0.09084	1.05567	0.04476	0.03994	0.67135	0.17356	6.62665	10.13117	0.52885	6.62665	0.66792	3.84827	0.09542	3.50452	0.38432	2.21427	0.03494	0.17301	0.03222	0.24592	0.1129	0.15069	0.02404	0.13747	0.10104	0.10104	0.13232	0.02997	0.01498	0.14323	0.04494	0.02247	0.14366	0.40182	0.20091	0.14088	0.03997	0.03997	0.12691	0.05427	0.01809	0.66	0.26	0.39394	0.27351	0.22884	0.18431	0.10549	0.00669	0	0	0	0	1	U04
2.74125	14	0.08406	0.14686	1.09273	0.0418	0.01209	0.50154	0.21275	4.50346	7.95671	0.7668	4.50346	0.74542	3.50375	0.04385	3.45325	0.59119	2.77882	0.05374	0.20467	0.02199	0.42638	0.1767	0.2014	0.02376	0.1851	0.08113	0.04057	0.18051	0.09332	0.04666	0.22432	0.06313	0.06313	0.24163	0.61109	0.30554	0.1815	0.03012	0.03012	0.16709	0.05162	0.05162	0.65	0.24	0.39344	0.28895	0.24065	0.19308	0.05956	0.00296	0	0	0	0	1	U04
1.32506	16	0.1026	0.13046	1.53893	0.07154	0.06135	1.0015	0.37361	3.53974	6.8729	0.94164	3.53974	0.56438	1.51062	0.04031	3.33315	0.53743	1.43848	0.03161	0.41756	0.05671	0.62142	0.12932	0.33733	0.02653	0.3729	0.16002	0.08001	0.36095	0.21812	0.10906	0.50674	0	0	0.34321	0.56163	0.28082	0.31598	0.12403	0.06202	0.30154	0.0867	0.0289	0.59	0.23	0.38983	0.2963	0.23856	0.17305	0.0598	0	0	0	0	0	1	U04
2.23846	15	0.10651	0.15815	1.49117	0.06383	0.0378	0.82977	0.2254	3.50861	6.99136	0.99263	3.50861	0.6614	2.9343	0.06013	3.48275	0.65731	2.91616	0.08216	0.24993	0.0562	0.38869	0.21141	0.21605	0.02963	0.18338	0.05632	0.05632	0.19934	0.07285	0.07285	0.18704	0.06948	0.06948	0.19461	0.70048	0.35024	0.17286	0.14164	0.07082	0.1909	0.0468	0.0234	0.54	0.22	0.40741	0.31511	0.25329	0.18317	0.01641	0	0	0	0	0	1	U04
2.69619	13	0.0944	0.10885	1.13286	0.06432	0.04541	0.70749	0.23946	5.70069	8.74129	0.53338	5.70069	0.71492	2.98553	0.03404	3.0406	0.42537	1.77637	0.03545	0.24011	0.04333	0.37594	0.11185	0.25162	0.03958	0.21347	0.062	0.031	0.20203	0.21306	0.10653	0.29654	0	0	0.25624	0.45281	0.22641	0.21955	0.118	0.118	0.19391	0.01222	0.01222	0.62	0.25	0.40323	0.28044	0.23366	0.17824	0.09543	0.00279	0	0	0	0	1	U04
4.06426	15	0.06188	0.06893	0.86637	0.04701	0.04492	0.61108	0.19844	9.40414	12.21005	0.29837	9.40414	0.7101	3.57846	0.07101	2.80591	0.25529	1.28651	0.03191	0.18018	0.0242	0.29295	0.06744	0.16626	0.01945	0.15715	0.10412	0.05206	0.14131	0.03845	0.03845	0.19422	0.08469	0.08469	0.18886	0.33982	0.16991	0.15506	0.03458	0.01729	0.14952	0.06907	0.03453	0.65	0.26	0.4	0.27486	0.22669	0.19063	0.1035	0.00128	0	0	0	0	1	U04
3.51232	16	0.09122	0.16907	1.36829	0.04689	0.03392	0.65645	0.21669	3.67588	7.34659	0.99859	3.67588	0.71272	3.28907	0.05939	3.67071	0.07118	2.308160615	0.04449	0.22672	0.02773	0.49435	0.21485	0.18794	0.02236	0.17977	0.07409	0.07409	0.19424	0.07187	0.03593	0.23468	0.06789	0.03395	0.23276	0.71184	0.71184	0.18817	0.0469	0.02345	0.16708	0.05117	0.02558	0.71	0.27	0.38028	0.26826	0.22305	0.18524	0.09885	0.02482	0	0	0	0	1	U04
3.12525	16	0.07485	0.09239	1.12271	0.05147	0.03085	0.72063	0.26689	6.5166	10.05829	0.54349	6.5166	0.67693	2.5364	0.04513	3.54168	0.40207	1.50652	0.0268	0.28299	0.03445	0.37439	0.11074	0.27179	0.03035	0.26059	0.10235	0.05118	0.22231	0.10215	0.10215	0.24377	0.07126	0.07126	0.23915	0.40207	0.40207	0.22369	0.08625	0.04313	0.25545	0.10034	0.05017	0.65	0.26	0.4	0.27643	0.22474	0.17515	0.11834	0.00204	0	0	0	0	1	U04
2.36646	14	0.07076	0.10475	0.91984	0.04102	0.01975	0.49221	0.17051	6.99572	10.40254	0.48699	6.99572	0.80358	4.71275	0.04018	3.40681	0.42763	2.50792	0.04276	0.18915	0.02592	0.307	0.14597	0.1771	0.01603	0.17684	0.02859	0.02859	0.15609	0.10063	0.05032	0.15653	0.06512	0.06512	0.1634	0.46955	0.23477	0.16005	0.06196	0.03098	0.15586	0.05788	0.02894	0.56	0.22	0.39286	0.30932	0.24956	0.17889	0.01994	0.00958	0	0	0	0	1	U04
2.26304	19	0.05683	0.07485	1.02285	0.03944	0.02214	0.67045	0.20129	7.103589077	13.75413	0.40277	9.805	0.7907	3.92816	0.04942	3.94913	0.3524	1.75073	0.02517	0.21935	0.02766	0.3167	0.10224	0.22493	0.02805	0.193	0.15645	0.03911	0.19027	0.09573	0.04786	0.18371	0.03693	0.03693	0.18606	0.3524	0.3524	0.21785	0.1194	0.0597	0.19251	0.05543	0.01848	0.56	0.22	0.39286	0.31106	0.25524	0.17617	0.02189	0.00258	0	0	0	0	1	U04
2.9184	13	0.09683	0.09747	1.16193	0.06945	0.03697	0.7639	0.21149	6.44855	9.5388	0.47922	6.44855	0.72535	3.42971	0.0403	3.09025	0.39803	1.88201	0.02654	0.2396	0.05117	0.32625	0.1005	0.20651	0.01986	0.21732	0.13925	0.13925	0.17087	0.12886	0.06443	0.24782	0	0	0.18115	0.47675	0.23838	0.16684	0.06167	0.06167	0.18957	0.09175	0.03058	0.66	0.26	0.39394	0.27589	0.22585	0.18377	0.10893	0.00544	0	0	0	0	1	U04
3.51334	16	0.09811	0.1303	1.47158	0.06577	0.05012	0.92083	0.2404	3.74802	7.22175	0.92682	3.74802	0.58649	2.43969	0.09775	3.47374	0.55075	2.29102	0.03672	0.2306	0.033	0.45449	0.1419	0.21465	0.02564	0.19097	0.12285	0.04095	0.19513	0.12168	0.12168	0.2245	0.06842	0.06842	0.22366	0.55075	0.55075	0.19024	0.05356	0.02678	0.19044	0.04394	0.02197	0.63	0.25	0.39683	0.28536	0.23691	0.18465	0.07662	0.00875	0	0	0	0	1	U04
2.23539	16	0.08942	0.15752	1.34124	0.0481	0.03123	0.67336	0.21931	3.97921	7.65161	0.9229	3.97921	0.71622	3.26581	0.05968	3.6724	0.66789	3.04545	0.03515	0.23064	0.02829	0.40575	0.19301	0.21998	0.02015	0.1953	0.10061	0.0503	0.21129	0.09877	0.04939	0.27632	0	0	0.19835	0.66789	0.66789	0.18813	0.04217	0.04217	0.19032	0.10169	0.0339	0.61	0.24	0.39344	0.2845	0.22701	0.18207	0.08988	0	0	0	0	0	1	U04
2.57331	14	0.10882	0.11028	1.41469	0.07822	0.03165	0.93867	0.26163	5.63791	8.96775	0.59061	5.63791	0.73055	2.7923	0.0487	3.32984	0.47602	1.81945	0.03967	0.28957	0.04953	0.45639	0.1362	0.27659	0.02948	0.22722	0.14465	0.14465	0.25538	0.25293	0.08431	0.31869	0.068	0.068	0.29225	0.57879	0.2894	0.22224	0.05332	0.05332	0.26361	0.08889	0.04444	0.58	0.23	0.39655	0.30476	0.24925	0.17617	0.04422	0	0	0	0	0	1	U04
3.64339	13	0.0975	0.13854	1.17	0.05667	0.03059	0.62342	0.18706	5.29553	8.53718	0.61215	5.29553	0.83112	4.44308	0.0277	3.24165	0.54659	2.92198	0.06073	0.23492	0.03984	0.38482	0.16866	0.20077	0.02975	0.20347	0.10522	0.05261	0.18885	0.1757	0.08785	0.21862	0.10139	0.0507	0.22608	0.59753	0.29876	0.15904	0.07262	0.07262	0.18158	0.06341	0.03171	0.61	0.24	0.39344	0.29772	0.24717	0.17707	0.06067	0.00142	0	0	0	0	1	U04
1.77715	16	0.09069	0.07787	1.36041	0.07894	0.06652	1.10519	0.35866	5.79352	7.90631	0.36468	5.79352	0.54185	1.51075	0.05418	2.1128	0.25522	0.7116	0.01595	0.32383	0.03788	0.56536	0.11251	0.27469	0.04022	0.30677	0.13433	0.06716	0.27309	0.11636	0.03879	0.34158	0.1358	0.1358	0.46128	0.4772	0.2386	0.23318	0.0336	0.0336	0.2316	0.06399	0.06399	0.62	0.24	0.3871	0.29099	0.23219	0.18487	0.07072	0.00298	0	0	0	0	1	U04
2.21901	16	0.09539	0.15434	1.43078	0.05485	0.02972	0.76797	0.24733	3.83277	7.50913	0.95919	3.83277	0.68695	2.77748	0.04293	3.67636	0.66281	2.67987	0.04143	0.27077	0.06158	0.44598	0.19441	0.24911	0.02697	0.2181	0.08736	0.04368	0.22928	0.17749	0.08875	0.28472	0	0	0.20636	0.66281	0.66281	0.20887	0.15603	0.05201	0.22848	0.07257	0.03628	0.57	0.22	0.38596	0.31225	0.2544	0.17592	0.02892	0	0	0	0	0	1	U04
4.06118	17	0.04281	0.03722	0.68501	0.03551	0.02501	0.53272	0.16541	20.99544	23.93681	0.1401	20.99544	0.82429	4.98327	0.04338	2.94137	0.15229	0.9207	0.01692	0.18601	0.03303	0.26198	0.04754	0.16234	0.01897	0.14498	0.04608	0.04608	0.17115	0.10782	0.05391	0.17531	0.09777	0.04888	0.19171	0.20587	0.10294	0.14037	0.04015	0.02008	0.14662	0.08374	0.02791	0.59	0.23	0.38983	0.30533	0.2492	0.17241	0.04925	0	0	0	0	0	1	U04
3.29626	16	0.04551	0.04853	0.68261	0.03515	0.03026	0.49214	0.1766	16.04079	19.0277	0.18621	16.04079	0.82401	4.66597	0.05493	2.98691	0.19047	1.07854	0.02381	0.20164	0.03966	0.28111	0.05977	0.17564	0.01409	0.16808	0.04969	0.04969	0.17363	0.12531	0.06266	0.20713	0.05336	0.05336	0.20111	0.2441	0.12205	0.16194	0.04802	0.02401	0.15823	0.0785	0.02617	0.59	0.23	0.38983	0.30273	0.24935	0.17266	0.04896	0	0	0	0	0	1	U04
1.66912	19	0.12729	0.09182	2.29126	0.10707	0.0396	1.82025	0.41052	4.91439	8.65783	0.76173	4.91439	0.57853	1.40926	0.05785	3.74344	0.47101	1.14736	0.0942	0.43034	0.06065	0.55644	0.12362	0.47643	0.03917	0.35587	0.16296	0.08148	0.38519	0.3388	0.11293	0.39529	0.20966	0.10483	0.40288	0.62692	0.31346	0.38611	0.23305	0.11653	0.44406	0.18229	0.09114	0.58	0.22	0.37931	0.31021	0.24845	0.17478	0.03713	0	0	0	0	0	1	U04
1.83706	16	0.14222	0.09867	2.13329	0.12409	0.07418	1.73732	0.43711	2.57179	2.57179	0	2.57179	0.39597	0.90589	0.044	0	0	0	0	0.40443	0.0559	0.76611	0.09931	0.44743	0.09855	0.35072	0.12437	0.06219	0.37242	0.07644	0.07644	0.49679	0.27132	0.27132	0.5377	0.39597	0.39597	0.41686	0.33229	0.11076	0.31845	0.22526	0.11263	0.6	0.23	0.38333	0.3034	0.24506	0.17549	0.0551	0	0	0	0	0	1	U04
2.06438	17	0.12476	0.05811	1.99609	0.11649	0.05009	1.74733	0.43442	6.72717	6.72717	0	6.72717	0.51569	1.18706	0.03967	0	0	0	0	0.39869	0.05813	0.73289	0.10431	0.43558	0.0853	0.3677	0.22873	0.11437	0.34099	0.10646	0.05323	0.51405	0.28007	0.14004	0.67491	0.40489	0.20244	0.39869	0.2753	0.09177	0.31349	0.14063	0.14063	0.59	0.23	0.38983	0.30303	0.24515	0.18154	0.05139	0	0	0	0	0	1	U04
2.27738	12	0.14114	0.20729	1.5525	0.08443	0.10906	0.84431	0.25206	2.91507	5.65065	0.93842	2.91507	0.74539	2.95723	0.02867	2.73558	0.70818	2.80961	0.03219	0.3032	0.09629	0.52332	0.19515	0.28528	0.03027	0.24389	0.41963	0.20981	0.23696	0.06003	0.06003	0.34717	0	0	0.2482	0.70818	0.70818	0.25597	0.07374	0.03687	0.25463	0.10988	0.05494	0.58	0.23	0.39655	0.30645	0.25169	0.17309	0.03221	0	0	0	0	0	1	U04
1.88928	18	0.13434	0.09979	2.28374	0.13434	0.09979	2.28374	0.45664	2.19244	0	0	0	0	0	0	0	0	0	0	0.43097	0.0839	0.71881	0.12848	0.39494	0.02967	0.28371	0.07808	0.07808	0.36086	0.31677	0.15838	0.63855	0.49953	0.24976	0.43398	0.26009	0.13005	0.35434	0.0374	0.0374	0.36159	0.0584	0.0292	0.6	0.23	0.38333	0.301	0.24228	0.18163	0.05631	0	0	0	0	0	1	U04
2.07411	11	0.15357	0.15647	1.53567	0.10688	0.07354	0.96192	0.36561	2.68533	4.83545	0.80069	2.68533	0.57375	1.56927	0.03375	2.15012	0.49	1.34022	0.03769	0.41499	0.05164	0.67082	0.14045	0.32993	0.02915	0.33899	0.09053	0.09053	0.32801	0.22075	0.56384	0	0	0	0.3438	0.57375	0.57375	0.31269	0.12954	0.06477	0.28258	0.06202	0.06202	0.63	0.24	0.38095	0.2883	0.22852	0.16322	0.09888	0	0	0	0	0	1	U04
3.49901	16	0.10327	0.17224	1.54909	0.05908	0.04995	0.82719	0.24294	3.59178	6.78872	0.89007	3.59178	0.72191	2.97159	0.04813	3.19694	0.6539	2.69165	0.09341	0.23458	0.02619	0.48809	0.18794	0.22895	0.02856	0.20644	0.06607	0.02202	0.19531	0.08044	0.08044	0.22538	0.0661	0.0661	0.23712	0.72191	0.72191	0.20827	0.04017	0.02008	0.19817	0.06775	0.03387	0.63	0.25	0.39683	0.2859	0.23996	0.18313	0.08281	0.00138	0	0	0	0	1	U04
1.87136	18	0.13642	0.08052	2.31915	0.12589	0.07074	2.01423	0.46029	2.44008	2.44008	0	2.44008	0.3329	0.72325	0.06658	0	0	0	0	0.42649	0.0826	0.70233	0.1254	0.3941	0.02692	0.28471	0.06453	0.06453	0.3633	0.3038	0.1519	0.61107	0.50527	0.25263	0.42571	0.26648	0.13324	0.34781	0.06231	0.06231	0.35677	0.06402	0.06402	0.6	0.24	0.4	0.30015	0.24117	0.17952	0.05887	0.00229	0	0	0	0	1	U04
3.13446	15	0.09524	0.14702	1.33335	0.05609	0.04265	0.72913	0.28537	4.01708	7.47893	0.86178	4.01708	0.68585	2.40334	0.04572	3.46185	0.60421	2.11729	0.04648	0.25969	0.04071	0.62557	0.19069	0.27112	0.04311	0.20577	0.00829	0.00829	0.24387	0.10617	0.10617	0.33886	0.09237	0.09237	0.38795	0.60421	0.60421	0.28034	0.12181	0.06091	0.22482	0.08212	0.02737	0.63	0.25	0.39683	0.28054	0.23333	0.18023	0.09771	0.00269	0	0	0	0	1	U04
2.19341	13	0.11447	0.09986	1.37366	0.08943	0.05794	0.98378	0.37832	4.45013	7.20796	0.61972	4.45013	0.55888	1.47728	0.03493	2.75783	0.38988	1.03056	0.03544	0.3945	0.04904	0.63817	0.12483	0.30917	0.03838	0.34104	0.08392	0.08392	0.34278	0.265	0.08833	0.44094	0.15196	0.15196	0.46376	0.38988	0.38988	0.29544	0.14922	0.07461	0.25898	0.0377	0.01885	0.63	0.24	0.38095	0.28982	0.2262	0.16363	0.09979	0.00136	0	0	0	0	1	U04
4.07245	17	0.07255	0.13552	1.16086	0.03859	0.03365	0.57883	0.21042	5.20869	8.96808	0.72176	5.20869	0.77844	3.69942	0.0556	3.7594	0.58203	2.76601	0.03424	0.23952	0.03525	0.03897	0.252543385	0.19754	0.01943	0.20654	0.10105	0.05052	0.2139	0.14411	0.07205	0.22291	0.06226	0.03113	0.20122	0.58203	0.58203	0.17327	0.05859	0.02929	0.18723	0.06242	0.02081	0.6	0.24	0.4	0.29866	0.24679	0.17662	0.06304	0	0	0	0	0	1	U04
3.34131	16	0.11274	0.0879	1.69104	0.09293	0.04895	1.30106	0.28942	6.61669	9.77078	0.47669	6.61669	0.69434	2.39908	0.05786	3.15409	0.38998	1.34746	0.065	0.27601	0.04301	0.55847	0.12753	0.28995	0.07497	0.22322	0.07275	0.07275	0.27268	0.16135	0.08068	0.34933	0.14239	0.14239	0.4346	0.51885	0.25942	0.29386	0.15894	0.15894	0.22506	0.20307	0.06769	0.62	0.25	0.40323	0.28662	0.23689	0.17391	0.09261	0	0	0	0	0	1	U04
3.16518	18	0.11033	0.07301	1.87569	0.09665	0.04981	1.54643	0.30416	6.87226	9.87073	0.43632	6.87226	0.6121	2.0124	0.08744	2.99847	0.32926	1.08252	0.05488	0.28644	0.04705	0.5707	0.10489	0.29154	0.0665	0.24724	0.13187	0.06594	0.28399	0.15848	0.07924	0.38196	0.11368	0.11368	0.45281	0.51529	0.25764	0.28397	0.17494	0.17494	0.23279	0.17773	0.08887	0.62	0.25	0.40323	0.28566	0.2362	0.17903	0.09195	0	0	0	0	0	1	U04
1.99731	18	0.10944	0.08373	1.86042	0.0969	0.06911	1.55037	0.41952	5.00467	5.00467	0	5.00467	0.52845	1.25966	0.04804	0	0	0	0	0.38322	0.05845	0.68817	0.10829	0.44793	0.10601	0.32504	0.14945	0.14945	0.33377	0.09715	0.04858	0.46622	0.23808	0.11904	0.61541	0.4231	0.21155	0.42301	0.26064	0.13032	0.34408	0.11337	0.03779	0.58	0.22	0.37931	0.31227	0.24916	0.17044	0.03463	0	0	0	0	0	1	U04
