	1.000000	0.000000	0.000000	0.000000	0.000000	0.148956	0.741299	0.491621	0.551939	0.692595
	1.000000	0.000000	0.000000	0.000000	0.000000	0.149833	0.741939	0.494904	0.552651	0.691946
	1.000000	0.000000	0.000000	0.000000	0.000000	0.141559	0.737898	0.478190	0.544917	0.685532
	1.000000	0.000000	0.000000	0.000000	0.000000	0.151646	0.739611	0.494944	0.553286	0.689823
	1.000000	0.000000	0.000000	0.000000	0.000000	0.151280	0.741482	0.493464	0.552250	0.692495
	1.000000	0.000000	0.000000	0.000000	0.000000	0.149521	0.739177	0.492748	0.550207	0.691716
	1.000000	0.000000	0.000000	0.000000	0.000000	0.149464	0.741668	0.497803	0.553066	0.692332
	1.000000	0.000000	0.000000	0.000000	0.000000	0.147482	0.739414	0.490759	0.550386	0.692315
	1.000000	0.000000	0.000000	0.000000	0.000000	0.146290	0.743839	0.490601	0.552187	0.694769
	1.000000	0.000000	0.000000	0.000000	0.000000	0.144014	0.734542	0.478898	0.547524	0.687369
	1.000000	0.000000	0.000000	0.000000	0.000000	0.150826	0.742206	0.486739	0.551708	0.687740
	1.000000	0.000000	0.000000	0.000000	0.000000	0.142751	0.738247	0.479259	0.550572	0.688546
	1.000000	0.000000	0.000000	0.000000	0.000000	0.148884	0.740733	0.489889	0.550957	0.692507
	1.000000	0.000000	0.000000	0.000000	0.000000	0.149420	0.746149	0.500004	0.554163	0.696125
	0.000000	1.000000	0.000000	0.000000	0.000000	0.149106	0.752190	0.506943	0.553993	0.700976
	0.000000	1.000000	0.000000	0.000000	0.000000	0.152941	0.748957	0.506144	0.554405	0.698008
	0.000000	1.000000	0.000000	0.000000	0.000000	0.136410	0.751582	0.501110	0.549456	0.706991
	0.000000	1.000000	0.000000	0.000000	0.000000	0.155841	0.746190	0.506727	0.553647	0.696609
	0.000000	1.000000	0.000000	0.000000	0.000000	0.159154	0.745457	0.509891	0.553936	0.692870
	0.000000	1.000000	0.000000	0.000000	0.000000	0.151423	0.750116	0.504465	0.553389	0.698427
	0.000000	1.000000	0.000000	0.000000	0.000000	0.150727	0.751603	0.506886	0.553620	0.699811
	0.000000	1.000000	0.000000	0.000000	0.000000	0.153005	0.747148	0.502348	0.553014	0.696488
	0.000000	1.000000	0.000000	0.000000	0.000000	0.154850	0.749371	0.508640	0.553355	0.692753
	0.000000	1.000000	0.000000	0.000000	0.000000	0.153852	0.748758	0.507698	0.552524	0.697569
	0.000000	1.000000	0.000000	0.000000	0.000000	0.151238	0.745669	0.503853	0.553896	0.696511
	0.000000	1.000000	0.000000	0.000000	0.000000	0.154198	0.752632	0.509519	0.551898	0.698485
	0.000000	1.000000	0.000000	0.000000	0.000000	0.149767	0.740163	0.502187	0.541836	0.692349
	0.000000	1.000000	0.000000	0.000000	0.000000	0.152261	0.751596	0.506201	0.553930	0.697341
	0.000000	1.000000	0.000000	0.000000	0.000000	0.153091	0.750587	0.502920	0.555437	0.697327
	0.000000	1.000000	0.000000	0.000000	0.000000	0.154358	0.751678	0.511978	0.554313	0.697484
	0.000000	1.000000	0.000000	0.000000	0.000000	0.151426	0.750672	0.502779	0.554746	0.698461
	0.000000	1.000000	0.000000	0.000000	0.000000	0.151322	0.751737	0.502771	0.553877	0.699036
	0.000000	1.000000	0.000000	0.000000	0.000000	0.155121	0.745370	0.506940	0.555049	0.694923
	0.000000	1.000000	0.000000	0.000000	0.000000	0.151913	0.751118	0.503593	0.553274	0.698367
	0.000000	1.000000	0.000000	0.000000	0.000000	0.158363	0.747014	0.512470	0.555942	0.694316
	0.000000	1.000000	0.000000	0.000000	0.000000	0.156061	0.748447	0.508701	0.553453	0.695165
	0.000000	1.000000	0.000000	0.000000	0.000000	0.154887	0.747318	0.506702	0.553962	0.696803
	0.000000	1.000000	0.000000	0.000000	0.000000	0.151487	0.750178	0.508306	0.554580	0.700467
	0.000000	1.000000	0.000000	0.000000	0.000000	0.160544	0.750182	0.509575	0.555756	0.692485
	0.000000	1.000000	0.000000	0.000000	0.000000	0.150283	0.750593	0.514028	0.554358	0.698792
	0.000000	1.000000	0.000000	0.000000	0.000000	0.154088	0.747952	0.508462	0.555613	0.696737
	0.000000	1.000000	0.000000	0.000000	0.000000	0.145548	0.750398	0.498583	0.553461	0.700269
	0.000000	1.000000	0.000000	0.000000	0.000000	0.150135	0.745425	0.503490	0.552260	0.698281
	0.000000	1.000000	0.000000	0.000000	0.000000	0.150056	0.750087	0.504491	0.553032	0.698884
	0.000000	1.000000	0.000000	0.000000	0.000000	0.153563	0.749858	0.512349	0.554701	0.698066
	0.000000	1.000000	0.000000	0.000000	0.000000	0.156888	0.749587	0.503377	0.553893	0.693986
	0.000000	1.000000	0.000000	0.000000	0.000000	0.159456	0.748480	0.510399	0.553847	0.690664
	0.000000	1.000000	0.000000	0.000000	0.000000	0.151744	0.749722	0.508977	0.557416	0.699827
	0.000000	1.000000	0.000000	0.000000	0.000000	0.139167	0.743964	0.489741	0.552402	0.695601
	0.000000	1.000000	0.000000	0.000000	0.000000	0.154001	0.748716	0.503973	0.555478	0.696547
	0.000000	1.000000	0.000000	0.000000	0.000000	0.156922	0.743927	0.508058	0.551135	0.692168
	0.000000	1.000000	0.000000	0.000000	0.000000	0.154470	0.750304	0.507231	0.554796	0.697122
	0.000000	1.000000	0.000000	0.000000	0.000000	0.156656	0.751212	0.505400	0.553229	0.695506
	0.000000	0.000000	1.000000	0.000000	0.000000	0.142811	0.743143	0.499498	0.550050	0.695742
	0.000000	0.000000	1.000000	0.000000	0.000000	0.140444	0.744996	0.497168	0.554923	0.698715
	0.000000	0.000000	1.000000	0.000000	0.000000	0.140620	0.743748	0.491706	0.552376	0.696705
	0.000000	0.000000	1.000000	0.000000	0.000000	0.140792	0.745479	0.494301	0.553015	0.695870
	0.000000	0.000000	1.000000	0.000000	0.000000	0.142732	0.740581	0.495767	0.551851	0.693047
	0.000000	0.000000	1.000000	0.000000	0.000000	0.140912	0.745242	0.496441	0.553025	0.698708
	0.000000	0.000000	1.000000	0.000000	0.000000	0.144307	0.740076	0.492037	0.550871	0.692146
	0.000000	0.000000	1.000000	0.000000	0.000000	0.143028	0.736367	0.489151	0.550701	0.691240
	0.000000	0.000000	1.000000	0.000000	0.000000	0.142263	0.740065	0.492982	0.548431	0.692206
	0.000000	0.000000	1.000000	0.000000	0.000000	0.142162	0.745991	0.494834	0.555081	0.696832
	0.000000	0.000000	1.000000	0.000000	0.000000	0.140759	0.740755	0.488258	0.550431	0.694545
	0.000000	0.000000	1.000000	0.000000	0.000000	0.142420	0.737028	0.489403	0.550557	0.692391
	0.000000	0.000000	1.000000	0.000000	0.000000	0.143565	0.737219	0.491155	0.552043	0.691613
	0.000000	0.000000	0.000000	1.000000	0.000000	0.140975	0.747098	0.492675	0.553571	0.699697
	0.000000	0.000000	0.000000	1.000000	0.000000	0.137659	0.748462	0.486861	0.555205	0.696614
	0.000000	0.000000	0.000000	1.000000	0.000000	0.153775	0.741286	0.499260	0.554009	0.695677
	0.000000	0.000000	0.000000	1.000000	0.000000	0.148473	0.743971	0.496421	0.549762	0.696396
	0.000000	0.000000	0.000000	1.000000	0.000000	0.142446	0.741072	0.485785	0.547808	0.692746
	0.000000	0.000000	0.000000	1.000000	0.000000	0.144068	0.737694	0.486981	0.550073	0.689406
	0.000000	0.000000	0.000000	1.000000	0.000000	0.141304	0.742023	0.483902	0.552666	0.694524
	0.000000	0.000000	0.000000	1.000000	0.000000	0.149067	0.745362	0.495647	0.550006	0.696801
	0.000000	0.000000	0.000000	1.000000	0.000000	0.145327	0.739740	0.487905	0.552284	0.689217
	0.000000	0.000000	0.000000	1.000000	0.000000	0.144980	0.739495	0.492597	0.546790	0.692285
	0.000000	0.000000	0.000000	1.000000	0.000000	0.142792	0.744186	0.486020	0.551272	0.694877
	0.000000	0.000000	0.000000	1.000000	0.000000	0.138090	0.745134	0.482960	0.549443	0.698258
	0.000000	0.000000	0.000000	1.000000	0.000000	0.139929	0.748382	0.489017	0.554025	0.699822
	0.000000	0.000000	0.000000	1.000000	0.000000	0.144548	0.746614	0.498340	0.558268	0.698624
	0.000000	0.000000	0.000000	1.000000	0.000000	0.142435	0.747602	0.490642	0.552476	0.699183
	0.000000	0.000000	0.000000	1.000000	0.000000	0.140932	0.746295	0.486993	0.552829	0.698253
	0.000000	0.000000	0.000000	0.000000	1.000000	0.151430	0.746463	0.501370	0.551897	0.695671
	0.000000	0.000000	0.000000	0.000000	1.000000	0.150462	0.748016	0.499764	0.554019	0.697298
	0.000000	0.000000	0.000000	0.000000	1.000000	0.150010	0.746430	0.501848	0.552795	0.695915
	0.000000	0.000000	0.000000	0.000000	1.000000	0.147280	0.744123	0.492159	0.548305	0.696481
	0.000000	0.000000	0.000000	0.000000	1.000000	0.151839	0.742758	0.496047	0.550639	0.693672
	0.000000	0.000000	0.000000	0.000000	1.000000	0.149087	0.748866	0.500591	0.554011	0.695877
	0.000000	0.000000	0.000000	0.000000	1.000000	0.150936	0.746062	0.501760	0.550591	0.698575
	0.000000	0.000000	0.000000	0.000000	1.000000	0.150369	0.744266	0.497596	0.548668	0.694378
	0.000000	0.000000	0.000000	0.000000	1.000000	0.148723	0.751208	0.499933	0.552262	0.700192
	0.000000	0.000000	0.000000	0.000000	1.000000	0.148248	0.752828	0.500332	0.552478	0.700404
	0.000000	0.000000	0.000000	0.000000	1.000000	0.148112	0.752377	0.499541	0.553227	0.699828
	0.000000	0.000000	0.000000	0.000000	1.000000	0.149536	0.752325	0.503154	0.553479	0.700051
	0.000000	0.000000	0.000000	0.000000	1.000000	0.154128	0.748336	0.500424	0.555447	0.697603
	0.000000	0.000000	0.000000	0.000000	1.000000	0.150812	0.750482	0.503676	0.554028	0.698922
	0.000000	0.000000	0.000000	0.000000	1.000000	0.150997	0.749388	0.496361	0.555703	0.698188
	0.000000	0.000000	0.000000	0.000000	1.000000	0.150485	0.747233	0.493722	0.552516	0.696893
	0.000000	0.000000	0.000000	0.000000	1.000000	0.152055	0.746638	0.500627	0.552415	0.698286
	0.000000	0.000000	0.000000	0.000000	1.000000	0.150282	0.745350	0.496760	0.550760	0.697176
	0.000000	0.000000	0.000000	0.000000	1.000000	0.150205	0.744945	0.497794	0.550207	0.695962
	0.000000	0.000000	0.000000	0.000000	1.000000	0.148212	0.748717	0.497562	0.553898	0.696181
	0.000000	0.000000	0.000000	0.000000	1.000000	0.154542	0.747122	0.501404	0.554201	0.695813
	0.000000	0.000000	0.000000	0.000000	1.000000	0.155606	0.741437	0.497726	0.553444	0.693978
	0.000000	0.000000	0.000000	0.000000	1.000000	0.153362	0.750328	0.504461	0.555011	0.697057
	0.000000	0.000000	0.000000	0.000000	1.000000	0.152900	0.746193	0.502828	0.553750	0.694802
	0.000000	0.000000	0.000000	0.000000	1.000000	0.150417	0.749278	0.498989	0.556223	0.699460
	0.000000	0.000000	0.000000	0.000000	1.000000	0.150204	0.748765	0.497933	0.554993	0.698772
	0.000000	0.000000	0.000000	0.000000	1.000000	0.149855	0.745726	0.502245	0.546160	0.693824
	0.000000	0.000000	0.000000	0.000000	1.000000	0.148728	0.752192	0.499841	0.554128	0.699639
	0.000000	0.000000	0.000000	0.000000	1.000000	0.148203	0.743202	0.497946	0.549449	0.692853
	0.000000	0.000000	0.000000	0.000000	1.000000	0.145310	0.746875	0.486362	0.557792	0.691794
	0.000000	0.000000	0.000000	0.000000	1.000000	0.151387	0.747978	0.498521	0.554099	0.696352
	0.000000	0.000000	0.000000	0.000000	1.000000	0.149606	0.749007	0.497691	0.553372	0.697546
	0.000000	0.000000	0.000000	0.000000	1.000000	0.149393	0.752127	0.505394	0.552372	0.700681
	0.000000	0.000000	0.000000	0.000000	1.000000	0.151014	0.749022	0.501328	0.554021	0.697419
	0.000000	0.000000	0.000000	0.000000	1.000000	0.151753	0.746142	0.498623	0.555959	0.695583
	0.000000	0.000000	0.000000	0.000000	1.000000	0.153440	0.747993	0.505122	0.554900	0.695786
	0.000000	0.000000	0.000000	0.000000	1.000000	0.149511	0.748521	0.499793	0.553103	0.698123
	0.000000	0.000000	0.000000	0.000000	1.000000	0.145888	0.753412	0.500177	0.554027	0.702527
	0.000000	0.000000	0.000000	0.000000	1.000000	0.151775	0.744007	0.494734	0.548026	0.691891
	0.000000	0.000000	0.000000	0.000000	1.000000	0.149546	0.749849	0.498929	0.554309	0.699946
	0.000000	0.000000	0.000000	0.000000	1.000000	0.149686	0.750602	0.499925	0.553113	0.698026
	0.000000	0.000000	0.000000	0.000000	1.000000	0.150894	0.750868	0.498405	0.555645	0.698665
	0.000000	0.000000	0.000000	0.000000	1.000000	0.149077	0.750127	0.499373	0.552276	0.699493
	0.000000	0.000000	0.000000	0.000000	1.000000	0.151463	0.749616	0.505757	0.554738	0.698601
	0.000000	0.000000	0.000000	0.000000	1.000000	0.154043	0.748648	0.500186	0.555057	0.696522
	0.000000	0.000000	0.000000	0.000000	1.000000	0.149149	0.747887	0.499231	0.553888	0.697297
	0.000000	0.000000	0.000000	0.000000	1.000000	0.149526	0.749807	0.501599	0.554170	0.698487
	0.000000	0.000000	0.000000	0.000000	1.000000	0.146018	0.747767	0.493255	0.553503	0.695265
	0.000000	0.000000	0.000000	0.000000	1.000000	0.154582	0.747263	0.500978	0.555986	0.694948
	0.000000	0.000000	0.000000	0.000000	1.000000	0.148200	0.753903	0.502053	0.554680	0.701180
	0.000000	0.000000	0.000000	0.000000	1.000000	0.148488	0.752733	0.500633	0.554114	0.700565
	0.000000	0.000000	0.000000	0.000000	1.000000	0.155110	0.738678	0.498497	0.550934	0.692124
	0.000000	0.000000	0.000000	0.000000	1.000000	0.143481	0.739317	0.483939	0.548589	0.690433
	0.000000	0.000000	0.000000	0.000000	1.000000	0.143083	0.741613	0.484956	0.549923	0.688120
	0.000000	0.000000	0.000000	0.000000	1.000000	0.152072	0.750610	0.498208	0.559593	0.698341
	0.000000	0.000000	0.000000	0.000000	1.000000	0.140230	0.741639	0.484945	0.554271	0.693053
	0.000000	0.000000	0.000000	0.000000	1.000000	0.155481	0.742227	0.509380	0.554288	0.697333
	0.000000	0.000000	0.000000	0.000000	1.000000	0.153180	0.747095	0.501541	0.554790	0.698261
	0.000000	0.000000	0.000000	0.000000	1.000000	0.140583	0.741488	0.486650	0.549562	0.691984
	0.000000	0.000000	0.000000	0.000000	1.000000	0.152622	0.745505	0.499036	0.554067	0.695392
	0.000000	0.000000	0.000000	0.000000	1.000000	0.149117	0.744370	0.496228	0.552727	0.695545
	0.000000	0.000000	0.000000	0.000000	1.000000	0.149224	0.754643	0.502512	0.556106	0.698511
	0.000000	0.000000	0.000000	0.000000	1.000000	0.150293	0.743555	0.498867	0.550104	0.695021
	0.000000	0.000000	0.000000	0.000000	1.000000	0.150457	0.743495	0.499004	0.550052	0.693382
	0.000000	0.000000	0.000000	0.000000	1.000000	0.143769	0.740641	0.486758	0.548760	0.690363
	1.000000	0.000000	0.000000	0.000000	0.000000	0.151282	0.742842	0.495340	0.552379	0.695373
	1.000000	0.000000	0.000000	0.000000	0.000000	0.140156	0.743310	0.482818	0.552798	0.694090
	1.000000	0.000000	0.000000	0.000000	0.000000	0.149689	0.744910	0.497776	0.553623	0.695695
	1.000000	0.000000	0.000000	0.000000	0.000000	0.147033	0.742695	0.491110	0.551056	0.693856
	1.000000	0.000000	0.000000	0.000000	0.000000	0.147108	0.743688	0.489696	0.553290	0.696123
	1.000000	0.000000	0.000000	0.000000	0.000000	0.150915	0.742487	0.494737	0.550499	0.693049
	1.000000	0.000000	0.000000	0.000000	0.000000	0.150889	0.741967	0.495557	0.553325	0.692207
	1.000000	0.000000	0.000000	0.000000	0.000000	0.150524	0.740919	0.496645	0.554048	0.693124
	1.000000	0.000000	0.000000	0.000000	0.000000	0.149408	0.739879	0.492561	0.548989	0.690709
	1.000000	0.000000	0.000000	0.000000	0.000000	0.150490	0.745355	0.494979	0.553673	0.695921
	1.000000	0.000000	0.000000	0.000000	0.000000	0.147545	0.747298	0.497060	0.554553	0.696457
	1.000000	0.000000	0.000000	0.000000	0.000000	0.149096	0.744570	0.496707	0.553660	0.696406
	1.000000	0.000000	0.000000	0.000000	0.000000	0.146991	0.740217	0.491823	0.544261	0.691582
	1.000000	0.000000	0.000000	0.000000	0.000000	0.151811	0.742821	0.500578	0.552666	0.691789
	1.000000	0.000000	0.000000	0.000000	0.000000	0.141676	0.740436	0.484349	0.552345	0.692434
	1.000000	0.000000	0.000000	0.000000	0.000000	0.145514	0.731518	0.480512	0.548896	0.684455
	0.000000	1.000000	0.000000	0.000000	0.000000	0.155067	0.745378	0.507006	0.554262	0.695358
	0.000000	1.000000	0.000000	0.000000	0.000000	0.151374	0.752454	0.506156	0.551146	0.700191
	0.000000	1.000000	0.000000	0.000000	0.000000	0.149261	0.745511	0.503681	0.553227	0.699633
	0.000000	1.000000	0.000000	0.000000	0.000000	0.150842	0.752152	0.510276	0.553233	0.699810
	0.000000	1.000000	0.000000	0.000000	0.000000	0.149019	0.752902	0.504808	0.551124	0.699032
	0.000000	1.000000	0.000000	0.000000	0.000000	0.151707	0.747865	0.508150	0.554141	0.696819
	0.000000	1.000000	0.000000	0.000000	0.000000	0.148656	0.752207	0.503841	0.554008	0.701043
	0.000000	1.000000	0.000000	0.000000	0.000000	0.140555	0.752217	0.497898	0.551612	0.703352
	0.000000	1.000000	0.000000	0.000000	0.000000	0.156284	0.745041	0.504886	0.551458	0.693262
	0.000000	1.000000	0.000000	0.000000	0.000000	0.154217	0.752163	0.504725	0.554321	0.697548
	0.000000	1.000000	0.000000	0.000000	0.000000	0.157874	0.748222	0.511685	0.555332	0.694681
	0.000000	1.000000	0.000000	0.000000	0.000000	0.154434	0.749325	0.506038	0.551319	0.696707
	0.000000	1.000000	0.000000	0.000000	0.000000	0.154407	0.750125	0.505534	0.553527	0.695679
	0.000000	1.000000	0.000000	0.000000	0.000000	0.154260	0.747686	0.502680	0.553428	0.695895
	0.000000	1.000000	0.000000	0.000000	0.000000	0.146642	0.748123	0.502047	0.548594	0.698041
	0.000000	1.000000	0.000000	0.000000	0.000000	0.138559	0.746487	0.491893	0.556319	0.695847
	0.000000	1.000000	0.000000	0.000000	0.000000	0.157713	0.747729	0.506822	0.555439	0.694918
	0.000000	1.000000	0.000000	0.000000	0.000000	0.137760	0.752916	0.502259	0.550761	0.706888
	0.000000	1.000000	0.000000	0.000000	0.000000	0.154359	0.749013	0.512149	0.552998	0.697630
	0.000000	1.000000	0.000000	0.000000	0.000000	0.152243	0.746160	0.500308	0.552888	0.696493
	0.000000	1.000000	0.000000	0.000000	0.000000	0.154079	0.751711	0.506969	0.553308	0.698193
	0.000000	1.000000	0.000000	0.000000	0.000000	0.153794	0.750068	0.503272	0.555191	0.696769
	0.000000	1.000000	0.000000	0.000000	0.000000	0.138867	0.752160	0.505574	0.548976	0.705492
	0.000000	1.000000	0.000000	0.000000	0.000000	0.155568	0.748765	0.508961	0.555539	0.695907
	0.000000	1.000000	0.000000	0.000000	0.000000	0.157474	0.747732	0.512962	0.553414	0.693489
	0.000000	1.000000	0.000000	0.000000	0.000000	0.154526	0.750238	0.506875	0.553455	0.698687
	0.000000	1.000000	0.000000	0.000000	0.000000	0.137597	0.755447	0.502340	0.552592	0.707848
	0.000000	1.000000	0.000000	0.000000	0.000000	0.156263	0.745727	0.509025	0.552465	0.694611
	0.000000	1.000000	0.000000	0.000000	0.000000	0.155841	0.749816	0.505606	0.552884	0.696128
	0.000000	1.000000	0.000000	0.000000	0.000000	0.153059	0.747072	0.506292	0.552493	0.697213
	0.000000	1.000000	0.000000	0.000000	0.000000	0.147562	0.750921	0.498798	0.553049	0.699858
	0.000000	1.000000	0.000000	0.000000	0.000000	0.152366	0.749084	0.504893	0.554753	0.698054
	0.000000	1.000000	0.000000	0.000000	0.000000	0.151745	0.750022	0.504529	0.553218	0.698207
	0.000000	1.000000	0.000000	0.000000	0.000000	0.154986	0.750070	0.505083	0.552856	0.696215
	0.000000	1.000000	0.000000	0.000000	0.000000	0.141546	0.747942	0.498373	0.551388	0.698910
	0.000000	0.000000	1.000000	0.000000	0.000000	0.141717	0.742160	0.493762	0.550747	0.695983
	0.000000	0.000000	1.000000	0.000000	0.000000	0.135912	0.744244	0.484696	0.551707	0.697391
	0.000000	0.000000	1.000000	0.000000	0.000000	0.144253	0.735811	0.494879	0.549653	0.691022
	0.000000	0.000000	1.000000	0.000000	0.000000	0.141788	0.747587	0.498653	0.551678	0.699092
	0.000000	0.000000	1.000000	0.000000	0.000000	0.141954	0.747001	0.501445	0.552956	0.697898
	0.000000	0.000000	1.000000	0.000000	0.000000	0.140638	0.744494	0.493591	0.550972	0.695760
	0.000000	0.000000	1.000000	0.000000	0.000000	0.139819	0.741598	0.486224	0.552392	0.691647
	0.000000	0.000000	1.000000	0.000000	0.000000	0.141449	0.748148	0.494405	0.559669	0.697978
	0.000000	0.000000	1.000000	0.000000	0.000000	0.137856	0.745486	0.489524	0.555484	0.699430
	0.000000	0.000000	1.000000	0.000000	0.000000	0.144101	0.741637	0.493516	0.553834	0.693032
	0.000000	0.000000	1.000000	0.000000	0.000000	0.146693	0.743119	0.501649	0.554051	0.697666
	0.000000	0.000000	1.000000	0.000000	0.000000	0.142908	0.740332	0.488276	0.553281	0.692686
	0.000000	0.000000	1.000000	0.000000	0.000000	0.139704	0.739720	0.490359	0.552958	0.693144
	0.000000	0.000000	1.000000	0.000000	0.000000	0.142703	0.748963	0.494869	0.551715	0.699097
	0.000000	0.000000	1.000000	0.000000	0.000000	0.143209	0.740413	0.492919	0.551228	0.695544
	0.000000	0.000000	1.000000	0.000000	0.000000	0.140102	0.742835	0.493700	0.556510	0.696605
	0.000000	0.000000	0.000000	1.000000	0.000000	0.139450	0.739818	0.483982	0.547705	0.694498
	0.000000	0.000000	0.000000	1.000000	0.000000	0.142159	0.742527	0.484621	0.549690	0.692260
	0.000000	0.000000	0.000000	1.000000	0.000000	0.142335	0.747396	0.494048	0.549156	0.698207
	0.000000	0.000000	0.000000	1.000000	0.000000	0.146806	0.743645	0.491775	0.548784	0.696515
	0.000000	0.000000	0.000000	1.000000	0.000000	0.140811	0.746448	0.481760	0.555762	0.695177
	0.000000	0.000000	0.000000	1.000000	0.000000	0.142249	0.740616	0.483970	0.547893	0.692100
	0.000000	0.000000	0.000000	1.000000	0.000000	0.143962	0.738935	0.490954	0.551923	0.692247
	0.000000	0.000000	0.000000	1.000000	0.000000	0.140793	0.747763	0.488315	0.553210	0.697963
	0.000000	0.000000	0.000000	1.000000	0.000000	0.140841	0.744540	0.490557	0.552916	0.698733
	0.000000	0.000000	0.000000	1.000000	0.000000	0.140716	0.751704	0.489859	0.552870	0.698244
	0.000000	0.000000	0.000000	1.000000	0.000000	0.141301	0.747110	0.488231	0.556256	0.697468
	0.000000	0.000000	0.000000	1.000000	0.000000	0.140994	0.744809	0.483788	0.550953	0.695855
	0.000000	0.000000	0.000000	1.000000	0.000000	0.141021	0.743959	0.489101	0.552023	0.696781
	0.000000	0.000000	0.000000	1.000000	0.000000	0.138808	0.745490	0.479199	0.556232	0.696265
	0.000000	0.000000	0.000000	1.000000	0.000000	0.143616	0.736574	0.486514	0.546242	0.691044
	0.000000	0.000000	0.000000	0.000000	1.000000	0.153350	0.745884	0.502739	0.553860	0.695057
	0.000000	0.000000	0.000000	0.000000	1.000000	0.152393	0.747283	0.504877	0.553693	0.695810
	0.000000	0.000000	0.000000	0.000000	1.000000	0.150433	0.749510	0.504768	0.551941	0.698079
	0.000000	0.000000	0.000000	0.000000	1.000000	0.151536	0.748174	0.494120	0.555124	0.695933
	0.000000	0.000000	0.000000	0.000000	1.000000	0.149837	0.748086	0.498976	0.553677	0.697658
	0.000000	0.000000	0.000000	0.000000	1.000000	0.152910	0.744403	0.500749	0.552303	0.694116
	0.000000	0.000000	0.000000	0.000000	1.000000	0.148296	0.748094	0.498386	0.552900	0.696266
	0.000000	0.000000	0.000000	0.000000	1.000000	0.152546	0.749241	0.505186	0.554885	0.697150
	0.000000	0.000000	0.000000	0.000000	1.000000	0.150715	0.740778	0.496514	0.550596	0.689609
	0.000000	0.000000	0.000000	0.000000	1.000000	0.149902	0.738699	0.491727	0.547951	0.693360
	0.000000	0.000000	0.000000	0.000000	1.000000	0.150316	0.749972	0.496003	0.554823	0.698786
	0.000000	0.000000	0.000000	0.000000	1.000000	0.153152	0.748712	0.500511	0.557711	0.696116
	0.000000	0.000000	0.000000	0.000000	1.000000	0.148654	0.751169	0.499414	0.554353	0.699703
	0.000000	0.000000	0.000000	0.000000	1.000000	0.150866	0.749193	0.500209	0.553600	0.698269
	0.000000	0.000000	0.000000	0.000000	1.000000	0.150857	0.750656	0.503250	0.552785	0.698373
	0.000000	0.000000	0.000000	0.000000	1.000000	0.147653	0.746453	0.494682	0.549946	0.697468
	0.000000	0.000000	0.000000	0.000000	1.000000	0.150698	0.748515	0.501866	0.554760	0.698012
	0.000000	0.000000	0.000000	0.000000	1.000000	0.146272	0.748889	0.495348	0.552192	0.699237
	0.000000	0.000000	0.000000	0.000000	1.000000	0.149171	0.748202	0.495781	0.553323	0.699169
	0.000000	0.000000	0.000000	0.000000	1.000000	0.148646	0.751370	0.496514	0.556527	0.699299
	0.000000	0.000000	0.000000	0.000000	1.000000	0.150469	0.749264	0.497104	0.554370	0.698192
	0.000000	0.000000	0.000000	0.000000	1.000000	0.150198	0.749946	0.498499	0.553922	0.698231
	0.000000	0.000000	0.000000	0.000000	1.000000	0.151447	0.743262	0.505109	0.550517	0.692858
	0.000000	0.000000	0.000000	0.000000	1.000000	0.151374	0.747148	0.501764	0.553990	0.697210
	0.000000	0.000000	0.000000	0.000000	1.000000	0.151507	0.747108	0.502121	0.552416	0.697354
	0.000000	0.000000	0.000000	0.000000	1.000000	0.146033	0.749891	0.496848	0.554235	0.700071
	0.000000	0.000000	0.000000	0.000000	1.000000	0.153774	0.745843	0.511930	0.552901	0.696996
	0.000000	0.000000	0.000000	0.000000	1.000000	0.150270	0.746122	0.495176	0.552882	0.698053
	0.000000	0.000000	0.000000	0.000000	1.000000	0.151592	0.743322	0.494954	0.552063	0.695738
	0.000000	0.000000	0.000000	0.000000	1.000000	0.152528	0.748670	0.499380	0.554584	0.697056
	0.000000	0.000000	0.000000	0.000000	1.000000	0.151763	0.748971	0.500939	0.554222	0.697855
	0.000000	0.000000	0.000000	0.000000	1.000000	0.148453	0.753002	0.503664	0.553753	0.698583
	0.000000	0.000000	0.000000	0.000000	1.000000	0.158656	0.744602	0.510299	0.550293	0.693919
	0.000000	0.000000	0.000000	0.000000	1.000000	0.147991	0.752871	0.500004	0.553326	0.701801
	0.000000	0.000000	0.000000	0.000000	1.000000	0.151109	0.745838	0.498584	0.553415	0.696144
	0.000000	0.000000	0.000000	0.000000	1.000000	0.146657	0.752857	0.501401	0.554124	0.701193
	0.000000	0.000000	0.000000	0.000000	1.000000	0.153778	0.746657	0.500030	0.554028	0.695922
	0.000000	0.000000	0.000000	0.000000	1.000000	0.148142	0.751845	0.500338	0.555849	0.700389
	0.000000	0.000000	0.000000	0.000000	1.000000	0.148344	0.752127	0.503498	0.555817	0.700990
	0.000000	0.000000	0.000000	0.000000	1.000000	0.148607	0.749890	0.502273	0.554670	0.699479
	0.000000	0.000000	0.000000	0.000000	1.000000	0.152288	0.749941	0.502221	0.551363	0.697710
	0.000000	0.000000	0.000000	0.000000	1.000000	0.152267	0.746038	0.499838	0.554038	0.699192
	0.000000	0.000000	0.000000	0.000000	1.000000	0.148436	0.750737	0.498902	0.553561	0.700600
	0.000000	0.000000	0.000000	0.000000	1.000000	0.149187	0.747551	0.494025	0.555114	0.697811
	0.000000	0.000000	0.000000	0.000000	1.000000	0.152472	0.746630	0.498242	0.553444	0.696968
	0.000000	0.000000	0.000000	0.000000	1.000000	0.150954	0.749326	0.497388	0.555667	0.698397
	0.000000	0.000000	0.000000	0.000000	1.000000	0.149011	0.747418	0.502670	0.550044	0.695677
	0.000000	0.000000	0.000000	0.000000	1.000000	0.148285	0.747888	0.498432	0.552673	0.696990
	0.000000	0.000000	0.000000	0.000000	1.000000	0.153866	0.745082	0.503984	0.548793	0.692322
	0.000000	0.000000	0.000000	0.000000	1.000000	0.150079	0.747047	0.499402	0.551153	0.698054
	0.000000	0.000000	0.000000	0.000000	1.000000	0.151008	0.744435	0.502024	0.551485	0.694474
	0.000000	0.000000	0.000000	0.000000	1.000000	0.148724	0.749854	0.500716	0.551819	0.700416
	0.000000	0.000000	0.000000	0.000000	1.000000	0.150485	0.755738	0.504977	0.555574	0.700278
	0.000000	0.000000	0.000000	0.000000	1.000000	0.148736	0.752810	0.502354	0.552683	0.700484
	0.000000	0.000000	0.000000	0.000000	1.000000	0.142583	0.740349	0.488554	0.549505	0.691911
	0.000000	0.000000	0.000000	0.000000	1.000000	0.148924	0.747524	0.499618	0.551905	0.696333
	0.000000	0.000000	0.000000	0.000000	1.000000	0.153920	0.747250	0.500420	0.555519	0.695682
	0.000000	0.000000	0.000000	0.000000	1.000000	0.149875	0.748941	0.500989	0.554898	0.697757
	0.000000	0.000000	0.000000	0.000000	1.000000	0.150851	0.744286	0.502864	0.553929	0.694222
	0.000000	0.000000	0.000000	0.000000	1.000000	0.151673	0.745990	0.503047	0.552180	0.694932
	0.000000	0.000000	0.000000	0.000000	1.000000	0.150916	0.746266	0.499916	0.553436	0.695862
