	1.000000	0.000000	0.000000	0.000000	0.000000	0.221228	-0.076220	0.165362	0.214321	0.388218
	1.000000	0.000000	0.000000	0.000000	0.000000	0.260913	-0.145562	0.129099	0.219223	0.534942
	1.000000	0.000000	0.000000	0.000000	0.000000	0.332789	-0.209235	0.251806	0.302730	0.345454
	1.000000	0.000000	0.000000	0.000000	0.000000	0.276107	-0.154735	0.157497	0.238402	0.487285
	1.000000	0.000000	0.000000	0.000000	0.000000	0.241678	-0.124536	0.105410	0.201477	0.564495
	1.000000	0.000000	0.000000	0.000000	0.000000	0.264890	-0.150990	0.130361	0.220117	0.540820
	1.000000	0.000000	0.000000	0.000000	0.000000	0.252351	-0.141141	0.107906	0.205808	0.574312
	1.000000	0.000000	0.000000	0.000000	0.000000	0.299212	-0.184680	0.165964	0.253325	0.490684
	1.000000	0.000000	0.000000	0.000000	0.000000	0.244440	-0.144570	0.082212	0.193180	0.622987
	1.000000	0.000000	0.000000	0.000000	0.000000	0.337443	-0.213377	0.240791	0.303185	0.373184
	1.000000	0.000000	0.000000	0.000000	0.000000	0.246953	-0.131947	0.101176	0.203056	0.571828
	1.000000	0.000000	0.000000	0.000000	0.000000	0.324709	-0.206298	0.218457	0.287769	0.409237
	1.000000	0.000000	0.000000	0.000000	0.000000	0.259663	-0.140963	0.145806	0.227702	0.486081
	1.000000	0.000000	0.000000	0.000000	0.000000	0.090576	0.220075	0.110253	0.122586	0.327918
	0.000000	1.000000	0.000000	0.000000	0.000000	-0.076235	0.877934	0.055102	-0.000531	0.141554
	0.000000	1.000000	0.000000	0.000000	0.000000	-0.073678	0.888449	0.062022	0.005070	0.129012
	0.000000	1.000000	0.000000	0.000000	0.000000	-0.049439	0.694220	0.034803	0.011384	0.233462
	0.000000	1.000000	0.000000	0.000000	0.000000	-0.061808	0.827231	0.036117	0.004921	0.218899
	0.000000	1.000000	0.000000	0.000000	0.000000	-0.086564	0.966034	0.068546	-0.004983	0.095952
	0.000000	1.000000	0.000000	0.000000	0.000000	-0.060843	0.812435	0.045286	0.008767	0.187940
	0.000000	1.000000	0.000000	0.000000	0.000000	-0.054804	0.741149	-0.000897	-0.003913	0.327554
	0.000000	1.000000	0.000000	0.000000	0.000000	-0.041110	0.756897	0.080478	0.034033	0.149671
	0.000000	1.000000	0.000000	0.000000	0.000000	-0.090722	1.001094	0.118151	0.006724	-0.005684
	0.000000	1.000000	0.000000	0.000000	0.000000	-0.069063	0.875979	0.072678	0.010782	0.110046
	0.000000	1.000000	0.000000	0.000000	0.000000	-0.021986	0.696262	0.118702	0.056639	0.122500
	0.000000	1.000000	0.000000	0.000000	0.000000	-0.095768	0.951946	0.010448	-0.026841	0.181976
	0.000000	1.000000	0.000000	0.000000	0.000000	-0.014695	0.601302	0.052965	0.035587	0.260507
	0.000000	1.000000	0.000000	0.000000	0.000000	-0.087579	0.923467	0.021594	-0.018124	0.183073
	0.000000	1.000000	0.000000	0.000000	0.000000	-0.079609	0.885583	0.015514	-0.013017	0.223872
	0.000000	1.000000	0.000000	0.000000	0.000000	-0.097512	0.990097	0.059911	-0.014967	0.080268
	0.000000	1.000000	0.000000	0.000000	0.000000	-0.046081	0.713724	0.011326	0.007664	0.309347
	0.000000	1.000000	0.000000	0.000000	0.000000	-0.065030	0.774823	-0.022113	-0.015521	0.353413
	0.000000	1.000000	0.000000	0.000000	0.000000	-0.047815	0.866782	0.203255	0.064006	-0.052422
	0.000000	1.000000	0.000000	0.000000	0.000000	-0.074141	0.810430	-0.033012	-0.025299	0.362416
	0.000000	1.000000	0.000000	0.000000	0.000000	-0.091873	1.028832	0.170395	0.019948	-0.071841
	0.000000	1.000000	0.000000	0.000000	0.000000	-0.043300	0.701500	-0.006205	0.002340	0.366634
	0.000000	1.000000	0.000000	0.000000	0.000000	-0.037182	0.669457	-0.001663	0.007352	0.378105
	0.000000	1.000000	0.000000	0.000000	0.000000	-0.055006	0.829814	0.121509	0.032636	0.060950
	0.000000	1.000000	0.000000	0.000000	0.000000	-0.117466	1.071099	0.032586	-0.036102	0.089536
	0.000000	1.000000	0.000000	0.000000	0.000000	-0.062414	0.777381	-0.010490	-0.013911	0.324370
	0.000000	1.000000	0.000000	0.000000	0.000000	-0.080685	0.962051	0.143786	0.021663	-0.018451
	0.000000	1.000000	0.000000	0.000000	0.000000	-0.007177	0.587439	0.111280	0.066278	0.152365
	0.000000	1.000000	0.000000	0.000000	0.000000	0.025968	0.476611	0.117454	0.087616	0.188098
	0.000000	1.000000	0.000000	0.000000	0.000000	-0.044993	0.763509	0.086917	0.031773	0.130868
	0.000000	1.000000	0.000000	0.000000	0.000000	-0.068532	0.914143	0.145636	0.030430	-0.005725
	0.000000	1.000000	0.000000	0.000000	0.000000	-0.084258	0.869695	-0.046960	-0.037424	0.378550
	0.000000	1.000000	0.000000	0.000000	0.000000	-0.126551	1.119502	0.079138	-0.030204	-0.018704
	0.000000	1.000000	0.000000	0.000000	0.000000	-0.060830	0.876275	0.150339	0.040221	0.003708
	0.000000	1.000000	0.000000	0.000000	0.000000	0.155302	0.077992	0.253383	0.211131	0.123313
	0.000000	1.000000	0.000000	0.000000	0.000000	-0.050487	0.748406	0.014161	0.006252	0.306505
	0.000000	1.000000	0.000000	0.000000	0.000000	-0.061185	0.864911	0.080613	0.017359	0.105517
	0.000000	1.000000	0.000000	0.000000	0.000000	-0.094090	0.990650	0.089388	-0.001720	0.031926
	0.000000	1.000000	0.000000	0.000000	0.000000	-0.113050	1.035815	0.012969	-0.036902	0.129821
	0.000000	0.000000	1.000000	0.000000	0.000000	0.143256	0.281244	0.560511	0.299903	-0.198730
	0.000000	0.000000	1.000000	0.000000	0.000000	0.123373	0.348454	0.583456	0.300464	-0.219063
	0.000000	0.000000	1.000000	0.000000	0.000000	0.167663	0.222445	0.616353	0.341662	-0.215292
	0.000000	0.000000	1.000000	0.000000	0.000000	0.153891	0.195619	0.483516	0.285461	-0.142926
	0.000000	0.000000	1.000000	0.000000	0.000000	0.175435	0.207563	0.622746	0.346045	-0.214896
	0.000000	0.000000	1.000000	0.000000	0.000000	0.168190	0.127232	0.444269	0.281705	-0.098204
	0.000000	0.000000	1.000000	0.000000	0.000000	0.190495	0.142187	0.576761	0.340777	-0.182797
	0.000000	0.000000	1.000000	0.000000	0.000000	0.223201	0.043009	0.542625	0.349079	-0.140867
	0.000000	0.000000	1.000000	0.000000	0.000000	0.175132	0.188395	0.583381	0.330279	-0.195174
	0.000000	0.000000	1.000000	0.000000	0.000000	0.190330	0.082752	0.473637	0.306293	-0.107373
	0.000000	0.000000	1.000000	0.000000	0.000000	0.147872	0.246193	0.526814	0.297800	-0.178746
	0.000000	0.000000	1.000000	0.000000	0.000000	0.181693	0.184150	0.620886	0.351985	-0.211824
	0.000000	0.000000	1.000000	0.000000	0.000000	0.221787	0.035260	0.533762	0.343581	-0.129650
	0.000000	0.000000	0.000000	1.000000	0.000000	0.165833	0.036784	0.221197	0.208750	0.187265
	0.000000	0.000000	0.000000	1.000000	0.000000	0.254177	-0.123392	0.250188	0.264292	0.262056
	0.000000	0.000000	0.000000	1.000000	0.000000	0.113453	0.183387	0.150236	0.154182	0.264558
	0.000000	0.000000	0.000000	1.000000	0.000000	0.111203	0.180668	0.155443	0.153329	0.240059
	0.000000	0.000000	0.000000	1.000000	0.000000	0.250241	-0.098323	0.291440	0.276474	0.171930
	0.000000	0.000000	0.000000	1.000000	0.000000	0.292684	-0.162886	0.256132	0.283223	0.301607
	0.000000	0.000000	0.000000	1.000000	0.000000	0.252338	-0.088173	0.351661	0.304716	0.079731
	0.000000	0.000000	0.000000	1.000000	0.000000	0.076053	0.277998	0.118150	0.119878	0.265877
	0.000000	0.000000	0.000000	1.000000	0.000000	0.263831	-0.109746	0.295666	0.284474	0.185697
	0.000000	0.000000	0.000000	1.000000	0.000000	0.235665	-0.110376	0.160005	0.217215	0.412435
	0.000000	0.000000	0.000000	1.000000	0.000000	0.211273	-0.009602	0.341838	0.279846	0.036847
	0.000000	0.000000	0.000000	1.000000	0.000000	0.190174	0.008407	0.306094	0.255953	0.066609
	0.000000	0.000000	0.000000	1.000000	0.000000	0.188267	-0.016897	0.223024	0.224236	0.210511
	0.000000	0.000000	0.000000	1.000000	0.000000	0.225782	-0.031557	0.364611	0.295645	0.032155
	0.000000	0.000000	0.000000	1.000000	0.000000	0.159981	0.074137	0.251499	0.217452	0.119043
	0.000000	0.000000	0.000000	1.000000	0.000000	0.189987	0.017387	0.300461	0.252868	0.077093
	0.000000	0.000000	0.000000	0.000000	1.000000	0.093992	0.084654	-0.053164	0.057980	0.791388
	0.000000	0.000000	0.000000	0.000000	1.000000	0.112927	0.046777	-0.034465	0.077957	0.761113
	0.000000	0.000000	0.000000	0.000000	1.000000	0.116926	0.059552	-0.000568	0.092327	0.677126
	0.000000	0.000000	0.000000	0.000000	1.000000	0.211482	-0.123298	0.010417	0.144983	0.765962
	0.000000	0.000000	0.000000	0.000000	1.000000	0.131176	0.024479	-0.012770	0.097827	0.705173
	0.000000	0.000000	0.000000	0.000000	1.000000	0.066058	0.159166	-0.054852	0.044782	0.749880
	0.000000	0.000000	0.000000	0.000000	1.000000	0.085730	0.067962	-0.089109	0.037732	0.887283
	0.000000	0.000000	0.000000	0.000000	1.000000	0.135897	-0.029569	-0.065281	0.073321	0.878088
	0.000000	0.000000	0.000000	0.000000	1.000000	0.076675	0.040963	-0.133693	0.012298	1.004783
	0.000000	0.000000	0.000000	0.000000	1.000000	0.035411	0.196146	-0.111237	0.004256	0.874916
	0.000000	0.000000	0.000000	0.000000	1.000000	0.058703	0.143371	-0.089700	0.026044	0.843269
	0.000000	0.000000	0.000000	0.000000	1.000000	0.053584	0.119018	-0.124740	0.005628	0.950029
	0.000000	0.000000	0.000000	0.000000	1.000000	0.034823	0.210100	-0.114874	0.003568	0.890338
	0.000000	0.000000	0.000000	0.000000	1.000000	0.067886	0.092036	-0.114019	0.017956	0.938287
	0.000000	0.000000	0.000000	0.000000	1.000000	0.069677	0.128409	-0.079042	0.038445	0.826310
	0.000000	0.000000	0.000000	0.000000	1.000000	0.079259	0.125464	-0.053674	0.054880	0.754396
	0.000000	0.000000	0.000000	0.000000	1.000000	0.035647	0.245583	-0.077774	0.020377	0.770028
	0.000000	0.000000	0.000000	0.000000	1.000000	0.123707	0.046025	-0.000384	0.098548	0.666303
	0.000000	0.000000	0.000000	0.000000	1.000000	0.120186	0.053543	-0.003533	0.094568	0.668474
	0.000000	0.000000	0.000000	0.000000	1.000000	0.070672	0.161776	-0.035226	0.056792	0.692650
	0.000000	0.000000	0.000000	0.000000	1.000000	0.066593	0.142794	-0.083870	0.031870	0.848834
	0.000000	0.000000	0.000000	0.000000	1.000000	0.127032	0.015031	-0.045643	0.079153	0.818859
	0.000000	0.000000	0.000000	0.000000	1.000000	0.036786	0.193560	-0.121780	-0.001164	0.917292
	0.000000	0.000000	0.000000	0.000000	1.000000	0.100268	0.067218	-0.056884	0.060828	0.806328
	0.000000	0.000000	0.000000	0.000000	1.000000	0.083659	0.076975	-0.084934	0.041175	0.876548
	0.000000	0.000000	0.000000	0.000000	1.000000	0.093257	0.051518	-0.084417	0.045776	0.884522
	0.000000	0.000000	0.000000	0.000000	1.000000	0.103659	0.016888	-0.096893	0.040941	0.927895
	0.000000	0.000000	0.000000	0.000000	1.000000	0.023178	0.289794	-0.076632	0.014158	0.739383
	0.000000	0.000000	0.000000	0.000000	1.000000	0.170887	-0.067559	-0.013463	0.112780	0.784266
	0.000000	0.000000	0.000000	0.000000	1.000000	0.234417	-0.157802	0.015023	0.158618	0.799429
	0.000000	0.000000	0.000000	0.000000	1.000000	0.091611	0.085503	-0.057987	0.056497	0.803294
	0.000000	0.000000	0.000000	0.000000	1.000000	0.125952	-0.033089	-0.094661	0.055734	0.950497
	0.000000	0.000000	0.000000	0.000000	1.000000	0.056764	0.091145	-0.138549	-0.000151	0.994980
	0.000000	0.000000	0.000000	0.000000	1.000000	0.042928	0.204312	-0.092683	0.016527	0.828098
	0.000000	0.000000	0.000000	0.000000	1.000000	0.141621	0.029358	0.035175	0.123431	0.600638
	0.000000	0.000000	0.000000	0.000000	1.000000	0.039929	0.279886	-0.042420	0.035056	0.667493
	0.000000	0.000000	0.000000	0.000000	1.000000	0.098582	0.030372	-0.091248	0.043768	0.909046
	0.000000	0.000000	0.000000	0.000000	1.000000	0.071292	0.047302	-0.134227	0.010083	1.002316
	0.000000	0.000000	0.000000	0.000000	1.000000	0.060759	0.108819	-0.121557	0.012129	0.939588
	0.000000	0.000000	0.000000	0.000000	1.000000	0.103022	0.004047	-0.106508	0.039553	0.961426
	0.000000	0.000000	0.000000	0.000000	1.000000	0.016762	0.352216	-0.050704	0.020963	0.636012
	0.000000	0.000000	0.000000	0.000000	1.000000	0.037894	0.287927	-0.034373	0.040670	0.629685
	0.000000	0.000000	0.000000	0.000000	1.000000	0.087910	0.036962	-0.111280	0.029205	0.954094
	0.000000	0.000000	0.000000	0.000000	1.000000	0.066651	0.111893	-0.101427	0.023095	0.902849
	0.000000	0.000000	0.000000	0.000000	1.000000	0.046465	0.189443	-0.100070	0.015657	0.860893
	0.000000	0.000000	0.000000	0.000000	1.000000	0.084904	0.125503	-0.028047	0.065829	0.700881
	0.000000	0.000000	0.000000	0.000000	1.000000	0.040837	0.209000	-0.088307	0.016665	0.818925
	0.000000	0.000000	0.000000	0.000000	1.000000	0.138299	-0.000644	-0.004036	0.105302	0.698949
	0.000000	0.000000	0.000000	0.000000	1.000000	0.034137	0.333772	-0.018040	0.044468	0.577072
	0.000000	0.000000	0.000000	0.000000	1.000000	0.038348	0.217526	-0.083261	0.018995	0.794178
	0.000000	0.000000	0.000000	0.000000	1.000000	0.045030	0.207146	-0.073692	0.027104	0.768222
	0.000000	0.000000	0.000000	0.000000	1.000000	0.179019	-0.009046	0.097487	0.164621	0.495496
	0.000000	0.000000	0.000000	0.000000	1.000000	0.217889	-0.086880	0.150327	0.207355	0.412763
	0.000000	0.000000	0.000000	0.000000	1.000000	0.221007	-0.093811	0.140457	0.203707	0.439259
	0.000000	0.000000	0.000000	0.000000	1.000000	0.052366	0.256858	-0.012788	0.058140	0.611289
	0.000000	0.000000	0.000000	0.000000	1.000000	0.250953	-0.136958	0.172520	0.233369	0.411411
	0.000000	0.000000	0.000000	0.000000	1.000000	0.141008	-0.004599	-0.019847	0.095555	0.778982
	0.000000	0.000000	0.000000	0.000000	1.000000	0.052845	0.144773	-0.113209	0.011788	0.921807
	0.000000	0.000000	0.000000	0.000000	1.000000	0.237763	-0.132220	0.120205	0.202968	0.511902
	0.000000	0.000000	0.000000	0.000000	1.000000	0.084646	0.075880	-0.089172	0.039503	0.885333
	0.000000	0.000000	0.000000	0.000000	1.000000	0.153162	-0.026826	-0.002434	0.112037	0.723344
	0.000000	0.000000	0.000000	0.000000	1.000000	0.021471	0.255680	-0.109254	-0.002613	0.856349
	0.000000	0.000000	0.000000	0.000000	1.000000	0.138568	-0.035640	-0.064262	0.074316	0.885757
	0.000000	0.000000	0.000000	0.000000	1.000000	0.158892	-0.065116	-0.052958	0.088656	0.878523
	0.000000	0.000000	0.000000	0.000000	1.000000	0.189560	-0.022032	0.176301	0.202292	0.310721
	1.000000	0.000000	0.000000	0.000000	0.000000	0.216379	-0.100799	0.071912	0.175469	0.616878
	1.000000	0.000000	0.000000	0.000000	0.000000	0.281005	-0.182219	0.135004	0.233184	0.539815
	1.000000	0.000000	0.000000	0.000000	0.000000	0.194060	-0.081401	0.036757	0.149536	0.674584
	1.000000	0.000000	0.000000	0.000000	0.000000	0.238816	-0.135484	0.078341	0.188294	0.621182
	1.000000	0.000000	0.000000	0.000000	0.000000	0.254615	-0.142471	0.128434	0.218786	0.520777
	1.000000	0.000000	0.000000	0.000000	0.000000	0.235853	-0.129112	0.066458	0.181846	0.647412
	1.000000	0.000000	0.000000	0.000000	0.000000	0.256168	-0.138989	0.123758	0.214836	0.539392
	1.000000	0.000000	0.000000	0.000000	0.000000	0.270595	-0.151763	0.152265	0.235125	0.485437
	1.000000	0.000000	0.000000	0.000000	0.000000	0.244248	-0.128083	0.114552	0.206063	0.532838
	1.000000	0.000000	0.000000	0.000000	0.000000	0.159377	-0.039479	-0.008921	0.114591	0.746314
	1.000000	0.000000	0.000000	0.000000	0.000000	0.070154	0.321932	0.157270	0.128745	0.189739
	1.000000	0.000000	0.000000	0.000000	0.000000	0.231146	-0.135856	0.041432	0.167998	0.715709
	1.000000	0.000000	0.000000	0.000000	0.000000	0.233572	-0.141313	0.041140	0.167163	0.702921
	1.000000	0.000000	0.000000	0.000000	0.000000	0.181744	-0.018335	0.104054	0.166622	0.483487
	1.000000	0.000000	0.000000	0.000000	0.000000	0.290434	-0.180681	0.180509	0.255287	0.450038
	1.000000	0.000000	0.000000	0.000000	0.000000	0.333013	-0.202327	0.284662	0.316085	0.293536
	0.000000	1.000000	0.000000	0.000000	0.000000	-0.075012	0.965986	0.181718	0.037926	-0.062621
	0.000000	1.000000	0.000000	0.000000	0.000000	-0.058868	0.691688	-0.067800	-0.028871	0.513098
	0.000000	1.000000	0.000000	0.000000	0.000000	-0.016402	0.776523	0.307711	0.114682	-0.121647
	0.000000	1.000000	0.000000	0.000000	0.000000	-0.063152	0.875117	0.131104	0.031150	0.022545
	0.000000	1.000000	0.000000	0.000000	0.000000	-0.064878	0.731603	-0.051275	-0.026290	0.440702
	0.000000	1.000000	0.000000	0.000000	0.000000	-0.021842	0.672605	0.098092	0.047521	0.161215
	0.000000	1.000000	0.000000	0.000000	0.000000	-0.016238	0.519109	-0.023208	0.013885	0.484989
	0.000000	1.000000	0.000000	0.000000	0.000000	0.001118	0.362197	-0.063835	0.007947	0.651843
	0.000000	1.000000	0.000000	0.000000	0.000000	-0.067861	0.852909	0.029209	-0.001961	0.211775
	0.000000	1.000000	0.000000	0.000000	0.000000	-0.098410	0.961599	0.003267	-0.029647	0.195275
	0.000000	1.000000	0.000000	0.000000	0.000000	-0.097638	1.025906	0.120653	0.002286	-0.016670
	0.000000	1.000000	0.000000	0.000000	0.000000	-0.058232	0.724349	-0.049447	-0.022615	0.455189
	0.000000	1.000000	0.000000	0.000000	0.000000	-0.079441	0.877680	0.001197	-0.018141	0.253575
	0.000000	1.000000	0.000000	0.000000	0.000000	-0.062427	0.795698	0.000441	-0.005997	0.298132
	0.000000	1.000000	0.000000	0.000000	0.000000	0.002926	0.566134	0.130735	0.079582	0.114435
	0.000000	1.000000	0.000000	0.000000	0.000000	0.114482	0.237757	0.329508	0.212478	-0.028932
	0.000000	1.000000	0.000000	0.000000	0.000000	-0.088749	0.962565	0.053655	-0.007736	0.113681
	0.000000	1.000000	0.000000	0.000000	0.000000	-0.058715	0.741821	0.033647	0.004586	0.218050
	0.000000	1.000000	0.000000	0.000000	0.000000	-0.102503	1.032526	0.105107	-0.005475	-0.006462
	0.000000	1.000000	0.000000	0.000000	0.000000	-0.016257	0.632307	0.076026	0.048428	0.213751
	0.000000	1.000000	0.000000	0.000000	0.000000	-0.092195	0.943276	0.018575	-0.021310	0.175063
	0.000000	1.000000	0.000000	0.000000	0.000000	-0.070570	0.838057	0.006836	-0.009622	0.265897
	0.000000	1.000000	0.000000	0.000000	0.000000	-0.050901	0.717431	0.041235	0.010273	0.214632
	0.000000	1.000000	0.000000	0.000000	0.000000	-0.046930	0.762514	0.043968	0.016239	0.240479
	0.000000	1.000000	0.000000	0.000000	0.000000	-0.100102	1.024125	0.083553	-0.009591	0.029741
	0.000000	1.000000	0.000000	0.000000	0.000000	-0.060061	0.766580	-0.024412	-0.015574	0.385559
	0.000000	1.000000	0.000000	0.000000	0.000000	-0.056090	0.686056	-0.010242	-0.007794	0.344657
	0.000000	1.000000	0.000000	0.000000	0.000000	-0.057169	0.819124	0.048055	0.009839	0.192754
	0.000000	1.000000	0.000000	0.000000	0.000000	-0.094573	0.947755	-0.000645	-0.029290	0.218959
	0.000000	1.000000	0.000000	0.000000	0.000000	-0.034984	0.689257	0.037931	0.021624	0.268564
	0.000000	1.000000	0.000000	0.000000	0.000000	-0.032935	0.690018	0.070130	0.037083	0.184303
	0.000000	1.000000	0.000000	0.000000	0.000000	-0.036459	0.741229	0.097620	0.042025	0.126552
	0.000000	1.000000	0.000000	0.000000	0.000000	-0.079635	0.913494	0.067609	0.001832	0.100950
	0.000000	1.000000	0.000000	0.000000	0.000000	-0.110239	1.044824	0.060464	-0.021005	0.041877
	0.000000	1.000000	0.000000	0.000000	0.000000	0.030889	0.539366	0.290059	0.142913	-0.068996
	0.000000	0.000000	1.000000	0.000000	0.000000	0.188115	0.105656	0.498876	0.308456	-0.127694
	0.000000	0.000000	1.000000	0.000000	0.000000	0.212188	0.049019	0.540578	0.345791	-0.150041
	0.000000	0.000000	1.000000	0.000000	0.000000	0.179207	0.192361	0.610124	0.342786	-0.206250
	0.000000	0.000000	1.000000	0.000000	0.000000	0.118469	0.291727	0.438302	0.244750	-0.130889
	0.000000	0.000000	1.000000	0.000000	0.000000	0.118163	0.342763	0.517112	0.268514	-0.183678
	0.000000	0.000000	1.000000	0.000000	0.000000	0.148996	0.242851	0.532460	0.298437	-0.181176
	0.000000	0.000000	1.000000	0.000000	0.000000	0.204654	0.050003	0.468688	0.315672	-0.095842
	0.000000	0.000000	1.000000	0.000000	0.000000	0.126068	0.364506	0.609728	0.315762	-0.228447
	0.000000	0.000000	1.000000	0.000000	0.000000	0.193206	0.100218	0.551811	0.337115	-0.163369
	0.000000	0.000000	1.000000	0.000000	0.000000	0.192895	0.093114	0.483427	0.311075	-0.116121
	0.000000	0.000000	1.000000	0.000000	0.000000	0.153075	0.212259	0.472909	0.278501	-0.130363
	0.000000	0.000000	1.000000	0.000000	0.000000	0.244526	-0.029700	0.487452	0.343837	-0.078330
	0.000000	0.000000	1.000000	0.000000	0.000000	0.180882	0.185092	0.627583	0.354329	-0.215695
	0.000000	0.000000	1.000000	0.000000	0.000000	0.077322	0.328346	0.249006	0.163264	0.024569
	0.000000	0.000000	1.000000	0.000000	0.000000	0.186731	0.138031	0.553977	0.328788	-0.168097
	0.000000	0.000000	1.000000	0.000000	0.000000	0.195372	0.122441	0.576795	0.342811	-0.176946
	0.000000	0.000000	0.000000	1.000000	0.000000	0.221143	-0.024002	0.371027	0.292770	0.012401
	0.000000	0.000000	0.000000	1.000000	0.000000	0.228579	-0.068098	0.261062	0.254971	0.196048
	0.000000	0.000000	0.000000	1.000000	0.000000	0.097010	0.198247	0.144937	0.140064	0.241631
	0.000000	0.000000	0.000000	1.000000	0.000000	0.132636	0.154474	0.230873	0.194000	0.117184
	0.000000	0.000000	0.000000	1.000000	0.000000	0.295179	-0.164644	0.298621	0.307555	0.222039
	0.000000	0.000000	0.000000	1.000000	0.000000	0.218221	-0.059318	0.236189	0.242025	0.226305
	0.000000	0.000000	0.000000	1.000000	0.000000	0.294792	-0.171507	0.236282	0.277085	0.343686
	0.000000	0.000000	0.000000	1.000000	0.000000	0.195113	0.004414	0.296599	0.253194	0.090887
	0.000000	0.000000	0.000000	1.000000	0.000000	0.209324	-0.030724	0.293562	0.258968	0.121168
	0.000000	0.000000	0.000000	1.000000	0.000000	0.160279	0.037925	0.188685	0.194472	0.235197
	0.000000	0.000000	0.000000	1.000000	0.000000	0.241652	-0.072101	0.354530	0.300883	0.067278
	0.000000	0.000000	0.000000	1.000000	0.000000	0.223430	-0.044414	0.325196	0.280485	0.078611
	0.000000	0.000000	0.000000	1.000000	0.000000	0.209960	-0.031223	0.293200	0.260189	0.119729
	0.000000	0.000000	0.000000	1.000000	0.000000	0.251175	-0.054148	0.466427	0.349805	-0.064355
	0.000000	0.000000	0.000000	1.000000	0.000000	0.251874	-0.067019	0.392810	0.314040	0.018829
	0.000000	0.000000	0.000000	0.000000	1.000000	0.099086	0.079234	-0.048817	0.063308	0.786165
	0.000000	0.000000	0.000000	0.000000	1.000000	0.107687	0.060976	-0.040117	0.069954	0.776784
	0.000000	0.000000	0.000000	0.000000	1.000000	0.071311	0.082586	-0.112826	0.019088	0.937646
	0.000000	0.000000	0.000000	0.000000	1.000000	0.065409	0.159079	-0.066960	0.041351	0.783016
	0.000000	0.000000	0.000000	0.000000	1.000000	0.071029	0.167990	-0.031432	0.058269	0.681351
	0.000000	0.000000	0.000000	0.000000	1.000000	0.138517	-0.041834	-0.081053	0.066718	0.932053
	0.000000	0.000000	0.000000	0.000000	1.000000	0.118452	0.050703	-0.006522	0.092665	0.679576
	0.000000	0.000000	0.000000	0.000000	1.000000	0.058817	0.150818	-0.093160	0.023531	0.860018
	0.000000	0.000000	0.000000	0.000000	1.000000	0.178516	-0.039275	0.056112	0.146468	0.604216
	0.000000	0.000000	0.000000	0.000000	1.000000	0.273094	-0.171121	0.093127	0.209224	0.639772
	0.000000	0.000000	0.000000	0.000000	1.000000	0.048961	0.179558	-0.091979	0.022453	0.831726
	0.000000	0.000000	0.000000	0.000000	1.000000	0.126070	-0.001303	-0.059673	0.072258	0.871036
	0.000000	0.000000	0.000000	0.000000	1.000000	0.044702	0.161737	-0.112248	0.008474	0.900270
	0.000000	0.000000	0.000000	0.000000	1.000000	0.108450	-0.010364	-0.114011	0.037605	0.984709
	0.000000	0.000000	0.000000	0.000000	1.000000	0.048335	0.163482	-0.107431	0.011577	0.886368
	0.000000	0.000000	0.000000	0.000000	1.000000	0.178854	-0.091271	-0.029688	0.112057	0.830983
	0.000000	0.000000	0.000000	0.000000	1.000000	0.103563	0.058678	-0.048436	0.066301	0.793088
	0.000000	0.000000	0.000000	0.000000	1.000000	0.068404	0.158572	-0.037150	0.055659	0.692899
	0.000000	0.000000	0.000000	0.000000	1.000000	0.068912	0.112917	-0.090759	0.031026	0.868061
	0.000000	0.000000	0.000000	0.000000	1.000000	0.080928	0.163200	0.004154	0.080954	0.589236
	0.000000	0.000000	0.000000	0.000000	1.000000	0.069745	0.118338	-0.087681	0.034030	0.850229
	0.000000	0.000000	0.000000	0.000000	1.000000	0.054168	0.125948	-0.121351	0.008599	0.938339
	0.000000	0.000000	0.000000	0.000000	1.000000	0.136823	-0.027884	-0.064112	0.071681	0.884338
	0.000000	0.000000	0.000000	0.000000	1.000000	0.103359	0.062124	-0.048416	0.066163	0.788410
	0.000000	0.000000	0.000000	0.000000	1.000000	0.057230	0.133371	-0.109444	0.014665	0.907344
	0.000000	0.000000	0.000000	0.000000	1.000000	0.112623	0.001982	-0.075884	0.058553	0.883669
	0.000000	0.000000	0.000000	0.000000	1.000000	0.112123	-0.008985	-0.106234	0.039404	0.978770
	0.000000	0.000000	0.000000	0.000000	1.000000	0.133023	0.041279	0.028810	0.116719	0.604145
	0.000000	0.000000	0.000000	0.000000	1.000000	0.158271	-0.072020	-0.066184	0.083599	0.919406
	0.000000	0.000000	0.000000	0.000000	1.000000	0.067952	0.108688	-0.104310	0.024069	0.905728
	0.000000	0.000000	0.000000	0.000000	1.000000	0.108478	0.008524	-0.095392	0.047516	0.931741
	0.000000	0.000000	0.000000	0.000000	1.000000	0.046690	0.175657	-0.097316	0.015213	0.850684
	0.000000	0.000000	0.000000	0.000000	1.000000	0.062796	0.115934	-0.123066	0.008763	0.957003
	0.000000	0.000000	0.000000	0.000000	1.000000	0.048453	0.102598	-0.146339	-0.007079	1.009342
	0.000000	0.000000	0.000000	0.000000	1.000000	0.133670	-0.005439	-0.040014	0.084468	0.813180
	0.000000	0.000000	0.000000	0.000000	1.000000	0.030249	0.248466	-0.078376	0.016890	0.764518
	0.000000	0.000000	0.000000	0.000000	1.000000	0.060225	0.160555	-0.085823	0.028237	0.837568
	0.000000	0.000000	0.000000	0.000000	1.000000	0.028970	0.258179	-0.078657	0.016557	0.768798
	0.000000	0.000000	0.000000	0.000000	1.000000	0.036903	0.207379	-0.095193	0.012066	0.839943
	0.000000	0.000000	0.000000	0.000000	1.000000	0.064445	0.165134	-0.049684	0.046110	0.734558
	0.000000	0.000000	0.000000	0.000000	1.000000	0.020745	0.221133	-0.140956	-0.017657	0.949984
	0.000000	0.000000	0.000000	0.000000	1.000000	0.046133	0.202618	-0.080104	0.025366	0.796845
	0.000000	0.000000	0.000000	0.000000	1.000000	0.120354	-0.027366	-0.097285	0.052321	0.952962
	0.000000	0.000000	0.000000	0.000000	1.000000	0.098249	0.081282	-0.035814	0.072067	0.739711
	0.000000	0.000000	0.000000	0.000000	1.000000	0.075955	0.088929	-0.099413	0.030254	0.904798
	0.000000	0.000000	0.000000	0.000000	1.000000	0.057451	0.142636	-0.100968	0.020386	0.884871
	0.000000	0.000000	0.000000	0.000000	1.000000	0.110276	0.000221	-0.094160	0.046319	0.930095
	0.000000	0.000000	0.000000	0.000000	1.000000	0.076417	0.103543	-0.074190	0.041813	0.826692
	0.000000	0.000000	0.000000	0.000000	1.000000	0.041976	0.183937	-0.117744	0.002365	0.905232
	0.000000	0.000000	0.000000	0.000000	1.000000	0.111903	0.003425	-0.085927	0.052640	0.911036
	0.000000	0.000000	0.000000	0.000000	1.000000	0.120427	-0.008070	-0.081544	0.057548	0.909465
	0.000000	0.000000	0.000000	0.000000	1.000000	0.054750	0.104355	-0.131608	0.002452	0.975555
	0.000000	0.000000	0.000000	0.000000	1.000000	0.036749	0.226311	-0.088058	0.015413	0.808980
	0.000000	0.000000	0.000000	0.000000	1.000000	0.043523	0.150490	-0.124677	0.000891	0.934129
	0.000000	0.000000	0.000000	0.000000	1.000000	0.219998	-0.100173	0.128462	0.197330	0.469547
	0.000000	0.000000	0.000000	0.000000	1.000000	0.096783	0.056439	-0.066419	0.055046	0.831486
	0.000000	0.000000	0.000000	0.000000	1.000000	0.060547	0.168536	-0.076505	0.033404	0.810734
	0.000000	0.000000	0.000000	0.000000	1.000000	0.112648	0.023119	-0.060472	0.065367	0.839275
	0.000000	0.000000	0.000000	0.000000	1.000000	0.155251	-0.058348	-0.051655	0.086831	0.879096
	0.000000	0.000000	0.000000	0.000000	1.000000	0.120217	-0.009059	-0.085737	0.054973	0.923140
	0.000000	0.000000	0.000000	0.000000	1.000000	0.096299	0.065829	-0.064062	0.055126	0.826404
