	1.000000	0.000000	0.000000	0.000000	0.000000	0.177028	0.011135	0.160779	0.176245	0.439745
	1.000000	0.000000	0.000000	0.000000	0.000000	0.193960	-0.046401	0.153926	0.181353	0.507636
	1.000000	0.000000	0.000000	0.000000	0.000000	0.238714	-0.129118	0.229352	0.240069	0.403614
	1.000000	0.000000	0.000000	0.000000	0.000000	0.204939	-0.060733	0.170799	0.195162	0.487666
	1.000000	0.000000	0.000000	0.000000	0.000000	0.183135	-0.023789	0.136425	0.168629	0.526329
	1.000000	0.000000	0.000000	0.000000	0.000000	0.196913	-0.054174	0.157077	0.183686	0.510059
	1.000000	0.000000	0.000000	0.000000	0.000000	0.188187	-0.041597	0.143377	0.172946	0.526896
	1.000000	0.000000	0.000000	0.000000	0.000000	0.216438	-0.094640	0.179781	0.204726	0.487125
	1.000000	0.000000	0.000000	0.000000	0.000000	0.180852	-0.039464	0.128590	0.163855	0.543264
	1.000000	0.000000	0.000000	0.000000	0.000000	0.241861	-0.135817	0.224388	0.241165	0.425854
	1.000000	0.000000	0.000000	0.000000	0.000000	0.187088	-0.033465	0.137022	0.172022	0.522998
	1.000000	0.000000	0.000000	0.000000	0.000000	0.234252	-0.126862	0.213078	0.232351	0.441079
	1.000000	0.000000	0.000000	0.000000	0.000000	0.195491	-0.047729	0.158512	0.185723	0.490751
	1.000000	0.000000	0.000000	0.000000	0.000000	0.105793	0.238219	0.105654	0.112477	0.422018
	0.000000	1.000000	0.000000	0.000000	0.000000	0.004477	0.694373	0.032874	0.021825	0.352537
	0.000000	1.000000	0.000000	0.000000	0.000000	0.009806	0.687848	0.035450	0.027626	0.355305
	0.000000	1.000000	0.000000	0.000000	0.000000	0.026332	0.493281	0.033110	0.033682	0.413176
	0.000000	1.000000	0.000000	0.000000	0.000000	0.018782	0.629837	0.027707	0.029987	0.411557
	0.000000	1.000000	0.000000	0.000000	0.000000	0.003379	0.754205	0.036189	0.022924	0.340454
	0.000000	1.000000	0.000000	0.000000	0.000000	0.015230	0.640605	0.031783	0.028894	0.378552
	0.000000	1.000000	0.000000	0.000000	0.000000	0.013336	0.607773	0.012042	0.018681	0.447233
	0.000000	1.000000	0.000000	0.000000	0.000000	0.032272	0.585155	0.053529	0.048926	0.358418
	0.000000	1.000000	0.000000	0.000000	0.000000	0.003184	0.779360	0.057012	0.030636	0.269729
	0.000000	1.000000	0.000000	0.000000	0.000000	0.012936	0.683205	0.042081	0.030479	0.338398
	0.000000	1.000000	0.000000	0.000000	0.000000	0.051593	0.504367	0.080385	0.071001	0.349857
	0.000000	1.000000	0.000000	0.000000	0.000000	-0.011493	0.761441	-0.000173	-0.002322	0.390955
	0.000000	1.000000	0.000000	0.000000	0.000000	0.052435	0.439703	0.054076	0.054905	0.418592
	0.000000	1.000000	0.000000	0.000000	0.000000	-0.004359	0.730117	0.010299	0.007737	0.387225
	0.000000	1.000000	0.000000	0.000000	0.000000	0.000619	0.703451	0.010227	0.012988	0.407051
	0.000000	1.000000	0.000000	0.000000	0.000000	-0.008325	0.788982	0.027186	0.010651	0.324762
	0.000000	1.000000	0.000000	0.000000	0.000000	0.019428	0.591538	0.020246	0.027613	0.432483
	0.000000	1.000000	0.000000	0.000000	0.000000	0.004583	0.637574	-0.004857	0.008066	0.465434
	0.000000	1.000000	0.000000	0.000000	0.000000	0.039173	0.642780	0.109752	0.074850	0.229301
	0.000000	1.000000	0.000000	0.000000	0.000000	-0.001872	0.661811	-0.014028	0.000200	0.476140
	0.000000	1.000000	0.000000	0.000000	0.000000	0.007301	0.801549	0.083727	0.043244	0.215093
	0.000000	1.000000	0.000000	0.000000	0.000000	0.022777	0.571613	0.010893	0.024195	0.474977
	0.000000	1.000000	0.000000	0.000000	0.000000	0.026685	0.552805	0.018295	0.030215	0.471418
	0.000000	1.000000	0.000000	0.000000	0.000000	0.021442	0.665344	0.072581	0.047530	0.291748
	0.000000	1.000000	0.000000	0.000000	0.000000	-0.022867	0.869337	0.004352	-0.005043	0.345052
	0.000000	1.000000	0.000000	0.000000	0.000000	0.012915	0.585623	0.001886	0.011742	0.479441
	0.000000	1.000000	0.000000	0.000000	0.000000	0.009743	0.751265	0.073617	0.041953	0.251382
	0.000000	1.000000	0.000000	0.000000	0.000000	0.057895	0.448421	0.088295	0.077484	0.331242
	0.000000	1.000000	0.000000	0.000000	0.000000	0.077386	0.363914	0.088893	0.087861	0.382576
	0.000000	1.000000	0.000000	0.000000	0.000000	0.026778	0.605159	0.056271	0.045223	0.339450
	0.000000	1.000000	0.000000	0.000000	0.000000	0.016154	0.717175	0.076503	0.045288	0.260217
	0.000000	1.000000	0.000000	0.000000	0.000000	-0.008220	0.706584	-0.025594	-0.008165	0.494167
	0.000000	1.000000	0.000000	0.000000	0.000000	-0.023902	0.904288	0.025223	0.001684	0.271715
	0.000000	1.000000	0.000000	0.000000	0.000000	0.023937	0.672064	0.083885	0.056043	0.265357
	0.000000	1.000000	0.000000	0.000000	0.000000	0.151387	0.099501	0.189347	0.175940	0.306494
	0.000000	1.000000	0.000000	0.000000	0.000000	0.024912	0.572457	0.022104	0.032363	0.448878
	0.000000	1.000000	0.000000	0.000000	0.000000	0.021514	0.657570	0.048156	0.037478	0.341297
	0.000000	1.000000	0.000000	0.000000	0.000000	-0.003106	0.784044	0.041616	0.021632	0.291132
	0.000000	1.000000	0.000000	0.000000	0.000000	-0.020994	0.825051	-0.007124	-0.008828	0.375179
	0.000000	0.000000	1.000000	0.000000	0.000000	0.168123	0.183815	0.316898	0.233035	0.077694
	0.000000	0.000000	1.000000	0.000000	0.000000	0.159781	0.219320	0.324582	0.235957	0.049010
	0.000000	0.000000	1.000000	0.000000	0.000000	0.190039	0.118868	0.348964	0.264907	0.058989
	0.000000	0.000000	1.000000	0.000000	0.000000	0.166976	0.147375	0.286259	0.223083	0.125902
	0.000000	0.000000	1.000000	0.000000	0.000000	0.193248	0.119316	0.359475	0.269981	0.052246
	0.000000	0.000000	1.000000	0.000000	0.000000	0.170213	0.114733	0.273023	0.219461	0.164252
	0.000000	0.000000	1.000000	0.000000	0.000000	0.197772	0.085202	0.337118	0.264283	0.093700
	0.000000	0.000000	1.000000	0.000000	0.000000	0.214766	0.015114	0.333269	0.273751	0.135248
	0.000000	0.000000	1.000000	0.000000	0.000000	0.190850	0.104751	0.336063	0.256759	0.081762
	0.000000	0.000000	1.000000	0.000000	0.000000	0.184757	0.083287	0.294200	0.237959	0.149739
	0.000000	0.000000	1.000000	0.000000	0.000000	0.170256	0.153312	0.298699	0.232349	0.102580
	0.000000	0.000000	1.000000	0.000000	0.000000	0.197871	0.099602	0.359347	0.275217	0.055209
	0.000000	0.000000	1.000000	0.000000	0.000000	0.211693	0.019805	0.331682	0.271136	0.140587
	0.000000	0.000000	0.000000	1.000000	0.000000	0.149247	0.095119	0.171065	0.167089	0.342445
	0.000000	0.000000	0.000000	1.000000	0.000000	0.199739	-0.046593	0.213519	0.213497	0.366337
	0.000000	0.000000	0.000000	1.000000	0.000000	0.123128	0.200504	0.124435	0.132435	0.402032
	0.000000	0.000000	0.000000	1.000000	0.000000	0.122157	0.189889	0.125427	0.130220	0.389284
	0.000000	0.000000	0.000000	1.000000	0.000000	0.202298	-0.033069	0.224822	0.217810	0.329368
	0.000000	0.000000	0.000000	1.000000	0.000000	0.222921	-0.088341	0.227056	0.230453	0.390093
	0.000000	0.000000	0.000000	1.000000	0.000000	0.207921	-0.032805	0.249754	0.236609	0.283831
	0.000000	0.000000	0.000000	1.000000	0.000000	0.099780	0.265537	0.099283	0.106786	0.404587
	0.000000	0.000000	0.000000	1.000000	0.000000	0.213821	-0.049399	0.238119	0.230561	0.329550
	0.000000	0.000000	0.000000	1.000000	0.000000	0.186012	-0.027671	0.168701	0.180795	0.438156
	0.000000	0.000000	0.000000	1.000000	0.000000	0.184485	0.033585	0.228439	0.212856	0.262870
	0.000000	0.000000	0.000000	1.000000	0.000000	0.168878	0.053084	0.207327	0.195488	0.279015
	0.000000	0.000000	0.000000	1.000000	0.000000	0.162000	0.051531	0.177870	0.178181	0.348337
	0.000000	0.000000	0.000000	1.000000	0.000000	0.192208	0.021035	0.246372	0.224271	0.256981
	0.000000	0.000000	0.000000	1.000000	0.000000	0.149426	0.114680	0.178157	0.170190	0.311945
	0.000000	0.000000	0.000000	1.000000	0.000000	0.169240	0.062370	0.207288	0.195287	0.285212
	0.000000	0.000000	0.000000	0.000000	1.000000	0.092017	0.186283	0.027120	0.068990	0.636336
	0.000000	0.000000	0.000000	0.000000	1.000000	0.102800	0.155443	0.039769	0.081991	0.620017
	0.000000	0.000000	0.000000	0.000000	1.000000	0.111700	0.146112	0.063970	0.095892	0.573791
	0.000000	0.000000	0.000000	0.000000	1.000000	0.158188	-0.007631	0.084423	0.130209	0.616752
	0.000000	0.000000	0.000000	0.000000	1.000000	0.117987	0.119223	0.054948	0.096783	0.593368
	0.000000	0.000000	0.000000	0.000000	1.000000	0.077436	0.237268	0.021171	0.059952	0.613534
	0.000000	0.000000	0.000000	0.000000	1.000000	0.083910	0.180337	0.003834	0.054292	0.693948
	0.000000	0.000000	0.000000	0.000000	1.000000	0.113861	0.090176	0.029319	0.081088	0.678102
	0.000000	0.000000	0.000000	0.000000	1.000000	0.068389	0.188542	-0.029192	0.031744	0.761928
	0.000000	0.000000	0.000000	0.000000	1.000000	0.048549	0.303672	-0.024368	0.023473	0.684873
	0.000000	0.000000	0.000000	0.000000	1.000000	0.064556	0.256743	-0.004084	0.041329	0.659434
	0.000000	0.000000	0.000000	0.000000	1.000000	0.056034	0.255643	-0.027937	0.025306	0.725566
	0.000000	0.000000	0.000000	0.000000	1.000000	0.051041	0.305967	-0.027459	0.025636	0.704910
	0.000000	0.000000	0.000000	0.000000	1.000000	0.067960	0.220041	-0.016962	0.036957	0.721333
	0.000000	0.000000	0.000000	0.000000	1.000000	0.073990	0.236722	0.004279	0.052734	0.653909
	0.000000	0.000000	0.000000	0.000000	1.000000	0.083734	0.216880	0.019551	0.064405	0.620275
	0.000000	0.000000	0.000000	0.000000	1.000000	0.057027	0.309945	-0.004425	0.038273	0.640173
	0.000000	0.000000	0.000000	0.000000	1.000000	0.112629	0.143258	0.059189	0.095320	0.572510
	0.000000	0.000000	0.000000	0.000000	1.000000	0.111378	0.145374	0.057404	0.093198	0.574794
	0.000000	0.000000	0.000000	0.000000	1.000000	0.080953	0.234494	0.029771	0.066717	0.589553
	0.000000	0.000000	0.000000	0.000000	1.000000	0.076060	0.235348	0.003251	0.051283	0.673179
	0.000000	0.000000	0.000000	0.000000	1.000000	0.114423	0.124360	0.043023	0.089937	0.642095
	0.000000	0.000000	0.000000	0.000000	1.000000	0.049763	0.303354	-0.030042	0.021562	0.714973
	0.000000	0.000000	0.000000	0.000000	1.000000	0.094013	0.178452	0.025121	0.069945	0.643551
	0.000000	0.000000	0.000000	0.000000	1.000000	0.081969	0.192948	0.006247	0.057162	0.682056
	0.000000	0.000000	0.000000	0.000000	1.000000	0.087241	0.173622	0.009689	0.061021	0.680947
	0.000000	0.000000	0.000000	0.000000	1.000000	0.092367	0.138688	0.003018	0.055816	0.711454
	0.000000	0.000000	0.000000	0.000000	1.000000	0.047281	0.352574	-0.006388	0.031770	0.615935
	0.000000	0.000000	0.000000	0.000000	1.000000	0.139583	0.036205	0.068737	0.112299	0.625848
	0.000000	0.000000	0.000000	0.000000	1.000000	0.175595	-0.050890	0.107246	0.153852	0.606531
	0.000000	0.000000	0.000000	0.000000	1.000000	0.090523	0.189062	0.023626	0.068544	0.641856
	0.000000	0.000000	0.000000	0.000000	1.000000	0.102198	0.105402	0.008165	0.067308	0.720513
	0.000000	0.000000	0.000000	0.000000	1.000000	0.056504	0.232763	-0.037250	0.020647	0.759892
	0.000000	0.000000	0.000000	0.000000	1.000000	0.057478	0.293445	-0.010550	0.035157	0.663095
	0.000000	0.000000	0.000000	0.000000	1.000000	0.126183	0.122559	0.083259	0.115031	0.539574
	0.000000	0.000000	0.000000	0.000000	1.000000	0.063731	0.327640	0.020259	0.051178	0.579662
	0.000000	0.000000	0.000000	0.000000	1.000000	0.087783	0.160492	0.005368	0.057797	0.695975
	0.000000	0.000000	0.000000	0.000000	1.000000	0.064813	0.191972	-0.030603	0.029984	0.761269
	0.000000	0.000000	0.000000	0.000000	1.000000	0.067021	0.218920	-0.023921	0.034269	0.723316
	0.000000	0.000000	0.000000	0.000000	1.000000	0.087253	0.144907	-0.005712	0.053735	0.733623
	0.000000	0.000000	0.000000	0.000000	1.000000	0.047419	0.384224	0.006865	0.037094	0.565367
	0.000000	0.000000	0.000000	0.000000	1.000000	0.061358	0.338323	0.021221	0.052732	0.559815
	0.000000	0.000000	0.000000	0.000000	1.000000	0.079092	0.173748	-0.010484	0.045988	0.725264
	0.000000	0.000000	0.000000	0.000000	1.000000	0.070680	0.224904	-0.007720	0.042517	0.701669
	0.000000	0.000000	0.000000	0.000000	1.000000	0.059732	0.287336	-0.014148	0.035710	0.681623
	0.000000	0.000000	0.000000	0.000000	1.000000	0.089407	0.210050	0.039400	0.074517	0.587379
	0.000000	0.000000	0.000000	0.000000	1.000000	0.057659	0.289629	-0.007289	0.036462	0.659534
	0.000000	0.000000	0.000000	0.000000	1.000000	0.120978	0.098973	0.064444	0.104029	0.579468
	0.000000	0.000000	0.000000	0.000000	1.000000	0.065126	0.348616	0.030547	0.058795	0.541825
	0.000000	0.000000	0.000000	0.000000	1.000000	0.053857	0.311493	-0.004750	0.035518	0.635361
	0.000000	0.000000	0.000000	0.000000	1.000000	0.059455	0.297230	0.001861	0.041609	0.622346
	0.000000	0.000000	0.000000	0.000000	1.000000	0.154129	0.070405	0.120947	0.144519	0.500285
	0.000000	0.000000	0.000000	0.000000	1.000000	0.180389	-0.018810	0.159620	0.178394	0.447070
	0.000000	0.000000	0.000000	0.000000	1.000000	0.178742	-0.016221	0.157017	0.175687	0.450935
	0.000000	0.000000	0.000000	0.000000	1.000000	0.078970	0.281753	0.041102	0.073109	0.555744
	0.000000	0.000000	0.000000	0.000000	1.000000	0.195374	-0.055937	0.183935	0.198349	0.426490
	0.000000	0.000000	0.000000	0.000000	1.000000	0.124895	0.098564	0.062338	0.101706	0.627354
	0.000000	0.000000	0.000000	0.000000	1.000000	0.062399	0.250812	-0.020204	0.034376	0.721694
	0.000000	0.000000	0.000000	0.000000	1.000000	0.183860	-0.044143	0.155725	0.176255	0.471317
	0.000000	0.000000	0.000000	0.000000	1.000000	0.084583	0.182735	0.003080	0.056717	0.692694
	0.000000	0.000000	0.000000	0.000000	1.000000	0.130462	0.073653	0.068482	0.109685	0.598390
	0.000000	0.000000	0.000000	0.000000	1.000000	0.040985	0.346076	-0.027024	0.018954	0.681914
	0.000000	0.000000	0.000000	0.000000	1.000000	0.116543	0.080546	0.032004	0.083969	0.684856
	0.000000	0.000000	0.000000	0.000000	1.000000	0.128354	0.052597	0.043759	0.094983	0.676888
	0.000000	0.000000	0.000000	0.000000	1.000000	0.167274	0.030410	0.163240	0.172202	0.400726
	1.000000	0.000000	0.000000	0.000000	0.000000	0.167321	0.005633	0.116087	0.150824	0.547797
	1.000000	0.000000	0.000000	0.000000	0.000000	0.203072	-0.087493	0.166743	0.194536	0.492409
	1.000000	0.000000	0.000000	0.000000	0.000000	0.150636	0.032099	0.093720	0.131731	0.573820
	1.000000	0.000000	0.000000	0.000000	0.000000	0.177748	-0.030602	0.124622	0.159846	0.545079
	1.000000	0.000000	0.000000	0.000000	0.000000	0.189667	-0.041712	0.151681	0.179992	0.497746
	1.000000	0.000000	0.000000	0.000000	0.000000	0.176143	-0.021498	0.116278	0.154306	0.563048
	1.000000	0.000000	0.000000	0.000000	0.000000	0.191579	-0.038735	0.151469	0.178985	0.508316
	1.000000	0.000000	0.000000	0.000000	0.000000	0.202829	-0.060662	0.168044	0.192601	0.486477
	1.000000	0.000000	0.000000	0.000000	0.000000	0.184864	-0.030811	0.141648	0.170611	0.507453
	1.000000	0.000000	0.000000	0.000000	0.000000	0.130286	0.073438	0.061306	0.107895	0.614213
	1.000000	0.000000	0.000000	0.000000	0.000000	0.099704	0.285194	0.119181	0.116269	0.362718
	1.000000	0.000000	0.000000	0.000000	0.000000	0.170560	-0.021827	0.106837	0.147414	0.589286
	1.000000	0.000000	0.000000	0.000000	0.000000	0.172962	-0.034946	0.106242	0.145731	0.582770
	1.000000	0.000000	0.000000	0.000000	0.000000	0.155384	0.063522	0.130164	0.147687	0.479944
	1.000000	0.000000	0.000000	0.000000	0.000000	0.211508	-0.090643	0.189768	0.209140	0.454407
	1.000000	0.000000	0.000000	0.000000	0.000000	0.245828	-0.132083	0.248046	0.254333	0.386943
	0.000000	1.000000	0.000000	0.000000	0.000000	0.019074	0.731553	0.089579	0.054972	0.230041
	0.000000	1.000000	0.000000	0.000000	0.000000	0.002053	0.599639	-0.028451	-0.005254	0.542381
	0.000000	1.000000	0.000000	0.000000	0.000000	0.063318	0.554707	0.161481	0.109270	0.174397
	0.000000	1.000000	0.000000	0.000000	0.000000	0.017634	0.690786	0.072303	0.044442	0.272332
	0.000000	1.000000	0.000000	0.000000	0.000000	0.000571	0.615524	-0.020651	-0.002449	0.506997
	0.000000	1.000000	0.000000	0.000000	0.000000	0.041252	0.545961	0.071653	0.058896	0.348644
	0.000000	1.000000	0.000000	0.000000	0.000000	0.032123	0.475455	0.011300	0.030653	0.509657
	0.000000	1.000000	0.000000	0.000000	0.000000	0.039343	0.366346	-0.000656	0.029883	0.575010
	0.000000	1.000000	0.000000	0.000000	0.000000	0.013358	0.654970	0.020923	0.023263	0.407178
	0.000000	1.000000	0.000000	0.000000	0.000000	-0.013945	0.772718	-0.004736	-0.003161	0.398409
	0.000000	1.000000	0.000000	0.000000	0.000000	-0.003321	0.818820	0.056320	0.026467	0.258018
	0.000000	1.000000	0.000000	0.000000	0.000000	0.007778	0.602425	-0.016946	0.002895	0.518798
	0.000000	1.000000	0.000000	0.000000	0.000000	-0.000149	0.697692	0.002076	0.007687	0.426562
	0.000000	1.000000	0.000000	0.000000	0.000000	0.011922	0.629849	0.007735	0.018320	0.445673
	0.000000	1.000000	0.000000	0.000000	0.000000	0.069235	0.401707	0.092927	0.083938	0.332598
	0.000000	1.000000	0.000000	0.000000	0.000000	0.142238	0.165918	0.215594	0.182134	0.222068
	0.000000	1.000000	0.000000	0.000000	0.000000	-0.000265	0.756182	0.025986	0.018426	0.350660
	0.000000	1.000000	0.000000	0.000000	0.000000	0.018509	0.542172	0.029654	0.027600	0.401716
	0.000000	1.000000	0.000000	0.000000	0.000000	-0.005641	0.805280	0.046411	0.020074	0.276760
	0.000000	1.000000	0.000000	0.000000	0.000000	0.046671	0.500338	0.058604	0.059791	0.390264
	0.000000	1.000000	0.000000	0.000000	0.000000	-0.008291	0.754165	0.005861	0.003563	0.384315
	0.000000	1.000000	0.000000	0.000000	0.000000	0.005148	0.673591	0.008680	0.014951	0.425415
	0.000000	1.000000	0.000000	0.000000	0.000000	0.025818	0.516216	0.036994	0.032799	0.399989
	0.000000	1.000000	0.000000	0.000000	0.000000	0.030490	0.578429	0.040800	0.041230	0.409824
	0.000000	1.000000	0.000000	0.000000	0.000000	-0.005965	0.804608	0.035863	0.016077	0.302888
	0.000000	1.000000	0.000000	0.000000	0.000000	0.008613	0.628968	-0.003772	0.009740	0.488596
	0.000000	1.000000	0.000000	0.000000	0.000000	0.013309	0.532544	0.008726	0.016438	0.457636
	0.000000	1.000000	0.000000	0.000000	0.000000	0.019679	0.638296	0.033981	0.031284	0.391128
	0.000000	1.000000	0.000000	0.000000	0.000000	-0.009750	0.751847	-0.004899	-0.001299	0.416551
	0.000000	1.000000	0.000000	0.000000	0.000000	0.031894	0.551084	0.038382	0.040548	0.416697
	0.000000	1.000000	0.000000	0.000000	0.000000	0.033955	0.546199	0.051103	0.049286	0.368602
	0.000000	1.000000	0.000000	0.000000	0.000000	0.034119	0.586026	0.064855	0.054179	0.335465
	0.000000	1.000000	0.000000	0.000000	0.000000	0.005276	0.712970	0.036462	0.024399	0.333826
	0.000000	1.000000	0.000000	0.000000	0.000000	-0.014502	0.822774	0.018744	0.005500	0.314209
	0.000000	1.000000	0.000000	0.000000	0.000000	0.089084	0.385275	0.170678	0.127657	0.200132
	0.000000	0.000000	1.000000	0.000000	0.000000	0.188562	0.079898	0.305459	0.242207	0.139629
	0.000000	0.000000	1.000000	0.000000	0.000000	0.203089	0.030060	0.322277	0.263658	0.124981
	0.000000	0.000000	1.000000	0.000000	0.000000	0.197464	0.096654	0.353208	0.270015	0.072264
	0.000000	0.000000	1.000000	0.000000	0.000000	0.140817	0.234155	0.254493	0.191458	0.139218
	0.000000	0.000000	1.000000	0.000000	0.000000	0.150349	0.237430	0.293943	0.212929	0.090685
	0.000000	0.000000	1.000000	0.000000	0.000000	0.169371	0.158694	0.302202	0.230681	0.097676
	0.000000	0.000000	1.000000	0.000000	0.000000	0.195497	0.039690	0.291310	0.246739	0.170492
	0.000000	0.000000	1.000000	0.000000	0.000000	0.165072	0.214800	0.330264	0.246780	0.050853
	0.000000	0.000000	1.000000	0.000000	0.000000	0.192388	0.075531	0.327825	0.259940	0.105100
	0.000000	0.000000	1.000000	0.000000	0.000000	0.188208	0.082299	0.297076	0.242360	0.149418
	0.000000	0.000000	1.000000	0.000000	0.000000	0.167343	0.158037	0.278667	0.218196	0.151542
	0.000000	0.000000	1.000000	0.000000	0.000000	0.216492	-0.007076	0.314107	0.267653	0.176322
	0.000000	0.000000	1.000000	0.000000	0.000000	0.196806	0.097142	0.361422	0.276038	0.052144
	0.000000	0.000000	1.000000	0.000000	0.000000	0.110089	0.273600	0.165269	0.138275	0.248181
	0.000000	0.000000	1.000000	0.000000	0.000000	0.193149	0.089651	0.328248	0.256635	0.106008
	0.000000	0.000000	1.000000	0.000000	0.000000	0.202633	0.062854	0.347237	0.271627	0.095826
	0.000000	0.000000	0.000000	1.000000	0.000000	0.194932	0.000745	0.245095	0.224836	0.255512
	0.000000	0.000000	0.000000	1.000000	0.000000	0.190466	-0.008290	0.207108	0.204811	0.341860
	0.000000	0.000000	0.000000	1.000000	0.000000	0.110702	0.210226	0.121223	0.121348	0.375684
	0.000000	0.000000	0.000000	1.000000	0.000000	0.137768	0.160708	0.159992	0.154767	0.324272
	0.000000	0.000000	0.000000	1.000000	0.000000	0.225393	-0.088740	0.241936	0.242849	0.348247
	0.000000	0.000000	0.000000	1.000000	0.000000	0.184496	-0.004073	0.190796	0.195021	0.365899
	0.000000	0.000000	0.000000	1.000000	0.000000	0.221712	-0.093113	0.220075	0.225897	0.406755
	0.000000	0.000000	0.000000	1.000000	0.000000	0.171278	0.055197	0.208031	0.195874	0.290879
	0.000000	0.000000	0.000000	1.000000	0.000000	0.179746	0.023908	0.213953	0.203140	0.309174
	0.000000	0.000000	0.000000	1.000000	0.000000	0.146015	0.097766	0.156066	0.157594	0.358738
	0.000000	0.000000	0.000000	1.000000	0.000000	0.201329	-0.012582	0.250720	0.233027	0.268698
	0.000000	0.000000	0.000000	1.000000	0.000000	0.190170	0.006438	0.225888	0.215299	0.286835
	0.000000	0.000000	0.000000	1.000000	0.000000	0.181378	0.018171	0.211921	0.203902	0.313942
	0.000000	0.000000	0.000000	1.000000	0.000000	0.216804	-0.022562	0.297963	0.266042	0.188622
	0.000000	0.000000	0.000000	1.000000	0.000000	0.216039	-0.039237	0.266696	0.243594	0.258870
	0.000000	0.000000	0.000000	0.000000	1.000000	0.095789	0.180642	0.030329	0.073158	0.635652
	0.000000	0.000000	0.000000	0.000000	1.000000	0.101925	0.163749	0.040465	0.079401	0.623298
	0.000000	0.000000	0.000000	0.000000	1.000000	0.070021	0.211009	-0.014807	0.037725	0.719145
	0.000000	0.000000	0.000000	0.000000	1.000000	0.074655	0.248675	0.009984	0.056065	0.635892
	0.000000	0.000000	0.000000	0.000000	1.000000	0.081178	0.243854	0.032560	0.067442	0.581376
	0.000000	0.000000	0.000000	0.000000	1.000000	0.113577	0.085944	0.021489	0.078067	0.710812
	0.000000	0.000000	0.000000	0.000000	1.000000	0.108998	0.147473	0.057425	0.092731	0.574842
	0.000000	0.000000	0.000000	0.000000	1.000000	0.066324	0.256425	-0.006745	0.040969	0.680810
	0.000000	0.000000	0.000000	0.000000	1.000000	0.151257	0.045844	0.105407	0.135863	0.541695
	0.000000	0.000000	0.000000	0.000000	1.000000	0.198339	-0.071205	0.139484	0.175970	0.560214
	0.000000	0.000000	0.000000	0.000000	1.000000	0.061250	0.275247	-0.009792	0.039598	0.663615
	0.000000	0.000000	0.000000	0.000000	1.000000	0.112663	0.111745	0.035445	0.085965	0.673467
	0.000000	0.000000	0.000000	0.000000	1.000000	0.054897	0.271513	-0.022115	0.029051	0.701554
	0.000000	0.000000	0.000000	0.000000	1.000000	0.089512	0.136368	-0.007969	0.052858	0.742840
	0.000000	0.000000	0.000000	0.000000	1.000000	0.057501	0.275146	-0.018032	0.030563	0.692274
	0.000000	0.000000	0.000000	0.000000	1.000000	0.136774	0.033336	0.055487	0.106308	0.650979
	0.000000	0.000000	0.000000	0.000000	1.000000	0.097249	0.166872	0.032326	0.075142	0.634532
	0.000000	0.000000	0.000000	0.000000	1.000000	0.080105	0.227942	0.028107	0.065637	0.590196
	0.000000	0.000000	0.000000	0.000000	1.000000	0.074787	0.212007	-0.002245	0.049293	0.685098
	0.000000	0.000000	0.000000	0.000000	1.000000	0.088862	0.237141	0.051467	0.082152	0.535753
	0.000000	0.000000	0.000000	0.000000	1.000000	0.071817	0.233093	-0.002881	0.047748	0.671085
	0.000000	0.000000	0.000000	0.000000	1.000000	0.059266	0.249484	-0.025712	0.029719	0.722286
	0.000000	0.000000	0.000000	0.000000	1.000000	0.116412	0.085728	0.034002	0.083136	0.683647
	0.000000	0.000000	0.000000	0.000000	1.000000	0.096361	0.171990	0.031199	0.074026	0.632834
	0.000000	0.000000	0.000000	0.000000	1.000000	0.064161	0.242706	-0.016861	0.035024	0.708290
	0.000000	0.000000	0.000000	0.000000	1.000000	0.097780	0.125951	0.019342	0.070417	0.678033
	0.000000	0.000000	0.000000	0.000000	1.000000	0.094020	0.131912	0.001977	0.056617	0.741243
	0.000000	0.000000	0.000000	0.000000	1.000000	0.120136	0.135046	0.075874	0.108416	0.543478
	0.000000	0.000000	0.000000	0.000000	1.000000	0.126466	0.051924	0.034723	0.092283	0.704138
	0.000000	0.000000	0.000000	0.000000	1.000000	0.069793	0.231282	-0.011569	0.042004	0.701075
	0.000000	0.000000	0.000000	0.000000	1.000000	0.092582	0.147066	0.004328	0.060258	0.708710
	0.000000	0.000000	0.000000	0.000000	1.000000	0.056147	0.285930	-0.012089	0.032357	0.667233
	0.000000	0.000000	0.000000	0.000000	1.000000	0.064868	0.250276	-0.022755	0.030180	0.732783
	0.000000	0.000000	0.000000	0.000000	1.000000	0.049963	0.246491	-0.045564	0.015135	0.771797
	0.000000	0.000000	0.000000	0.000000	1.000000	0.114875	0.109221	0.043886	0.089961	0.644324
	0.000000	0.000000	0.000000	0.000000	1.000000	0.051131	0.319768	-0.004737	0.034311	0.628326
	0.000000	0.000000	0.000000	0.000000	1.000000	0.071220	0.250663	-0.000750	0.047205	0.668935
	0.000000	0.000000	0.000000	0.000000	1.000000	0.051764	0.321673	-0.005103	0.035746	0.635096
	0.000000	0.000000	0.000000	0.000000	1.000000	0.053920	0.293542	-0.011727	0.032874	0.670217
	0.000000	0.000000	0.000000	0.000000	1.000000	0.075281	0.247692	0.022949	0.059197	0.605206
	0.000000	0.000000	0.000000	0.000000	1.000000	0.037660	0.326486	-0.049388	0.006231	0.743846
	0.000000	0.000000	0.000000	0.000000	1.000000	0.063218	0.279004	-0.001450	0.043194	0.647192
	0.000000	0.000000	0.000000	0.000000	1.000000	0.097494	0.114300	0.004110	0.062993	0.724203
	0.000000	0.000000	0.000000	0.000000	1.000000	0.096922	0.173353	0.036214	0.079553	0.610635
	0.000000	0.000000	0.000000	0.000000	1.000000	0.077248	0.202786	-0.006088	0.048550	0.704296
	0.000000	0.000000	0.000000	0.000000	1.000000	0.066186	0.247388	-0.010072	0.041365	0.690476
	0.000000	0.000000	0.000000	0.000000	1.000000	0.095543	0.125866	0.006285	0.060246	0.711089
	0.000000	0.000000	0.000000	0.000000	1.000000	0.079876	0.201672	0.010139	0.056611	0.656931
	0.000000	0.000000	0.000000	0.000000	1.000000	0.056677	0.273398	-0.026565	0.025071	0.713906
	0.000000	0.000000	0.000000	0.000000	1.000000	0.096790	0.131741	0.011127	0.064717	0.699469
	0.000000	0.000000	0.000000	0.000000	1.000000	0.104004	0.111025	0.016674	0.070445	0.702239
	0.000000	0.000000	0.000000	0.000000	1.000000	0.058259	0.231523	-0.032050	0.025020	0.750019
	0.000000	0.000000	0.000000	0.000000	1.000000	0.050674	0.334186	-0.007676	0.031851	0.638580
	0.000000	0.000000	0.000000	0.000000	1.000000	0.050409	0.278277	-0.031028	0.020864	0.718764
	0.000000	0.000000	0.000000	0.000000	1.000000	0.178258	-0.021780	0.156039	0.173252	0.457701
	0.000000	0.000000	0.000000	0.000000	1.000000	0.091860	0.164113	0.019708	0.066503	0.656120
	0.000000	0.000000	0.000000	0.000000	1.000000	0.072022	0.255960	0.004423	0.050795	0.654259
	0.000000	0.000000	0.000000	0.000000	1.000000	0.099061	0.148238	0.028814	0.074622	0.650141
	0.000000	0.000000	0.000000	0.000000	1.000000	0.126675	0.059402	0.046477	0.095650	0.675866
	0.000000	0.000000	0.000000	0.000000	1.000000	0.103368	0.114639	0.015042	0.068963	0.707531
	0.000000	0.000000	0.000000	0.000000	1.000000	0.091267	0.176644	0.021105	0.067165	0.653774
