	1.000000	0.000000	0.000000	0.000000	0.000000	0.114242	0.174182	0.093305	0.120948	0.468989
	1.000000	0.000000	0.000000	0.000000	0.000000	0.117748	0.152935	0.093317	0.120293	0.477693
	1.000000	0.000000	0.000000	0.000000	0.000000	0.128139	0.103236	0.105578	0.132371	0.439910
	1.000000	0.000000	0.000000	0.000000	0.000000	0.122529	0.145486	0.099473	0.125983	0.470096
	1.000000	0.000000	0.000000	0.000000	0.000000	0.115657	0.163782	0.088813	0.118192	0.484018
	1.000000	0.000000	0.000000	0.000000	0.000000	0.118691	0.149319	0.095002	0.121067	0.478038
	1.000000	0.000000	0.000000	0.000000	0.000000	0.115324	0.156472	0.092424	0.118417	0.482424
	1.000000	0.000000	0.000000	0.000000	0.000000	0.122492	0.127934	0.097728	0.124333	0.468600
	1.000000	0.000000	0.000000	0.000000	0.000000	0.110540	0.159047	0.083574	0.114046	0.487474
	1.000000	0.000000	0.000000	0.000000	0.000000	0.130436	0.096390	0.106094	0.136156	0.448341
	1.000000	0.000000	0.000000	0.000000	0.000000	0.116526	0.162256	0.087112	0.119542	0.478735
	1.000000	0.000000	0.000000	0.000000	0.000000	0.126871	0.103424	0.102574	0.133818	0.454616
	1.000000	0.000000	0.000000	0.000000	0.000000	0.118009	0.151573	0.092035	0.121699	0.475001
	1.000000	0.000000	0.000000	0.000000	0.000000	0.096247	0.250037	0.082650	0.108275	0.477606
	0.000000	1.000000	0.000000	0.000000	0.000000	0.068538	0.372676	0.062838	0.087480	0.487887
	0.000000	1.000000	0.000000	0.000000	0.000000	0.073763	0.365602	0.065716	0.092232	0.485493
	0.000000	1.000000	0.000000	0.000000	0.000000	0.065565	0.303021	0.054558	0.079446	0.493825
	0.000000	1.000000	0.000000	0.000000	0.000000	0.078080	0.348197	0.065930	0.093165	0.494359
	0.000000	1.000000	0.000000	0.000000	0.000000	0.077512	0.382026	0.071613	0.095478	0.483836
	0.000000	1.000000	0.000000	0.000000	0.000000	0.073197	0.357033	0.062756	0.090050	0.488490
	0.000000	1.000000	0.000000	0.000000	0.000000	0.070274	0.353983	0.057822	0.084775	0.503020
	0.000000	1.000000	0.000000	0.000000	0.000000	0.080601	0.336421	0.069311	0.097071	0.480625
	0.000000	1.000000	0.000000	0.000000	0.000000	0.075719	0.389143	0.074038	0.095911	0.468085
	0.000000	1.000000	0.000000	0.000000	0.000000	0.075077	0.367403	0.067448	0.092046	0.482171
	0.000000	1.000000	0.000000	0.000000	0.000000	0.086209	0.307468	0.078360	0.102756	0.474961
	0.000000	1.000000	0.000000	0.000000	0.000000	0.064998	0.400076	0.053306	0.079448	0.496700
	0.000000	1.000000	0.000000	0.000000	0.000000	0.083210	0.295895	0.070140	0.091321	0.487450
	0.000000	1.000000	0.000000	0.000000	0.000000	0.067431	0.383225	0.057210	0.084168	0.491949
	0.000000	1.000000	0.000000	0.000000	0.000000	0.069562	0.375810	0.057544	0.087747	0.495989
	0.000000	1.000000	0.000000	0.000000	0.000000	0.068971	0.399433	0.064384	0.087221	0.484193
	0.000000	1.000000	0.000000	0.000000	0.000000	0.073088	0.349091	0.059612	0.089528	0.498479
	0.000000	1.000000	0.000000	0.000000	0.000000	0.067288	0.364210	0.050968	0.082254	0.506788
	0.000000	1.000000	0.000000	0.000000	0.000000	0.087907	0.340608	0.087215	0.109035	0.454717
	0.000000	1.000000	0.000000	0.000000	0.000000	0.065285	0.371019	0.048504	0.079846	0.509380
	0.000000	1.000000	0.000000	0.000000	0.000000	0.081196	0.389617	0.084594	0.103578	0.456570
	0.000000	1.000000	0.000000	0.000000	0.000000	0.077065	0.340264	0.060188	0.088266	0.505172
	0.000000	1.000000	0.000000	0.000000	0.000000	0.077714	0.336591	0.063506	0.091249	0.503102
	0.000000	1.000000	0.000000	0.000000	0.000000	0.076913	0.363848	0.075985	0.097765	0.477237
	0.000000	1.000000	0.000000	0.000000	0.000000	0.068222	0.427172	0.059577	0.087014	0.490004
	0.000000	1.000000	0.000000	0.000000	0.000000	0.069758	0.339365	0.057266	0.080801	0.503538
	0.000000	1.000000	0.000000	0.000000	0.000000	0.077322	0.378706	0.078634	0.100370	0.464894
	0.000000	1.000000	0.000000	0.000000	0.000000	0.082035	0.304422	0.074747	0.099901	0.465561
	0.000000	1.000000	0.000000	0.000000	0.000000	0.090230	0.276203	0.077291	0.102292	0.479072
	0.000000	1.000000	0.000000	0.000000	0.000000	0.076321	0.346426	0.068665	0.094037	0.480735
	0.000000	1.000000	0.000000	0.000000	0.000000	0.077811	0.374224	0.078808	0.098550	0.468732
	0.000000	1.000000	0.000000	0.000000	0.000000	0.066803	0.383464	0.047306	0.079974	0.512424
	0.000000	1.000000	0.000000	0.000000	0.000000	0.069613	0.431686	0.066803	0.090403	0.471554
	0.000000	1.000000	0.000000	0.000000	0.000000	0.079126	0.358943	0.079876	0.103105	0.469345
	0.000000	1.000000	0.000000	0.000000	0.000000	0.103315	0.201614	0.097162	0.122429	0.448120
	0.000000	1.000000	0.000000	0.000000	0.000000	0.077883	0.332771	0.062384	0.091908	0.496365
	0.000000	1.000000	0.000000	0.000000	0.000000	0.081191	0.350954	0.072354	0.095641	0.474666
	0.000000	1.000000	0.000000	0.000000	0.000000	0.071887	0.394147	0.067229	0.092610	0.476399
	0.000000	1.000000	0.000000	0.000000	0.000000	0.064670	0.413817	0.050966	0.080788	0.494096
	0.000000	0.000000	1.000000	0.000000	0.000000	0.116959	0.213440	0.128973	0.138365	0.397230
	0.000000	0.000000	1.000000	0.000000	0.000000	0.114011	0.218517	0.128046	0.142407	0.393187
	0.000000	0.000000	1.000000	0.000000	0.000000	0.123699	0.181496	0.132508	0.146571	0.385573
	0.000000	0.000000	1.000000	0.000000	0.000000	0.113324	0.204584	0.118669	0.134864	0.405190
	0.000000	0.000000	1.000000	0.000000	0.000000	0.126386	0.186930	0.141744	0.151759	0.379791
	0.000000	0.000000	1.000000	0.000000	0.000000	0.112647	0.201744	0.117261	0.133812	0.417647
	0.000000	0.000000	1.000000	0.000000	0.000000	0.127298	0.175568	0.133631	0.148115	0.391649
	0.000000	0.000000	1.000000	0.000000	0.000000	0.131034	0.149338	0.135984	0.151532	0.394257
	0.000000	0.000000	1.000000	0.000000	0.000000	0.124134	0.177863	0.131899	0.142850	0.386624
	0.000000	0.000000	1.000000	0.000000	0.000000	0.118313	0.190578	0.123023	0.139845	0.407209
	0.000000	0.000000	1.000000	0.000000	0.000000	0.116196	0.195004	0.119412	0.138145	0.399901
	0.000000	0.000000	1.000000	0.000000	0.000000	0.128257	0.171985	0.139046	0.153274	0.379276
	0.000000	0.000000	1.000000	0.000000	0.000000	0.130315	0.150942	0.135889	0.151313	0.400044
	0.000000	0.000000	0.000000	1.000000	0.000000	0.101731	0.209104	0.091176	0.118590	0.460873
	0.000000	0.000000	0.000000	1.000000	0.000000	0.113593	0.153063	0.101706	0.127542	0.447868
	0.000000	0.000000	0.000000	1.000000	0.000000	0.104552	0.233855	0.087582	0.116238	0.474149
	0.000000	0.000000	0.000000	1.000000	0.000000	0.100160	0.232369	0.082921	0.109848	0.472253
	0.000000	0.000000	0.000000	1.000000	0.000000	0.119035	0.149807	0.103867	0.127552	0.438801
	0.000000	0.000000	0.000000	1.000000	0.000000	0.125602	0.128186	0.112094	0.135358	0.445695
	0.000000	0.000000	0.000000	1.000000	0.000000	0.121469	0.147492	0.109451	0.137299	0.432727
	0.000000	0.000000	0.000000	1.000000	0.000000	0.094487	0.256855	0.076683	0.105065	0.478777
	0.000000	0.000000	0.000000	1.000000	0.000000	0.124929	0.140874	0.112673	0.134938	0.429509
	0.000000	0.000000	0.000000	1.000000	0.000000	0.112930	0.159307	0.095004	0.116517	0.457595
	0.000000	0.000000	0.000000	1.000000	0.000000	0.115167	0.175040	0.100809	0.128960	0.432478
	0.000000	0.000000	0.000000	1.000000	0.000000	0.106932	0.182597	0.092343	0.122084	0.441019
	0.000000	0.000000	0.000000	1.000000	0.000000	0.104096	0.193265	0.090186	0.119470	0.455520
	0.000000	0.000000	0.000000	1.000000	0.000000	0.118068	0.172248	0.111102	0.134082	0.427886
	0.000000	0.000000	0.000000	1.000000	0.000000	0.103484	0.212430	0.090438	0.118214	0.452750
	0.000000	0.000000	0.000000	1.000000	0.000000	0.108792	0.190192	0.096191	0.124710	0.441862
	0.000000	0.000000	0.000000	0.000000	1.000000	0.089487	0.246645	0.064164	0.093030	0.520560
	0.000000	0.000000	0.000000	0.000000	1.000000	0.091622	0.236951	0.065418	0.096424	0.517320
	0.000000	0.000000	0.000000	0.000000	1.000000	0.094838	0.231599	0.074221	0.100112	0.501878
	0.000000	0.000000	0.000000	0.000000	1.000000	0.103678	0.175819	0.071880	0.102775	0.510850
	0.000000	0.000000	0.000000	0.000000	1.000000	0.097607	0.217677	0.068247	0.100350	0.508215
	0.000000	0.000000	0.000000	0.000000	1.000000	0.084161	0.260449	0.060976	0.091708	0.517632
	0.000000	0.000000	0.000000	0.000000	1.000000	0.085602	0.245497	0.056072	0.087613	0.543024
	0.000000	0.000000	0.000000	0.000000	1.000000	0.093207	0.214577	0.061786	0.092196	0.523667
	0.000000	0.000000	0.000000	0.000000	1.000000	0.076839	0.257165	0.043131	0.078026	0.555322
	0.000000	0.000000	0.000000	0.000000	1.000000	0.072493	0.291178	0.044402	0.077961	0.540975
	0.000000	0.000000	0.000000	0.000000	1.000000	0.077508	0.276702	0.050878	0.083361	0.531033
	0.000000	0.000000	0.000000	0.000000	1.000000	0.074501	0.278781	0.045157	0.077985	0.547933
	0.000000	0.000000	0.000000	0.000000	1.000000	0.078499	0.284296	0.047566	0.084382	0.544133
	0.000000	0.000000	0.000000	0.000000	1.000000	0.079569	0.263607	0.049871	0.082468	0.545190
	0.000000	0.000000	0.000000	0.000000	1.000000	0.083596	0.263593	0.054382	0.090797	0.529407
	0.000000	0.000000	0.000000	0.000000	1.000000	0.086970	0.252917	0.057037	0.092734	0.520542
	0.000000	0.000000	0.000000	0.000000	1.000000	0.080343	0.278990	0.053209	0.086917	0.532374
	0.000000	0.000000	0.000000	0.000000	1.000000	0.095032	0.228926	0.068324	0.098826	0.507883
	0.000000	0.000000	0.000000	0.000000	1.000000	0.094804	0.227805	0.068265	0.097977	0.508408
	0.000000	0.000000	0.000000	0.000000	1.000000	0.085182	0.257043	0.061515	0.093589	0.512126
	0.000000	0.000000	0.000000	0.000000	1.000000	0.087208	0.260710	0.058622	0.090647	0.529522
	0.000000	0.000000	0.000000	0.000000	1.000000	0.099410	0.221488	0.070411	0.102649	0.519238
	0.000000	0.000000	0.000000	0.000000	1.000000	0.076905	0.286877	0.047648	0.080861	0.545152
	0.000000	0.000000	0.000000	0.000000	1.000000	0.090736	0.243525	0.064150	0.094565	0.521391
	0.000000	0.000000	0.000000	0.000000	1.000000	0.084842	0.251557	0.056775	0.091068	0.533060
	0.000000	0.000000	0.000000	0.000000	1.000000	0.085981	0.246128	0.057071	0.091240	0.532434
	0.000000	0.000000	0.000000	0.000000	1.000000	0.086154	0.235255	0.055798	0.083201	0.531183
	0.000000	0.000000	0.000000	0.000000	1.000000	0.074733	0.297992	0.050521	0.083574	0.526275
	0.000000	0.000000	0.000000	0.000000	1.000000	0.100252	0.188015	0.072759	0.100338	0.508041
	0.000000	0.000000	0.000000	0.000000	1.000000	0.107537	0.160279	0.080590	0.116015	0.497419
	0.000000	0.000000	0.000000	0.000000	1.000000	0.089040	0.247975	0.061908	0.094135	0.522608
	0.000000	0.000000	0.000000	0.000000	1.000000	0.088349	0.224061	0.054429	0.089300	0.540829
	0.000000	0.000000	0.000000	0.000000	1.000000	0.073780	0.270553	0.041942	0.074442	0.556440
	0.000000	0.000000	0.000000	0.000000	1.000000	0.078898	0.278841	0.051953	0.084989	0.532173
	0.000000	0.000000	0.000000	0.000000	1.000000	0.100571	0.222039	0.077632	0.107851	0.495705
	0.000000	0.000000	0.000000	0.000000	1.000000	0.084703	0.283264	0.063835	0.092503	0.514865
	0.000000	0.000000	0.000000	0.000000	1.000000	0.084981	0.242296	0.055547	0.087961	0.535088
	0.000000	0.000000	0.000000	0.000000	1.000000	0.073779	0.256818	0.041227	0.076867	0.557437
	0.000000	0.000000	0.000000	0.000000	1.000000	0.081450	0.253182	0.045882	0.082128	0.537542
	0.000000	0.000000	0.000000	0.000000	1.000000	0.083804	0.239407	0.050966	0.086419	0.546261
	0.000000	0.000000	0.000000	0.000000	1.000000	0.076888	0.302380	0.054960	0.086447	0.515818
	0.000000	0.000000	0.000000	0.000000	1.000000	0.081721	0.292103	0.059520	0.092607	0.513563
	0.000000	0.000000	0.000000	0.000000	1.000000	0.081286	0.249944	0.049613	0.083044	0.542871
	0.000000	0.000000	0.000000	0.000000	1.000000	0.081826	0.261535	0.054601	0.085370	0.538639
	0.000000	0.000000	0.000000	0.000000	1.000000	0.081582	0.278735	0.051835	0.086981	0.536494
	0.000000	0.000000	0.000000	0.000000	1.000000	0.088125	0.250895	0.065764	0.095478	0.510047
	0.000000	0.000000	0.000000	0.000000	1.000000	0.078028	0.277288	0.052794	0.084631	0.531365
	0.000000	0.000000	0.000000	0.000000	1.000000	0.094216	0.213758	0.068078	0.100883	0.504153
	0.000000	0.000000	0.000000	0.000000	1.000000	0.087011	0.287115	0.066166	0.097482	0.505007
	0.000000	0.000000	0.000000	0.000000	1.000000	0.074767	0.293562	0.051269	0.083041	0.528921
	0.000000	0.000000	0.000000	0.000000	1.000000	0.077217	0.285478	0.052451	0.084818	0.526002
	0.000000	0.000000	0.000000	0.000000	1.000000	0.111960	0.197447	0.089590	0.115521	0.484804
	0.000000	0.000000	0.000000	0.000000	1.000000	0.111962	0.156362	0.089867	0.119505	0.465519
	0.000000	0.000000	0.000000	0.000000	1.000000	0.110660	0.161979	0.090186	0.118586	0.462249
	0.000000	0.000000	0.000000	0.000000	1.000000	0.089016	0.268511	0.067174	0.100557	0.506615
	0.000000	0.000000	0.000000	0.000000	1.000000	0.113468	0.142995	0.096859	0.125722	0.455147
	0.000000	0.000000	0.000000	0.000000	1.000000	0.101205	0.216933	0.079640	0.104484	0.516881
	0.000000	0.000000	0.000000	0.000000	1.000000	0.081255	0.265019	0.050575	0.085649	0.547132
	0.000000	0.000000	0.000000	0.000000	1.000000	0.109297	0.149466	0.089158	0.115456	0.464056
	0.000000	0.000000	0.000000	0.000000	1.000000	0.087730	0.241200	0.056701	0.091336	0.532369
	0.000000	0.000000	0.000000	0.000000	1.000000	0.098817	0.203941	0.072273	0.103015	0.506533
	0.000000	0.000000	0.000000	0.000000	1.000000	0.071870	0.300430	0.045725	0.079148	0.539989
	0.000000	0.000000	0.000000	0.000000	1.000000	0.094437	0.207496	0.063816	0.094068	0.527211
	0.000000	0.000000	0.000000	0.000000	1.000000	0.097646	0.198636	0.067340	0.096603	0.523127
	0.000000	0.000000	0.000000	0.000000	1.000000	0.109206	0.175760	0.091021	0.118271	0.456411
	1.000000	0.000000	0.000000	0.000000	0.000000	0.110627	0.178756	0.083820	0.113285	0.492117
	1.000000	0.000000	0.000000	0.000000	0.000000	0.113605	0.133939	0.090194	0.122183	0.473006
	1.000000	0.000000	0.000000	0.000000	0.000000	0.104033	0.193046	0.078914	0.108240	0.497832
	1.000000	0.000000	0.000000	0.000000	0.000000	0.110317	0.163175	0.083514	0.113201	0.487897
	1.000000	0.000000	0.000000	0.000000	0.000000	0.114301	0.158940	0.089333	0.119735	0.478741
	1.000000	0.000000	0.000000	0.000000	0.000000	0.112051	0.169147	0.083122	0.112032	0.492716
	1.000000	0.000000	0.000000	0.000000	0.000000	0.117668	0.158487	0.093635	0.120697	0.479602
	1.000000	0.000000	0.000000	0.000000	0.000000	0.120561	0.145993	0.097700	0.123855	0.470083
	1.000000	0.000000	0.000000	0.000000	0.000000	0.114814	0.159190	0.088638	0.116506	0.477559
	1.000000	0.000000	0.000000	0.000000	0.000000	0.099069	0.206280	0.068983	0.103067	0.511466
	1.000000	0.000000	0.000000	0.000000	0.000000	0.094636	0.260555	0.083845	0.110324	0.467435
	1.000000	0.000000	0.000000	0.000000	0.000000	0.108633	0.170916	0.081607	0.110702	0.501965
	1.000000	0.000000	0.000000	0.000000	0.000000	0.107776	0.164436	0.078501	0.105965	0.498581
	1.000000	0.000000	0.000000	0.000000	0.000000	0.109698	0.197016	0.091239	0.113964	0.476528
	1.000000	0.000000	0.000000	0.000000	0.000000	0.118209	0.130790	0.098685	0.128195	0.463798
	1.000000	0.000000	0.000000	0.000000	0.000000	0.134647	0.093034	0.116028	0.143781	0.440206
	0.000000	1.000000	0.000000	0.000000	0.000000	0.082064	0.367443	0.082921	0.105061	0.459280
	0.000000	1.000000	0.000000	0.000000	0.000000	0.063619	0.363431	0.043438	0.073956	0.522929
	0.000000	1.000000	0.000000	0.000000	0.000000	0.091426	0.316282	0.096421	0.114265	0.442515
	0.000000	1.000000	0.000000	0.000000	0.000000	0.074784	0.376004	0.075173	0.095435	0.470354
	0.000000	1.000000	0.000000	0.000000	0.000000	0.062601	0.363424	0.044864	0.074953	0.513879
	0.000000	1.000000	0.000000	0.000000	0.000000	0.082079	0.329294	0.077155	0.099179	0.478052
	0.000000	1.000000	0.000000	0.000000	0.000000	0.072225	0.326792	0.056171	0.085825	0.510347
	0.000000	1.000000	0.000000	0.000000	0.000000	0.067682	0.294035	0.048438	0.080271	0.521207
	0.000000	1.000000	0.000000	0.000000	0.000000	0.076760	0.354951	0.063437	0.090931	0.491508
	0.000000	1.000000	0.000000	0.000000	0.000000	0.064651	0.401121	0.051521	0.081811	0.498470
	0.000000	1.000000	0.000000	0.000000	0.000000	0.075613	0.402542	0.075783	0.097621	0.470755
	0.000000	1.000000	0.000000	0.000000	0.000000	0.069510	0.354825	0.049538	0.079220	0.515264
	0.000000	1.000000	0.000000	0.000000	0.000000	0.069583	0.374734	0.055368	0.084601	0.499808
	0.000000	1.000000	0.000000	0.000000	0.000000	0.073340	0.353789	0.057470	0.088205	0.499212
	0.000000	1.000000	0.000000	0.000000	0.000000	0.086103	0.281693	0.072864	0.097132	0.469321
	0.000000	1.000000	0.000000	0.000000	0.000000	0.103128	0.211176	0.102274	0.126152	0.432290
	0.000000	1.000000	0.000000	0.000000	0.000000	0.074324	0.385472	0.065415	0.093279	0.485740
	0.000000	1.000000	0.000000	0.000000	0.000000	0.064158	0.318882	0.054256	0.079168	0.494028
	0.000000	1.000000	0.000000	0.000000	0.000000	0.071815	0.396536	0.070688	0.091588	0.475309
	0.000000	1.000000	0.000000	0.000000	0.000000	0.083543	0.315494	0.070501	0.099075	0.484942
	0.000000	1.000000	0.000000	0.000000	0.000000	0.066866	0.394091	0.055403	0.083217	0.495760
	0.000000	1.000000	0.000000	0.000000	0.000000	0.070947	0.368954	0.057405	0.088057	0.498957
	0.000000	1.000000	0.000000	0.000000	0.000000	0.067360	0.309552	0.057201	0.079158	0.493225
	0.000000	1.000000	0.000000	0.000000	0.000000	0.081277	0.336322	0.070671	0.095250	0.486948
	0.000000	1.000000	0.000000	0.000000	0.000000	0.073283	0.398411	0.070002	0.091899	0.475941
	0.000000	1.000000	0.000000	0.000000	0.000000	0.070677	0.364647	0.055413	0.083784	0.513742
	0.000000	1.000000	0.000000	0.000000	0.000000	0.060638	0.323640	0.048062	0.075121	0.504476
	0.000000	1.000000	0.000000	0.000000	0.000000	0.078769	0.351804	0.068489	0.093307	0.490509
	0.000000	1.000000	0.000000	0.000000	0.000000	0.067487	0.391101	0.053098	0.082411	0.501324
	0.000000	1.000000	0.000000	0.000000	0.000000	0.078916	0.332878	0.067498	0.093167	0.492934
	0.000000	1.000000	0.000000	0.000000	0.000000	0.076075	0.331070	0.064159	0.093332	0.483119
	0.000000	1.000000	0.000000	0.000000	0.000000	0.080189	0.342775	0.072980	0.099043	0.477493
	0.000000	1.000000	0.000000	0.000000	0.000000	0.071563	0.375093	0.064399	0.090358	0.482340
	0.000000	1.000000	0.000000	0.000000	0.000000	0.067813	0.406536	0.059110	0.086369	0.480293
	0.000000	1.000000	0.000000	0.000000	0.000000	0.091059	0.272912	0.091278	0.110979	0.441239
	0.000000	0.000000	1.000000	0.000000	0.000000	0.120641	0.180065	0.126075	0.138753	0.404052
	0.000000	0.000000	1.000000	0.000000	0.000000	0.121977	0.156874	0.123261	0.143395	0.398903
	0.000000	0.000000	1.000000	0.000000	0.000000	0.128840	0.173397	0.141177	0.152353	0.388055
	0.000000	0.000000	1.000000	0.000000	0.000000	0.105610	0.238436	0.111551	0.125881	0.419441
	0.000000	0.000000	1.000000	0.000000	0.000000	0.110527	0.234492	0.123908	0.133817	0.404753
	0.000000	0.000000	1.000000	0.000000	0.000000	0.115141	0.203047	0.121055	0.135922	0.398781
	0.000000	0.000000	1.000000	0.000000	0.000000	0.120846	0.163992	0.119680	0.141972	0.408276
	0.000000	0.000000	1.000000	0.000000	0.000000	0.116854	0.213888	0.126966	0.147612	0.399467
	0.000000	0.000000	1.000000	0.000000	0.000000	0.120287	0.177111	0.127591	0.146235	0.400086
	0.000000	0.000000	1.000000	0.000000	0.000000	0.121515	0.186067	0.125625	0.143642	0.407147
	0.000000	0.000000	1.000000	0.000000	0.000000	0.117163	0.208998	0.122408	0.135601	0.415778
	0.000000	0.000000	1.000000	0.000000	0.000000	0.129302	0.150518	0.130201	0.149306	0.405318
	0.000000	0.000000	1.000000	0.000000	0.000000	0.126035	0.170831	0.138342	0.153164	0.379401
	0.000000	0.000000	1.000000	0.000000	0.000000	0.094959	0.253332	0.088464	0.111064	0.441019
	0.000000	0.000000	1.000000	0.000000	0.000000	0.124567	0.179238	0.132020	0.145390	0.397044
	0.000000	0.000000	1.000000	0.000000	0.000000	0.126395	0.167360	0.138878	0.151744	0.389545
	0.000000	0.000000	0.000000	1.000000	0.000000	0.117021	0.155045	0.105638	0.130532	0.426576
	0.000000	0.000000	0.000000	1.000000	0.000000	0.115522	0.159575	0.098996	0.125337	0.442772
	0.000000	0.000000	0.000000	1.000000	0.000000	0.092309	0.242732	0.079318	0.104863	0.468874
	0.000000	0.000000	0.000000	1.000000	0.000000	0.103875	0.222798	0.087676	0.115316	0.457669
	0.000000	0.000000	0.000000	1.000000	0.000000	0.124500	0.126983	0.107182	0.137143	0.439797
	0.000000	0.000000	0.000000	1.000000	0.000000	0.113517	0.159223	0.094326	0.122549	0.449357
	0.000000	0.000000	0.000000	1.000000	0.000000	0.123925	0.126285	0.110256	0.132666	0.449232
	0.000000	0.000000	0.000000	1.000000	0.000000	0.108956	0.189672	0.096756	0.124051	0.442179
	0.000000	0.000000	0.000000	1.000000	0.000000	0.111321	0.177143	0.101358	0.127335	0.447320
	0.000000	0.000000	0.000000	1.000000	0.000000	0.099941	0.210787	0.083701	0.111594	0.456218
	0.000000	0.000000	0.000000	1.000000	0.000000	0.118871	0.161176	0.109485	0.135946	0.429751
	0.000000	0.000000	0.000000	1.000000	0.000000	0.115167	0.165250	0.099484	0.128223	0.436501
	0.000000	0.000000	0.000000	1.000000	0.000000	0.112147	0.172549	0.099856	0.127510	0.449021
	0.000000	0.000000	0.000000	1.000000	0.000000	0.125498	0.144781	0.117208	0.146539	0.407295
	0.000000	0.000000	0.000000	1.000000	0.000000	0.126504	0.136882	0.115685	0.135862	0.419022
	0.000000	0.000000	0.000000	0.000000	1.000000	0.092037	0.243567	0.066460	0.095982	0.519247
	0.000000	0.000000	0.000000	0.000000	1.000000	0.092876	0.240275	0.069692	0.095963	0.514249
	0.000000	0.000000	0.000000	0.000000	1.000000	0.079788	0.261330	0.050966	0.081440	0.543133
	0.000000	0.000000	0.000000	0.000000	1.000000	0.085375	0.263878	0.056515	0.093093	0.524478
	0.000000	0.000000	0.000000	0.000000	1.000000	0.086296	0.261859	0.063242	0.094314	0.512260
	0.000000	0.000000	0.000000	0.000000	1.000000	0.094633	0.213222	0.062675	0.093963	0.531648
	0.000000	0.000000	0.000000	0.000000	1.000000	0.092303	0.233919	0.068748	0.098443	0.507043
	0.000000	0.000000	0.000000	0.000000	1.000000	0.081907	0.270233	0.054849	0.086526	0.536610
	0.000000	0.000000	0.000000	0.000000	1.000000	0.107311	0.188100	0.083749	0.110573	0.490253
	0.000000	0.000000	0.000000	0.000000	1.000000	0.118046	0.142276	0.088682	0.116728	0.492091
	0.000000	0.000000	0.000000	0.000000	1.000000	0.079423	0.273532	0.048949	0.086401	0.534537
	0.000000	0.000000	0.000000	0.000000	1.000000	0.095679	0.225020	0.067903	0.099552	0.522521
	0.000000	0.000000	0.000000	0.000000	1.000000	0.075161	0.276054	0.046270	0.081028	0.541684
	0.000000	0.000000	0.000000	0.000000	1.000000	0.084983	0.237205	0.051118	0.085649	0.546574
	0.000000	0.000000	0.000000	0.000000	1.000000	0.077063	0.281743	0.049419	0.081282	0.539944
	0.000000	0.000000	0.000000	0.000000	1.000000	0.097396	0.193891	0.064567	0.097062	0.521779
	0.000000	0.000000	0.000000	0.000000	1.000000	0.090001	0.241549	0.064756	0.094791	0.520544
	0.000000	0.000000	0.000000	0.000000	1.000000	0.083334	0.254472	0.058294	0.091168	0.515050
	0.000000	0.000000	0.000000	0.000000	1.000000	0.082639	0.251863	0.051960	0.087339	0.536282
	0.000000	0.000000	0.000000	0.000000	1.000000	0.088122	0.259268	0.064978	0.098598	0.505730
	0.000000	0.000000	0.000000	0.000000	1.000000	0.082163	0.262141	0.051423	0.087963	0.536138
	0.000000	0.000000	0.000000	0.000000	1.000000	0.077356	0.269103	0.045455	0.081552	0.547152
	0.000000	0.000000	0.000000	0.000000	1.000000	0.095323	0.210328	0.068297	0.094609	0.525414
	0.000000	0.000000	0.000000	0.000000	1.000000	0.090373	0.242137	0.064733	0.094901	0.520455
	0.000000	0.000000	0.000000	0.000000	1.000000	0.080371	0.263566	0.050773	0.083338	0.541296
	0.000000	0.000000	0.000000	0.000000	1.000000	0.085519	0.229928	0.057090	0.090528	0.532095
	0.000000	0.000000	0.000000	0.000000	1.000000	0.088297	0.237572	0.061979	0.088186	0.545225
	0.000000	0.000000	0.000000	0.000000	1.000000	0.097666	0.226935	0.072597	0.103999	0.501476
	0.000000	0.000000	0.000000	0.000000	1.000000	0.097993	0.198760	0.064373	0.098298	0.532717
	0.000000	0.000000	0.000000	0.000000	1.000000	0.082614	0.262831	0.051347	0.086698	0.539457
	0.000000	0.000000	0.000000	0.000000	1.000000	0.087243	0.240556	0.055755	0.089190	0.537283
	0.000000	0.000000	0.000000	0.000000	1.000000	0.075534	0.282565	0.049789	0.080801	0.533926
	0.000000	0.000000	0.000000	0.000000	1.000000	0.084352	0.275888	0.055070	0.083430	0.546256
	0.000000	0.000000	0.000000	0.000000	1.000000	0.070723	0.276005	0.037290	0.073641	0.561423
	0.000000	0.000000	0.000000	0.000000	1.000000	0.095199	0.221517	0.067950	0.098551	0.518764
	0.000000	0.000000	0.000000	0.000000	1.000000	0.073836	0.289229	0.050753	0.082553	0.527564
	0.000000	0.000000	0.000000	0.000000	1.000000	0.085317	0.264865	0.056592	0.089992	0.531530
	0.000000	0.000000	0.000000	0.000000	1.000000	0.075576	0.287575	0.052015	0.085372	0.528427
	0.000000	0.000000	0.000000	0.000000	1.000000	0.075410	0.281386	0.051097	0.083155	0.536141
	0.000000	0.000000	0.000000	0.000000	1.000000	0.083059	0.263937	0.061037	0.090700	0.517965
	0.000000	0.000000	0.000000	0.000000	1.000000	0.071344	0.296388	0.038871	0.073568	0.552235
	0.000000	0.000000	0.000000	0.000000	1.000000	0.081912	0.270018	0.054880	0.088425	0.524920
	0.000000	0.000000	0.000000	0.000000	1.000000	0.085556	0.230103	0.052343	0.086948	0.543399
	0.000000	0.000000	0.000000	0.000000	1.000000	0.090144	0.237391	0.062544	0.097353	0.514823
	0.000000	0.000000	0.000000	0.000000	1.000000	0.085160	0.250656	0.053268	0.088369	0.537597
	0.000000	0.000000	0.000000	0.000000	1.000000	0.081222	0.265791	0.051635	0.087222	0.536917
	0.000000	0.000000	0.000000	0.000000	1.000000	0.086623	0.226198	0.055529	0.085198	0.535273
	0.000000	0.000000	0.000000	0.000000	1.000000	0.083353	0.249293	0.056326	0.088811	0.525839
	0.000000	0.000000	0.000000	0.000000	1.000000	0.079889	0.272447	0.049535	0.079752	0.535789
	0.000000	0.000000	0.000000	0.000000	1.000000	0.087754	0.232335	0.056847	0.088754	0.534935
	0.000000	0.000000	0.000000	0.000000	1.000000	0.091255	0.218133	0.060824	0.091320	0.532680
	0.000000	0.000000	0.000000	0.000000	1.000000	0.074958	0.267244	0.043783	0.077604	0.553939
	0.000000	0.000000	0.000000	0.000000	1.000000	0.074596	0.308686	0.052229	0.082885	0.530578
	0.000000	0.000000	0.000000	0.000000	1.000000	0.072462	0.285154	0.043142	0.076149	0.547837
	0.000000	0.000000	0.000000	0.000000	1.000000	0.109774	0.157772	0.091037	0.116300	0.462562
	0.000000	0.000000	0.000000	0.000000	1.000000	0.086800	0.239060	0.059308	0.090505	0.523999
	0.000000	0.000000	0.000000	0.000000	1.000000	0.085921	0.265836	0.058231	0.092117	0.527956
	0.000000	0.000000	0.000000	0.000000	1.000000	0.088995	0.239387	0.063257	0.094204	0.523882
	0.000000	0.000000	0.000000	0.000000	1.000000	0.097691	0.201818	0.071538	0.099310	0.521965
	0.000000	0.000000	0.000000	0.000000	1.000000	0.091222	0.222399	0.060790	0.090696	0.534316
	0.000000	0.000000	0.000000	0.000000	1.000000	0.088848	0.241403	0.061823	0.093430	0.526037
