	1.000000	0.000000	0.000000	0.000000	0.000000	0.136665	0.146603	0.108812	0.146656	0.416220
	1.000000	0.000000	0.000000	0.000000	0.000000	0.142728	0.114212	0.108639	0.147728	0.433040
	1.000000	0.000000	0.000000	0.000000	0.000000	0.161631	0.042269	0.134103	0.169821	0.382639
	1.000000	0.000000	0.000000	0.000000	0.000000	0.148991	0.102722	0.116990	0.155064	0.423283
	1.000000	0.000000	0.000000	0.000000	0.000000	0.138597	0.130546	0.101404	0.143357	0.441972
	1.000000	0.000000	0.000000	0.000000	0.000000	0.144105	0.108440	0.110666	0.148782	0.433759
	1.000000	0.000000	0.000000	0.000000	0.000000	0.139349	0.119067	0.105815	0.144377	0.439942
	1.000000	0.000000	0.000000	0.000000	0.000000	0.151409	0.077575	0.117695	0.155805	0.420653
	1.000000	0.000000	0.000000	0.000000	0.000000	0.133757	0.122922	0.095893	0.138912	0.446360
	1.000000	0.000000	0.000000	0.000000	0.000000	0.163939	0.034739	0.133715	0.172958	0.393432
	1.000000	0.000000	0.000000	0.000000	0.000000	0.140112	0.126006	0.100325	0.145090	0.436690
	1.000000	0.000000	0.000000	0.000000	0.000000	0.159415	0.043904	0.128707	0.169271	0.401323
	1.000000	0.000000	0.000000	0.000000	0.000000	0.143310	0.111914	0.108307	0.149554	0.428226
	1.000000	0.000000	0.000000	0.000000	0.000000	0.107313	0.266383	0.087821	0.123160	0.424387
	0.000000	1.000000	0.000000	0.000000	0.000000	0.062916	0.470733	0.054088	0.086706	0.429453
	0.000000	1.000000	0.000000	0.000000	0.000000	0.068489	0.461844	0.057090	0.092015	0.428704
	0.000000	1.000000	0.000000	0.000000	0.000000	0.066066	0.367166	0.049575	0.083856	0.439583
	0.000000	1.000000	0.000000	0.000000	0.000000	0.073870	0.434533	0.056289	0.093590	0.444866
	0.000000	1.000000	0.000000	0.000000	0.000000	0.070082	0.489762	0.061334	0.093651	0.427444
	0.000000	1.000000	0.000000	0.000000	0.000000	0.068998	0.445727	0.054327	0.090477	0.433298
	0.000000	1.000000	0.000000	0.000000	0.000000	0.065645	0.439707	0.046615	0.083946	0.455617
	0.000000	1.000000	0.000000	0.000000	0.000000	0.079187	0.413153	0.064365	0.100703	0.423184
	0.000000	1.000000	0.000000	0.000000	0.000000	0.069268	0.498695	0.067186	0.095821	0.402567
	0.000000	1.000000	0.000000	0.000000	0.000000	0.070184	0.462308	0.059620	0.092392	0.422414
	0.000000	1.000000	0.000000	0.000000	0.000000	0.088694	0.367556	0.077772	0.110528	0.416463
	0.000000	1.000000	0.000000	0.000000	0.000000	0.055542	0.514511	0.038874	0.074559	0.444009
	0.000000	1.000000	0.000000	0.000000	0.000000	0.085690	0.347461	0.066128	0.097857	0.435764
	0.000000	1.000000	0.000000	0.000000	0.000000	0.059650	0.490400	0.044816	0.080936	0.439605
	0.000000	1.000000	0.000000	0.000000	0.000000	0.062410	0.477935	0.045392	0.084924	0.446208
	0.000000	1.000000	0.000000	0.000000	0.000000	0.060299	0.515364	0.053241	0.084008	0.424178
	0.000000	1.000000	0.000000	0.000000	0.000000	0.069330	0.431037	0.049888	0.089612	0.449273
	0.000000	1.000000	0.000000	0.000000	0.000000	0.060868	0.457191	0.037373	0.079253	0.462253
	0.000000	1.000000	0.000000	0.000000	0.000000	0.087905	0.421189	0.089009	0.116070	0.382238
	0.000000	1.000000	0.000000	0.000000	0.000000	0.057606	0.469487	0.033229	0.075464	0.466721
	0.000000	1.000000	0.000000	0.000000	0.000000	0.075127	0.501424	0.080855	0.104854	0.383927
	0.000000	1.000000	0.000000	0.000000	0.000000	0.073194	0.419775	0.048514	0.088255	0.462166
	0.000000	1.000000	0.000000	0.000000	0.000000	0.074631	0.411934	0.052983	0.091857	0.459380
	0.000000	1.000000	0.000000	0.000000	0.000000	0.073852	0.452468	0.072269	0.100397	0.410652
	0.000000	1.000000	0.000000	0.000000	0.000000	0.055680	0.561560	0.043884	0.079927	0.435705
	0.000000	1.000000	0.000000	0.000000	0.000000	0.065309	0.423137	0.044398	0.079654	0.460794
	0.000000	1.000000	0.000000	0.000000	0.000000	0.072110	0.482413	0.074379	0.101622	0.395789
	0.000000	1.000000	0.000000	0.000000	0.000000	0.086279	0.355602	0.076862	0.109056	0.401592
	0.000000	1.000000	0.000000	0.000000	0.000000	0.096867	0.313976	0.079065	0.113367	0.421783
	0.000000	1.000000	0.000000	0.000000	0.000000	0.074385	0.426628	0.063953	0.097163	0.419875
	0.000000	1.000000	0.000000	0.000000	0.000000	0.073724	0.471559	0.074925	0.100766	0.399458
	0.000000	1.000000	0.000000	0.000000	0.000000	0.057080	0.491347	0.029355	0.073585	0.474292
	0.000000	1.000000	0.000000	0.000000	0.000000	0.057369	0.570498	0.053876	0.084534	0.408501
	0.000000	1.000000	0.000000	0.000000	0.000000	0.076743	0.446852	0.077803	0.106805	0.400217
	0.000000	1.000000	0.000000	0.000000	0.000000	0.123394	0.186808	0.115736	0.146978	0.378698
	0.000000	1.000000	0.000000	0.000000	0.000000	0.075115	0.410301	0.053233	0.093428	0.450950
	0.000000	1.000000	0.000000	0.000000	0.000000	0.077439	0.440720	0.065275	0.097304	0.416899
	0.000000	1.000000	0.000000	0.000000	0.000000	0.064179	0.507267	0.058546	0.090757	0.412239
	0.000000	1.000000	0.000000	0.000000	0.000000	0.053119	0.541135	0.035094	0.074095	0.441926
	0.000000	0.000000	1.000000	0.000000	0.000000	0.140258	0.203853	0.162508	0.171128	0.299369
	0.000000	0.000000	1.000000	0.000000	0.000000	0.136559	0.213860	0.162886	0.174872	0.290831
	0.000000	0.000000	1.000000	0.000000	0.000000	0.151231	0.159132	0.172490	0.184748	0.285354
	0.000000	0.000000	1.000000	0.000000	0.000000	0.136565	0.191947	0.149601	0.166425	0.313608
	0.000000	0.000000	1.000000	0.000000	0.000000	0.153849	0.163106	0.181914	0.189637	0.278950
	0.000000	0.000000	1.000000	0.000000	0.000000	0.136011	0.183963	0.146212	0.164550	0.329897
	0.000000	0.000000	1.000000	0.000000	0.000000	0.155088	0.148334	0.171653	0.185750	0.296712
	0.000000	0.000000	1.000000	0.000000	0.000000	0.161575	0.110060	0.174523	0.190875	0.304966
	0.000000	0.000000	1.000000	0.000000	0.000000	0.151392	0.154722	0.169912	0.180222	0.290459
	0.000000	0.000000	1.000000	0.000000	0.000000	0.143924	0.165993	0.155491	0.173341	0.317743
	0.000000	0.000000	1.000000	0.000000	0.000000	0.140196	0.182483	0.152274	0.171120	0.306410
	0.000000	0.000000	1.000000	0.000000	0.000000	0.156579	0.145592	0.180098	0.192146	0.279359
	0.000000	0.000000	1.000000	0.000000	0.000000	0.160231	0.112685	0.173905	0.190070	0.311193
	0.000000	0.000000	0.000000	1.000000	0.000000	0.120841	0.195110	0.107065	0.141666	0.394658
	0.000000	0.000000	0.000000	1.000000	0.000000	0.141605	0.109172	0.126314	0.159409	0.384281
	0.000000	0.000000	0.000000	1.000000	0.000000	0.117726	0.242451	0.095285	0.133540	0.418607
	0.000000	0.000000	0.000000	1.000000	0.000000	0.114066	0.238696	0.091552	0.127961	0.414298
	0.000000	0.000000	0.000000	1.000000	0.000000	0.146870	0.109567	0.129632	0.160493	0.371927
	0.000000	0.000000	0.000000	1.000000	0.000000	0.156200	0.074928	0.138075	0.169586	0.386541
	0.000000	0.000000	0.000000	1.000000	0.000000	0.150376	0.104895	0.138466	0.171697	0.360013
	0.000000	0.000000	0.000000	1.000000	0.000000	0.104589	0.277719	0.081075	0.119227	0.423434
	0.000000	0.000000	0.000000	1.000000	0.000000	0.154366	0.096746	0.140302	0.169462	0.363567
	0.000000	0.000000	0.000000	1.000000	0.000000	0.137528	0.123807	0.112530	0.144259	0.403580
	0.000000	0.000000	0.000000	1.000000	0.000000	0.140135	0.147248	0.126104	0.159799	0.357355
	0.000000	0.000000	0.000000	1.000000	0.000000	0.130000	0.159762	0.115027	0.150556	0.367401
	0.000000	0.000000	0.000000	1.000000	0.000000	0.125518	0.171306	0.108355	0.144902	0.389624
	0.000000	0.000000	0.000000	1.000000	0.000000	0.144167	0.141672	0.138281	0.166320	0.351520
	0.000000	0.000000	0.000000	1.000000	0.000000	0.122634	0.202151	0.107587	0.142170	0.383426
	0.000000	0.000000	0.000000	1.000000	0.000000	0.131473	0.168594	0.118221	0.152592	0.369111
	0.000000	0.000000	0.000000	0.000000	1.000000	0.097407	0.260311	0.058365	0.102118	0.493293
	0.000000	0.000000	0.000000	0.000000	1.000000	0.101444	0.244206	0.062091	0.107496	0.487355
	0.000000	0.000000	0.000000	0.000000	1.000000	0.106480	0.235017	0.074359	0.113616	0.466260
	0.000000	0.000000	0.000000	0.000000	1.000000	0.122933	0.148692	0.077435	0.123012	0.478781
	0.000000	0.000000	0.000000	0.000000	1.000000	0.109792	0.217328	0.067658	0.113940	0.474826
	0.000000	0.000000	0.000000	0.000000	1.000000	0.090159	0.283442	0.054370	0.099042	0.487372
	0.000000	0.000000	0.000000	0.000000	1.000000	0.092015	0.259442	0.046669	0.094454	0.522454
	0.000000	0.000000	0.000000	0.000000	1.000000	0.104838	0.210495	0.057794	0.104281	0.500924
	0.000000	0.000000	0.000000	0.000000	1.000000	0.080846	0.276382	0.029360	0.081599	0.543827
	0.000000	0.000000	0.000000	0.000000	1.000000	0.073378	0.330608	0.030550	0.079438	0.519624
	0.000000	0.000000	0.000000	0.000000	1.000000	0.081190	0.305963	0.040579	0.087839	0.505816
	0.000000	0.000000	0.000000	0.000000	1.000000	0.076356	0.310444	0.030726	0.079928	0.531786
	0.000000	0.000000	0.000000	0.000000	1.000000	0.078847	0.324305	0.032537	0.085255	0.527385
	0.000000	0.000000	0.000000	0.000000	1.000000	0.083333	0.287519	0.037257	0.086391	0.528685
	0.000000	0.000000	0.000000	0.000000	1.000000	0.088418	0.288384	0.045467	0.096484	0.504290
	0.000000	0.000000	0.000000	0.000000	1.000000	0.093634	0.272648	0.050835	0.100751	0.491263
	0.000000	0.000000	0.000000	0.000000	1.000000	0.082276	0.317273	0.041889	0.090273	0.506545
	0.000000	0.000000	0.000000	0.000000	1.000000	0.106570	0.232803	0.068176	0.112207	0.471441
	0.000000	0.000000	0.000000	0.000000	1.000000	0.106214	0.232107	0.067765	0.111211	0.472428
	0.000000	0.000000	0.000000	0.000000	1.000000	0.091918	0.278930	0.056503	0.101962	0.479196
	0.000000	0.000000	0.000000	0.000000	1.000000	0.092042	0.285149	0.048928	0.096583	0.508180
	0.000000	0.000000	0.000000	0.000000	1.000000	0.110388	0.222503	0.067425	0.114561	0.492601
	0.000000	0.000000	0.000000	0.000000	1.000000	0.077195	0.327046	0.032017	0.081602	0.529451
	0.000000	0.000000	0.000000	0.000000	1.000000	0.098687	0.256175	0.057931	0.103460	0.495060
	0.000000	0.000000	0.000000	0.000000	1.000000	0.091119	0.268123	0.048286	0.097833	0.511430
	0.000000	0.000000	0.000000	0.000000	1.000000	0.093127	0.258807	0.049317	0.098806	0.510186
	0.000000	0.000000	0.000000	0.000000	1.000000	0.094276	0.242281	0.046996	0.091603	0.513547
	0.000000	0.000000	0.000000	0.000000	1.000000	0.075561	0.343894	0.039084	0.085893	0.496923
	0.000000	0.000000	0.000000	0.000000	1.000000	0.116740	0.170566	0.075259	0.117837	0.478593
	0.000000	0.000000	0.000000	0.000000	1.000000	0.129993	0.120480	0.090372	0.138568	0.464133
	0.000000	0.000000	0.000000	0.000000	1.000000	0.096698	0.262210	0.055934	0.102877	0.496098
	0.000000	0.000000	0.000000	0.000000	1.000000	0.097977	0.224287	0.047237	0.098792	0.523255
	0.000000	0.000000	0.000000	0.000000	1.000000	0.075746	0.299088	0.026182	0.076227	0.545039
	0.000000	0.000000	0.000000	0.000000	1.000000	0.081005	0.315217	0.039884	0.088029	0.509206
	0.000000	0.000000	0.000000	0.000000	1.000000	0.114213	0.219963	0.080792	0.123570	0.455730
	0.000000	0.000000	0.000000	0.000000	1.000000	0.087813	0.322108	0.055603	0.097747	0.481795
	0.000000	0.000000	0.000000	0.000000	1.000000	0.092283	0.253231	0.047127	0.095477	0.514709
	0.000000	0.000000	0.000000	0.000000	1.000000	0.077700	0.276872	0.027606	0.080319	0.545457
	0.000000	0.000000	0.000000	0.000000	1.000000	0.085002	0.277578	0.032965	0.086012	0.522983
	0.000000	0.000000	0.000000	0.000000	1.000000	0.090887	0.248337	0.041161	0.093303	0.530850
	0.000000	0.000000	0.000000	0.000000	1.000000	0.077729	0.352120	0.045133	0.089430	0.480596
	0.000000	0.000000	0.000000	0.000000	1.000000	0.084671	0.332548	0.052125	0.097693	0.477140
	0.000000	0.000000	0.000000	0.000000	1.000000	0.087146	0.264676	0.038891	0.088923	0.526400
	0.000000	0.000000	0.000000	0.000000	1.000000	0.086129	0.285425	0.043216	0.090210	0.519960
	0.000000	0.000000	0.000000	0.000000	1.000000	0.083532	0.313965	0.039083	0.089752	0.516413
	0.000000	0.000000	0.000000	0.000000	1.000000	0.096115	0.267982	0.062113	0.105187	0.476446
	0.000000	0.000000	0.000000	0.000000	1.000000	0.080501	0.312542	0.041393	0.088119	0.507864
	0.000000	0.000000	0.000000	0.000000	1.000000	0.107842	0.208417	0.069778	0.115855	0.468311
	0.000000	0.000000	0.000000	0.000000	1.000000	0.090274	0.328073	0.059581	0.103338	0.467967
	0.000000	0.000000	0.000000	0.000000	1.000000	0.076720	0.332385	0.040320	0.086152	0.500744
	0.000000	0.000000	0.000000	0.000000	1.000000	0.080109	0.321234	0.042742	0.089043	0.496175
	0.000000	0.000000	0.000000	0.000000	1.000000	0.129737	0.183380	0.097919	0.136052	0.440579
	0.000000	0.000000	0.000000	0.000000	1.000000	0.135943	0.122358	0.106715	0.146400	0.413467
	0.000000	0.000000	0.000000	0.000000	1.000000	0.134379	0.128523	0.106563	0.145020	0.410829
	0.000000	0.000000	0.000000	0.000000	1.000000	0.095148	0.296773	0.063434	0.109179	0.470503
	0.000000	0.000000	0.000000	0.000000	1.000000	0.140305	0.100198	0.117681	0.155251	0.399392
	0.000000	0.000000	0.000000	0.000000	1.000000	0.113942	0.211363	0.078589	0.118341	0.487418
	0.000000	0.000000	0.000000	0.000000	1.000000	0.083796	0.294567	0.037102	0.088618	0.532260
	0.000000	0.000000	0.000000	0.000000	1.000000	0.134228	0.111371	0.106062	0.142796	0.413890
	0.000000	0.000000	0.000000	0.000000	1.000000	0.094216	0.256431	0.047759	0.098335	0.513065
	0.000000	0.000000	0.000000	0.000000	1.000000	0.113497	0.193717	0.074197	0.118859	0.473357
	0.000000	0.000000	0.000000	0.000000	1.000000	0.071450	0.347487	0.030900	0.079541	0.520020
	0.000000	0.000000	0.000000	0.000000	1.000000	0.106598	0.201333	0.060182	0.106605	0.505479
	0.000000	0.000000	0.000000	0.000000	1.000000	0.111714	0.185997	0.065617	0.110996	0.500137
	0.000000	0.000000	0.000000	0.000000	1.000000	0.131171	0.151214	0.107561	0.143882	0.399196
	1.000000	0.000000	0.000000	0.000000	0.000000	0.130938	0.152707	0.093178	0.135632	0.452207
	1.000000	0.000000	0.000000	0.000000	0.000000	0.141307	0.084713	0.109127	0.151549	0.424687
	1.000000	0.000000	0.000000	0.000000	0.000000	0.121754	0.173417	0.084577	0.127360	0.461194
	1.000000	0.000000	0.000000	0.000000	0.000000	0.132882	0.129094	0.094893	0.137344	0.447276
	1.000000	0.000000	0.000000	0.000000	0.000000	0.138822	0.120863	0.104778	0.146531	0.431670
	1.000000	0.000000	0.000000	0.000000	0.000000	0.133768	0.137371	0.092794	0.135361	0.454586
	1.000000	0.000000	0.000000	0.000000	0.000000	0.142012	0.121246	0.108211	0.147374	0.434747
	1.000000	0.000000	0.000000	0.000000	0.000000	0.146892	0.103690	0.115048	0.152776	0.422221
	1.000000	0.000000	0.000000	0.000000	0.000000	0.138312	0.124392	0.102142	0.142305	0.432848
	1.000000	0.000000	0.000000	0.000000	0.000000	0.113329	0.196826	0.069940	0.118366	0.480381
	1.000000	0.000000	0.000000	0.000000	0.000000	0.105181	0.283052	0.090798	0.125437	0.407621
	1.000000	0.000000	0.000000	0.000000	0.000000	0.129654	0.139404	0.089856	0.132792	0.466393
	1.000000	0.000000	0.000000	0.000000	0.000000	0.129355	0.129656	0.086909	0.128502	0.462159
	1.000000	0.000000	0.000000	0.000000	0.000000	0.128352	0.181261	0.101309	0.135539	0.429090
	1.000000	0.000000	0.000000	0.000000	0.000000	0.147046	0.079575	0.120237	0.159225	0.411189
	1.000000	0.000000	0.000000	0.000000	0.000000	0.168661	0.031306	0.146218	0.181797	0.381286
	0.000000	1.000000	0.000000	0.000000	0.000000	0.078474	0.465202	0.080977	0.108431	0.388017
	0.000000	1.000000	0.000000	0.000000	0.000000	0.056471	0.453349	0.026305	0.069366	0.486788
	0.000000	1.000000	0.000000	0.000000	0.000000	0.096532	0.377637	0.106081	0.127122	0.361581
	0.000000	1.000000	0.000000	0.000000	0.000000	0.071289	0.468888	0.071348	0.097820	0.401142
	0.000000	1.000000	0.000000	0.000000	0.000000	0.055740	0.454840	0.029185	0.070943	0.473654
	0.000000	1.000000	0.000000	0.000000	0.000000	0.082325	0.398304	0.074304	0.104373	0.418429
	0.000000	1.000000	0.000000	0.000000	0.000000	0.070836	0.390830	0.046151	0.087221	0.468543
	0.000000	1.000000	0.000000	0.000000	0.000000	0.068763	0.340442	0.038657	0.082950	0.485663
	0.000000	1.000000	0.000000	0.000000	0.000000	0.071427	0.446806	0.052650	0.090209	0.442063
	0.000000	1.000000	0.000000	0.000000	0.000000	0.054652	0.518155	0.036549	0.076136	0.447742
	0.000000	1.000000	0.000000	0.000000	0.000000	0.067352	0.520618	0.067890	0.095878	0.403462
	0.000000	1.000000	0.000000	0.000000	0.000000	0.063061	0.443427	0.033871	0.075892	0.477490
	0.000000	1.000000	0.000000	0.000000	0.000000	0.062036	0.477051	0.041846	0.081288	0.452287
	0.000000	1.000000	0.000000	0.000000	0.000000	0.067878	0.443316	0.045401	0.086653	0.453620
	0.000000	1.000000	0.000000	0.000000	0.000000	0.092353	0.324882	0.076061	0.108760	0.405249
	0.000000	1.000000	0.000000	0.000000	0.000000	0.122557	0.205577	0.124087	0.151569	0.353226
	0.000000	1.000000	0.000000	0.000000	0.000000	0.066421	0.495157	0.054360	0.090678	0.430091
	0.000000	1.000000	0.000000	0.000000	0.000000	0.063067	0.391571	0.048193	0.082104	0.438729
	0.000000	1.000000	0.000000	0.000000	0.000000	0.063858	0.512658	0.061986	0.089845	0.409874
	0.000000	1.000000	0.000000	0.000000	0.000000	0.084538	0.377841	0.066933	0.104628	0.430582
	0.000000	1.000000	0.000000	0.000000	0.000000	0.057996	0.506245	0.041986	0.078982	0.442654
	0.000000	1.000000	0.000000	0.000000	0.000000	0.064377	0.466156	0.045135	0.085589	0.450924
	0.000000	1.000000	0.000000	0.000000	0.000000	0.067488	0.377042	0.052133	0.083559	0.437506
	0.000000	1.000000	0.000000	0.000000	0.000000	0.079308	0.412870	0.063501	0.098032	0.436523
	0.000000	1.000000	0.000000	0.000000	0.000000	0.064596	0.516026	0.059401	0.089133	0.414836
	0.000000	1.000000	0.000000	0.000000	0.000000	0.064382	0.455358	0.040996	0.080876	0.472623
	0.000000	1.000000	0.000000	0.000000	0.000000	0.058444	0.397725	0.039205	0.076209	0.455533
	0.000000	1.000000	0.000000	0.000000	0.000000	0.074533	0.439613	0.059238	0.093822	0.438243
	0.000000	1.000000	0.000000	0.000000	0.000000	0.057986	0.504084	0.037966	0.077318	0.453303
	0.000000	1.000000	0.000000	0.000000	0.000000	0.077205	0.405742	0.060136	0.095701	0.441796
	0.000000	1.000000	0.000000	0.000000	0.000000	0.075732	0.401800	0.060017	0.097603	0.425274
	0.000000	1.000000	0.000000	0.000000	0.000000	0.079114	0.418748	0.069317	0.103054	0.416137
	0.000000	1.000000	0.000000	0.000000	0.000000	0.065690	0.475681	0.055953	0.089654	0.422542
	0.000000	1.000000	0.000000	0.000000	0.000000	0.057961	0.529795	0.047161	0.082116	0.420178
	0.000000	1.000000	0.000000	0.000000	0.000000	0.101524	0.307011	0.104815	0.128264	0.360598
	0.000000	0.000000	1.000000	0.000000	0.000000	0.147223	0.154534	0.160169	0.173806	0.314295
	0.000000	0.000000	1.000000	0.000000	0.000000	0.151764	0.121240	0.161457	0.181930	0.306530
	0.000000	0.000000	1.000000	0.000000	0.000000	0.156694	0.146247	0.180435	0.190351	0.290456
	0.000000	0.000000	1.000000	0.000000	0.000000	0.124271	0.242344	0.136715	0.152404	0.329377
	0.000000	0.000000	1.000000	0.000000	0.000000	0.131090	0.235128	0.153952	0.163341	0.308636
	0.000000	0.000000	1.000000	0.000000	0.000000	0.139020	0.191022	0.154038	0.168910	0.303911
	0.000000	0.000000	1.000000	0.000000	0.000000	0.148625	0.132053	0.153079	0.177434	0.322960
	0.000000	0.000000	1.000000	0.000000	0.000000	0.140195	0.207692	0.162946	0.181368	0.297825
	0.000000	0.000000	1.000000	0.000000	0.000000	0.148053	0.148506	0.165207	0.182967	0.304593
	0.000000	0.000000	1.000000	0.000000	0.000000	0.147320	0.160915	0.158007	0.177293	0.318689
	0.000000	0.000000	1.000000	0.000000	0.000000	0.139483	0.198967	0.150987	0.166027	0.328275
	0.000000	0.000000	1.000000	0.000000	0.000000	0.159748	0.108338	0.166651	0.187595	0.320232
	0.000000	0.000000	1.000000	0.000000	0.000000	0.154643	0.143925	0.179951	0.192207	0.278529
	0.000000	0.000000	1.000000	0.000000	0.000000	0.108291	0.271065	0.102643	0.130266	0.364994
	0.000000	0.000000	1.000000	0.000000	0.000000	0.151768	0.153363	0.168787	0.181945	0.303248
	0.000000	0.000000	1.000000	0.000000	0.000000	0.155772	0.135121	0.178881	0.190413	0.293914
	0.000000	0.000000	0.000000	1.000000	0.000000	0.144364	0.120124	0.133763	0.163870	0.351021
	0.000000	0.000000	0.000000	1.000000	0.000000	0.141573	0.125085	0.122306	0.156120	0.377843
	0.000000	0.000000	0.000000	1.000000	0.000000	0.105258	0.252805	0.087789	0.121905	0.408453
	0.000000	0.000000	0.000000	1.000000	0.000000	0.120560	0.221720	0.101565	0.136962	0.391165
	0.000000	0.000000	0.000000	1.000000	0.000000	0.156232	0.073432	0.136940	0.173609	0.374245
	0.000000	0.000000	0.000000	1.000000	0.000000	0.138510	0.126768	0.115384	0.151916	0.387628
	0.000000	0.000000	0.000000	1.000000	0.000000	0.154403	0.073153	0.135468	0.166584	0.391244
	0.000000	0.000000	0.000000	1.000000	0.000000	0.131988	0.166667	0.118948	0.152244	0.369969
	0.000000	0.000000	0.000000	1.000000	0.000000	0.135626	0.147367	0.124175	0.156408	0.376959
	0.000000	0.000000	0.000000	1.000000	0.000000	0.118870	0.199291	0.098887	0.134739	0.392235
	0.000000	0.000000	0.000000	1.000000	0.000000	0.146801	0.122425	0.138398	0.169696	0.354446
	0.000000	0.000000	0.000000	1.000000	0.000000	0.141330	0.132335	0.125201	0.159967	0.364097
	0.000000	0.000000	0.000000	1.000000	0.000000	0.136692	0.141680	0.122561	0.156824	0.379568
	0.000000	0.000000	0.000000	1.000000	0.000000	0.156640	0.101463	0.153582	0.185100	0.322719
	0.000000	0.000000	0.000000	1.000000	0.000000	0.156701	0.093262	0.146896	0.172571	0.344536
	0.000000	0.000000	0.000000	0.000000	1.000000	0.100293	0.256065	0.060955	0.105399	0.492179
	0.000000	0.000000	0.000000	0.000000	1.000000	0.102413	0.248912	0.065870	0.106824	0.484978
	0.000000	0.000000	0.000000	0.000000	1.000000	0.083952	0.283355	0.038580	0.085743	0.526207
	0.000000	0.000000	0.000000	0.000000	1.000000	0.090315	0.289746	0.048354	0.099195	0.498060
	0.000000	0.000000	0.000000	0.000000	1.000000	0.092745	0.285291	0.058237	0.102541	0.477940
	0.000000	0.000000	0.000000	0.000000	1.000000	0.105810	0.208793	0.057076	0.105172	0.513690
	0.000000	0.000000	0.000000	0.000000	1.000000	0.103553	0.238134	0.068235	0.111270	0.470765
	0.000000	0.000000	0.000000	0.000000	1.000000	0.085226	0.299541	0.043114	0.090565	0.515631
	0.000000	0.000000	0.000000	0.000000	1.000000	0.125368	0.170146	0.090885	0.130680	0.450862
	0.000000	0.000000	0.000000	0.000000	1.000000	0.143502	0.098703	0.102355	0.143873	0.453432
	0.000000	0.000000	0.000000	0.000000	1.000000	0.082234	0.306357	0.037801	0.090087	0.511104
	0.000000	0.000000	0.000000	0.000000	1.000000	0.106841	0.223844	0.064327	0.111361	0.499854
	0.000000	0.000000	0.000000	0.000000	1.000000	0.077134	0.309854	0.033109	0.083462	0.523153
	0.000000	0.000000	0.000000	0.000000	1.000000	0.092233	0.244849	0.040871	0.092556	0.532242
	0.000000	0.000000	0.000000	0.000000	1.000000	0.079056	0.315502	0.036139	0.083803	0.519882
	0.000000	0.000000	0.000000	0.000000	1.000000	0.113096	0.176904	0.065473	0.113405	0.494162
	0.000000	0.000000	0.000000	0.000000	1.000000	0.098891	0.251393	0.060079	0.104762	0.492410
	0.000000	0.000000	0.000000	0.000000	1.000000	0.090247	0.275440	0.053598	0.099798	0.481408
	0.000000	0.000000	0.000000	0.000000	1.000000	0.088002	0.272604	0.042504	0.093372	0.515557
	0.000000	0.000000	0.000000	0.000000	1.000000	0.096130	0.279906	0.063315	0.109010	0.465254
	0.000000	0.000000	0.000000	0.000000	1.000000	0.086621	0.286979	0.041353	0.093083	0.513190
	0.000000	0.000000	0.000000	0.000000	1.000000	0.079711	0.299157	0.031714	0.084057	0.531422
	0.000000	0.000000	0.000000	0.000000	1.000000	0.107332	0.204489	0.064029	0.106874	0.503913
	0.000000	0.000000	0.000000	0.000000	1.000000	0.098982	0.253091	0.059710	0.104576	0.492243
	0.000000	0.000000	0.000000	0.000000	1.000000	0.083452	0.291567	0.037917	0.086823	0.524144
	0.000000	0.000000	0.000000	0.000000	1.000000	0.095066	0.233007	0.051621	0.100270	0.508380
	0.000000	0.000000	0.000000	0.000000	1.000000	0.095844	0.243129	0.051443	0.095354	0.530970
	0.000000	0.000000	0.000000	0.000000	1.000000	0.110454	0.227813	0.074980	0.118993	0.461490
	0.000000	0.000000	0.000000	0.000000	1.000000	0.111425	0.186308	0.061452	0.111733	0.513694
	0.000000	0.000000	0.000000	0.000000	1.000000	0.086435	0.288209	0.039667	0.090980	0.521048
	0.000000	0.000000	0.000000	0.000000	1.000000	0.094933	0.249150	0.047151	0.096971	0.518398
	0.000000	0.000000	0.000000	0.000000	1.000000	0.077820	0.318026	0.037766	0.083970	0.510446
	0.000000	0.000000	0.000000	0.000000	1.000000	0.086134	0.305627	0.039465	0.085483	0.532597
	0.000000	0.000000	0.000000	0.000000	1.000000	0.071691	0.307675	0.020578	0.074140	0.551893
	0.000000	0.000000	0.000000	0.000000	1.000000	0.106903	0.219716	0.065588	0.111138	0.491937
	0.000000	0.000000	0.000000	0.000000	1.000000	0.075690	0.329409	0.039944	0.085714	0.499172
	0.000000	0.000000	0.000000	0.000000	1.000000	0.089331	0.292269	0.046107	0.094893	0.509505
	0.000000	0.000000	0.000000	0.000000	1.000000	0.077317	0.327935	0.041025	0.088371	0.501643
	0.000000	0.000000	0.000000	0.000000	1.000000	0.077433	0.317682	0.039057	0.086058	0.513465
	0.000000	0.000000	0.000000	0.000000	1.000000	0.088769	0.289141	0.054614	0.097973	0.486307
	0.000000	0.000000	0.000000	0.000000	1.000000	0.069620	0.342976	0.020352	0.072104	0.540884
	0.000000	0.000000	0.000000	0.000000	1.000000	0.084926	0.303591	0.044634	0.092678	0.499767
	0.000000	0.000000	0.000000	0.000000	1.000000	0.094549	0.232319	0.044530	0.095788	0.525921
	0.000000	0.000000	0.000000	0.000000	1.000000	0.099311	0.248142	0.059298	0.107875	0.484084
	0.000000	0.000000	0.000000	0.000000	1.000000	0.090328	0.270205	0.042757	0.093997	0.519871
	0.000000	0.000000	0.000000	0.000000	1.000000	0.084789	0.293696	0.040375	0.091357	0.517318
	0.000000	0.000000	0.000000	0.000000	1.000000	0.095516	0.230947	0.047712	0.094332	0.516971
	0.000000	0.000000	0.000000	0.000000	1.000000	0.089760	0.267377	0.048654	0.096065	0.501090
	0.000000	0.000000	0.000000	0.000000	1.000000	0.081428	0.307004	0.034649	0.081921	0.520895
	0.000000	0.000000	0.000000	0.000000	1.000000	0.096472	0.237360	0.049568	0.097725	0.514860
	0.000000	0.000000	0.000000	0.000000	1.000000	0.101204	0.219048	0.054276	0.101439	0.513700
	0.000000	0.000000	0.000000	0.000000	1.000000	0.077331	0.294385	0.028974	0.079793	0.541699
	0.000000	0.000000	0.000000	0.000000	1.000000	0.075526	0.351520	0.040084	0.084907	0.502715
	0.000000	0.000000	0.000000	0.000000	1.000000	0.073519	0.321169	0.028249	0.077454	0.530903
	0.000000	0.000000	0.000000	0.000000	1.000000	0.133591	0.124147	0.107375	0.142858	0.411178
	0.000000	0.000000	0.000000	0.000000	1.000000	0.095099	0.249418	0.053233	0.099606	0.498680
	0.000000	0.000000	0.000000	0.000000	1.000000	0.090087	0.293691	0.048499	0.097351	0.504173
	0.000000	0.000000	0.000000	0.000000	1.000000	0.098166	0.245962	0.058251	0.104002	0.496965
	0.000000	0.000000	0.000000	0.000000	1.000000	0.111431	0.190203	0.069619	0.113238	0.499068
	0.000000	0.000000	0.000000	0.000000	1.000000	0.100956	0.223950	0.053874	0.100598	0.515906
	0.000000	0.000000	0.000000	0.000000	1.000000	0.096635	0.253800	0.055308	0.102002	0.501021
