	1.000000	0.000000	0.000000	0.000000	0.000000	0.203967	-0.066238	0.163473	0.205246	0.414018
	1.000000	0.000000	0.000000	0.000000	0.000000	0.238684	-0.134867	0.132769	0.209831	0.551102
	1.000000	0.000000	0.000000	0.000000	0.000000	0.306592	-0.201168	0.251344	0.291951	0.371128
	1.000000	0.000000	0.000000	0.000000	0.000000	0.253507	-0.145152	0.158767	0.228224	0.510141
	1.000000	0.000000	0.000000	0.000000	0.000000	0.221095	-0.113997	0.108764	0.192235	0.581229
	1.000000	0.000000	0.000000	0.000000	0.000000	0.242833	-0.140996	0.134641	0.211369	0.556417
	1.000000	0.000000	0.000000	0.000000	0.000000	0.230903	-0.131437	0.112850	0.197071	0.589076
	1.000000	0.000000	0.000000	0.000000	0.000000	0.274911	-0.176591	0.168472	0.242888	0.513574
	1.000000	0.000000	0.000000	0.000000	0.000000	0.222975	-0.134324	0.089776	0.185098	0.630630
	1.000000	0.000000	0.000000	0.000000	0.000000	0.311402	-0.206545	0.240015	0.291880	0.402732
	1.000000	0.000000	0.000000	0.000000	0.000000	0.226833	-0.122923	0.106118	0.194686	0.586673
	1.000000	0.000000	0.000000	0.000000	0.000000	0.299625	-0.199159	0.220427	0.277896	0.432976
	1.000000	0.000000	0.000000	0.000000	0.000000	0.238799	-0.132092	0.146177	0.217475	0.511286
	1.000000	0.000000	0.000000	0.000000	0.000000	0.084680	0.221116	0.104067	0.116637	0.360343
	0.000000	1.000000	0.000000	0.000000	0.000000	-0.069684	0.850481	0.040105	-0.002327	0.190266
	0.000000	1.000000	0.000000	0.000000	0.000000	-0.066447	0.857947	0.045033	0.003035	0.182362
	0.000000	1.000000	0.000000	0.000000	0.000000	-0.041389	0.645214	0.024964	0.011181	0.287220
	0.000000	1.000000	0.000000	0.000000	0.000000	-0.054704	0.792827	0.022796	0.003403	0.272798
	0.000000	1.000000	0.000000	0.000000	0.000000	-0.078654	0.938801	0.050029	-0.006183	0.148159
	0.000000	1.000000	0.000000	0.000000	0.000000	-0.054982	0.783716	0.031857	0.006359	0.237675
	0.000000	1.000000	0.000000	0.000000	0.000000	-0.050713	0.715978	-0.008461	-0.006162	0.369618
	0.000000	1.000000	0.000000	0.000000	0.000000	-0.035621	0.729080	0.064591	0.031010	0.200333
	0.000000	1.000000	0.000000	0.000000	0.000000	-0.081929	0.974595	0.093871	0.005269	0.044238
	0.000000	1.000000	0.000000	0.000000	0.000000	-0.062042	0.846088	0.055096	0.008387	0.162673
	0.000000	1.000000	0.000000	0.000000	0.000000	-0.015434	0.662755	0.101383	0.054811	0.174444
	0.000000	1.000000	0.000000	0.000000	0.000000	-0.088281	0.919138	-0.004808	-0.029322	0.240841
	0.000000	1.000000	0.000000	0.000000	0.000000	-0.007855	0.558580	0.043840	0.035291	0.311469
	0.000000	1.000000	0.000000	0.000000	0.000000	-0.080573	0.892866	0.007243	-0.020068	0.237067
	0.000000	1.000000	0.000000	0.000000	0.000000	-0.073270	0.856906	0.002900	-0.014979	0.274637
	0.000000	1.000000	0.000000	0.000000	0.000000	-0.089756	0.963684	0.041496	-0.016645	0.131806
	0.000000	1.000000	0.000000	0.000000	0.000000	-0.042668	0.691933	0.003384	0.004927	0.350007
	0.000000	1.000000	0.000000	0.000000	0.000000	-0.060577	0.746752	-0.029787	-0.018157	0.398837
	0.000000	1.000000	0.000000	0.000000	0.000000	-0.039784	0.840036	0.174839	0.061633	-0.006859
	0.000000	1.000000	0.000000	0.000000	0.000000	-0.068995	0.779046	-0.040949	-0.027730	0.410912
	0.000000	1.000000	0.000000	0.000000	0.000000	-0.082398	1.005285	0.141632	0.018837	-0.027609
	0.000000	1.000000	0.000000	0.000000	0.000000	-0.039547	0.675138	-0.013673	-0.000347	0.410564
	0.000000	1.000000	0.000000	0.000000	0.000000	-0.033934	0.646684	-0.007647	0.005201	0.416481
	0.000000	1.000000	0.000000	0.000000	0.000000	-0.049853	0.812080	0.103439	0.030324	0.102526
	0.000000	1.000000	0.000000	0.000000	0.000000	-0.108860	1.046124	0.013597	-0.037533	0.145381
	0.000000	1.000000	0.000000	0.000000	0.000000	-0.055654	0.731911	-0.021297	-0.015876	0.386624
	0.000000	1.000000	0.000000	0.000000	0.000000	-0.072821	0.939005	0.118924	0.019878	0.027255
	0.000000	1.000000	0.000000	0.000000	0.000000	-0.001381	0.557096	0.100783	0.065296	0.193223
	0.000000	1.000000	0.000000	0.000000	0.000000	0.029086	0.447296	0.102603	0.083476	0.242204
	0.000000	1.000000	0.000000	0.000000	0.000000	-0.040021	0.739276	0.071098	0.028716	0.178270
	0.000000	1.000000	0.000000	0.000000	0.000000	-0.061730	0.891777	0.121069	0.027627	0.041115
	0.000000	1.000000	0.000000	0.000000	0.000000	-0.078612	0.837783	-0.054784	-0.039453	0.428179
	0.000000	1.000000	0.000000	0.000000	0.000000	-0.116294	1.094848	0.054370	-0.031050	0.034692
	0.000000	1.000000	0.000000	0.000000	0.000000	-0.053356	0.850729	0.127779	0.038411	0.049356
	0.000000	1.000000	0.000000	0.000000	0.000000	0.148562	0.075911	0.241123	0.204879	0.161836
	0.000000	1.000000	0.000000	0.000000	0.000000	-0.044230	0.714872	0.005194	0.005098	0.353267
	0.000000	1.000000	0.000000	0.000000	0.000000	-0.054116	0.832998	0.061905	0.014856	0.160751
	0.000000	1.000000	0.000000	0.000000	0.000000	-0.085971	0.964979	0.068105	-0.003589	0.081919
	0.000000	1.000000	0.000000	0.000000	0.000000	-0.104165	1.003534	-0.005127	-0.038938	0.192598
	0.000000	0.000000	1.000000	0.000000	0.000000	0.142392	0.271379	0.515449	0.290424	-0.167677
	0.000000	0.000000	1.000000	0.000000	0.000000	0.124892	0.335581	0.537256	0.292125	-0.191913
	0.000000	0.000000	1.000000	0.000000	0.000000	0.167282	0.211163	0.569100	0.331737	-0.186551
	0.000000	0.000000	1.000000	0.000000	0.000000	0.150328	0.192106	0.447718	0.276252	-0.108764
	0.000000	0.000000	1.000000	0.000000	0.000000	0.174026	0.199122	0.576527	0.336330	-0.186684
	0.000000	0.000000	1.000000	0.000000	0.000000	0.162584	0.126751	0.413292	0.272345	-0.061143
	0.000000	0.000000	1.000000	0.000000	0.000000	0.186797	0.137499	0.534167	0.330413	-0.150533
	0.000000	0.000000	1.000000	0.000000	0.000000	0.217189	0.038735	0.506115	0.339328	-0.104480
	0.000000	0.000000	1.000000	0.000000	0.000000	0.173146	0.179468	0.538982	0.320471	-0.163869
	0.000000	0.000000	1.000000	0.000000	0.000000	0.183084	0.085752	0.442785	0.296380	-0.072643
	0.000000	0.000000	1.000000	0.000000	0.000000	0.146838	0.234770	0.483946	0.288252	-0.144881
	0.000000	0.000000	1.000000	0.000000	0.000000	0.179799	0.177652	0.576188	0.342499	-0.184203
	0.000000	0.000000	1.000000	0.000000	0.000000	0.214582	0.036070	0.500372	0.334687	-0.095597
	0.000000	0.000000	0.000000	1.000000	0.000000	0.155368	0.041134	0.210176	0.199737	0.226142
	0.000000	0.000000	0.000000	1.000000	0.000000	0.236965	-0.116369	0.246173	0.255849	0.291425
	0.000000	0.000000	0.000000	1.000000	0.000000	0.106963	0.183265	0.138939	0.146076	0.307067
	0.000000	0.000000	0.000000	1.000000	0.000000	0.106014	0.175697	0.143705	0.145748	0.284939
	0.000000	0.000000	0.000000	1.000000	0.000000	0.234268	-0.092112	0.280261	0.266278	0.209673
	0.000000	0.000000	0.000000	1.000000	0.000000	0.272589	-0.156411	0.253338	0.274571	0.331671
	0.000000	0.000000	0.000000	1.000000	0.000000	0.237620	-0.082949	0.333902	0.293342	0.121664
	0.000000	0.000000	0.000000	1.000000	0.000000	0.072759	0.269916	0.107174	0.113105	0.310407
	0.000000	0.000000	0.000000	1.000000	0.000000	0.247952	-0.104778	0.287636	0.275901	0.220102
	0.000000	0.000000	0.000000	1.000000	0.000000	0.219131	-0.104882	0.161559	0.209665	0.436727
	0.000000	0.000000	0.000000	1.000000	0.000000	0.199537	-0.006205	0.319023	0.267215	0.082481
	0.000000	0.000000	0.000000	1.000000	0.000000	0.179352	0.011956	0.286111	0.244304	0.110633
	0.000000	0.000000	0.000000	1.000000	0.000000	0.176131	-0.011489	0.213937	0.214761	0.247202
	0.000000	0.000000	0.000000	1.000000	0.000000	0.212032	-0.025086	0.341535	0.282173	0.076453
	0.000000	0.000000	0.000000	1.000000	0.000000	0.150730	0.076277	0.234572	0.206965	0.163583
	0.000000	0.000000	0.000000	1.000000	0.000000	0.179180	0.020685	0.281271	0.241540	0.121372
	0.000000	0.000000	0.000000	0.000000	1.000000	0.083420	0.093839	-0.043631	0.054465	0.785420
	0.000000	0.000000	0.000000	0.000000	1.000000	0.100720	0.057590	-0.025677	0.073263	0.757802
	0.000000	0.000000	0.000000	0.000000	1.000000	0.106899	0.066267	0.007227	0.088726	0.679011
	0.000000	0.000000	0.000000	0.000000	1.000000	0.191734	-0.112436	0.022067	0.138874	0.761260
	0.000000	0.000000	0.000000	0.000000	1.000000	0.119360	0.030923	-0.005006	0.092722	0.709293
	0.000000	0.000000	0.000000	0.000000	1.000000	0.058756	0.163223	-0.046224	0.042129	0.746666
	0.000000	0.000000	0.000000	0.000000	1.000000	0.075289	0.076988	-0.077126	0.035332	0.874191
	0.000000	0.000000	0.000000	0.000000	1.000000	0.121888	-0.020084	-0.052520	0.069773	0.866378
	0.000000	0.000000	0.000000	0.000000	1.000000	0.063789	0.055020	-0.120353	0.009417	0.985031
	0.000000	0.000000	0.000000	0.000000	1.000000	0.027403	0.204014	-0.101762	0.001054	0.864760
	0.000000	0.000000	0.000000	0.000000	1.000000	0.049395	0.153007	-0.079721	0.022601	0.832889
	0.000000	0.000000	0.000000	0.000000	1.000000	0.042844	0.132282	-0.113120	0.002526	0.933052
	0.000000	0.000000	0.000000	0.000000	1.000000	0.027104	0.216931	-0.106040	0.000330	0.882168
	0.000000	0.000000	0.000000	0.000000	1.000000	0.057027	0.103499	-0.102273	0.014991	0.922933
	0.000000	0.000000	0.000000	0.000000	1.000000	0.059769	0.139213	-0.069295	0.034728	0.816933
	0.000000	0.000000	0.000000	0.000000	1.000000	0.070024	0.132774	-0.045837	0.050642	0.753145
	0.000000	0.000000	0.000000	0.000000	1.000000	0.029682	0.248015	-0.071150	0.017076	0.770429
	0.000000	0.000000	0.000000	0.000000	1.000000	0.111871	0.055146	0.006455	0.093174	0.670323
	0.000000	0.000000	0.000000	0.000000	1.000000	0.108987	0.061303	0.003555	0.089666	0.672478
	0.000000	0.000000	0.000000	0.000000	1.000000	0.063040	0.165980	-0.029131	0.052916	0.696946
	0.000000	0.000000	0.000000	0.000000	1.000000	0.058050	0.150281	-0.073938	0.029218	0.839711
	0.000000	0.000000	0.000000	0.000000	1.000000	0.114383	0.026485	-0.032753	0.076478	0.805130
	0.000000	0.000000	0.000000	0.000000	1.000000	0.028029	0.203758	-0.111709	-0.004121	0.904308
	0.000000	0.000000	0.000000	0.000000	1.000000	0.088379	0.078339	-0.047229	0.056591	0.799640
	0.000000	0.000000	0.000000	0.000000	1.000000	0.072823	0.087656	-0.073698	0.038056	0.864217
	0.000000	0.000000	0.000000	0.000000	1.000000	0.081632	0.063138	-0.071941	0.042948	0.869237
	0.000000	0.000000	0.000000	0.000000	1.000000	0.091379	0.025623	-0.084324	0.037988	0.914622
	0.000000	0.000000	0.000000	0.000000	1.000000	0.017518	0.293211	-0.070354	0.010736	0.739522
	0.000000	0.000000	0.000000	0.000000	1.000000	0.155900	-0.059388	-0.001445	0.109023	0.778137
	0.000000	0.000000	0.000000	0.000000	1.000000	0.215079	-0.148821	0.033781	0.156783	0.780495
	0.000000	0.000000	0.000000	0.000000	1.000000	0.081188	0.095228	-0.048091	0.053114	0.795650
	0.000000	0.000000	0.000000	0.000000	1.000000	0.110425	-0.019330	-0.080204	0.052402	0.931250
	0.000000	0.000000	0.000000	0.000000	1.000000	0.045414	0.104170	-0.126317	-0.003109	0.977062
	0.000000	0.000000	0.000000	0.000000	1.000000	0.034982	0.211278	-0.084245	0.013101	0.821944
	0.000000	0.000000	0.000000	0.000000	1.000000	0.129031	0.038962	0.040065	0.117358	0.610503
	0.000000	0.000000	0.000000	0.000000	1.000000	0.034052	0.284673	-0.036800	0.031952	0.670070
	0.000000	0.000000	0.000000	0.000000	1.000000	0.085725	0.042936	-0.078558	0.040561	0.893131
	0.000000	0.000000	0.000000	0.000000	1.000000	0.058900	0.060804	-0.121006	0.007310	0.982663
	0.000000	0.000000	0.000000	0.000000	1.000000	0.051484	0.115932	-0.110136	0.009567	0.926014
	0.000000	0.000000	0.000000	0.000000	1.000000	0.088826	0.017944	-0.093506	0.035949	0.944328
	0.000000	0.000000	0.000000	0.000000	1.000000	0.012499	0.352584	-0.046745	0.017493	0.643930
	0.000000	0.000000	0.000000	0.000000	1.000000	0.032336	0.291545	-0.030335	0.036687	0.637366
	0.000000	0.000000	0.000000	0.000000	1.000000	0.075302	0.049800	-0.098272	0.026185	0.936367
	0.000000	0.000000	0.000000	0.000000	1.000000	0.056745	0.121796	-0.090248	0.020342	0.889659
	0.000000	0.000000	0.000000	0.000000	1.000000	0.038101	0.198349	-0.090871	0.012438	0.851773
	0.000000	0.000000	0.000000	0.000000	1.000000	0.075908	0.132994	-0.020595	0.062118	0.700841
	0.000000	0.000000	0.000000	0.000000	1.000000	0.033795	0.213742	-0.080070	0.013765	0.813867
	0.000000	0.000000	0.000000	0.000000	1.000000	0.125879	0.007384	0.005604	0.101070	0.697485
	0.000000	0.000000	0.000000	0.000000	1.000000	0.030355	0.331964	-0.015995	0.040966	0.591772
	0.000000	0.000000	0.000000	0.000000	1.000000	0.031144	0.224437	-0.074925	0.015676	0.787909
	0.000000	0.000000	0.000000	0.000000	1.000000	0.037612	0.213979	-0.065676	0.023536	0.763779
	0.000000	0.000000	0.000000	0.000000	1.000000	0.165392	-0.001374	0.098066	0.157399	0.517846
	0.000000	0.000000	0.000000	0.000000	1.000000	0.204521	-0.083941	0.152373	0.201662	0.436420
	0.000000	0.000000	0.000000	0.000000	1.000000	0.206004	-0.088861	0.144104	0.197883	0.458278
	0.000000	0.000000	0.000000	0.000000	1.000000	0.048602	0.254867	-0.008462	0.055724	0.620546
	0.000000	0.000000	0.000000	0.000000	1.000000	0.233350	-0.130529	0.178627	0.227701	0.425565
	0.000000	0.000000	0.000000	0.000000	1.000000	0.128924	0.003582	-0.008639	0.092631	0.773383
	0.000000	0.000000	0.000000	0.000000	1.000000	0.043791	0.153973	-0.102675	0.009141	0.909120
	0.000000	0.000000	0.000000	0.000000	1.000000	0.219837	-0.125055	0.129691	0.197978	0.517912
	0.000000	0.000000	0.000000	0.000000	1.000000	0.074274	0.084259	-0.078253	0.036456	0.874866
	0.000000	0.000000	0.000000	0.000000	1.000000	0.139784	-0.019171	0.006901	0.107443	0.723976
	0.000000	0.000000	0.000000	0.000000	1.000000	0.014310	0.263513	-0.101142	-0.005799	0.848328
	0.000000	0.000000	0.000000	0.000000	1.000000	0.124507	-0.025920	-0.050810	0.071368	0.872253
	0.000000	0.000000	0.000000	0.000000	1.000000	0.143243	-0.054905	-0.038710	0.085550	0.864233
	0.000000	0.000000	0.000000	0.000000	1.000000	0.179194	-0.021581	0.172938	0.196068	0.342978
	1.000000	0.000000	0.000000	0.000000	0.000000	0.197509	-0.089730	0.077400	0.167386	0.627423
	1.000000	0.000000	0.000000	0.000000	0.000000	0.257739	-0.173631	0.143400	0.225518	0.548744
	1.000000	0.000000	0.000000	0.000000	0.000000	0.175880	-0.070161	0.043542	0.141852	0.681427
	1.000000	0.000000	0.000000	0.000000	0.000000	0.217738	-0.125415	0.085292	0.180043	0.630551
	1.000000	0.000000	0.000000	0.000000	0.000000	0.233304	-0.132593	0.132064	0.209377	0.538125
	1.000000	0.000000	0.000000	0.000000	0.000000	0.214922	-0.118825	0.072999	0.173208	0.657462
	1.000000	0.000000	0.000000	0.000000	0.000000	0.234556	-0.128504	0.128121	0.205891	0.554477
	1.000000	0.000000	0.000000	0.000000	0.000000	0.249393	-0.143850	0.154019	0.225306	0.509564
	1.000000	0.000000	0.000000	0.000000	0.000000	0.224027	-0.118988	0.117434	0.196707	0.552558
	1.000000	0.000000	0.000000	0.000000	0.000000	0.143841	-0.029026	-0.000543	0.108226	0.747631
	1.000000	0.000000	0.000000	0.000000	0.000000	0.068000	0.313020	0.143136	0.122637	0.234483
	1.000000	0.000000	0.000000	0.000000	0.000000	0.209638	-0.124368	0.052101	0.161006	0.714349
	1.000000	0.000000	0.000000	0.000000	0.000000	0.213354	-0.132879	0.051825	0.160718	0.704894
	1.000000	0.000000	0.000000	0.000000	0.000000	0.167965	-0.009983	0.107281	0.160602	0.499353
	1.000000	0.000000	0.000000	0.000000	0.000000	0.267233	-0.172362	0.184721	0.246582	0.467951
	1.000000	0.000000	0.000000	0.000000	0.000000	0.309189	-0.195772	0.281891	0.306266	0.323625
	0.000000	1.000000	0.000000	0.000000	0.000000	-0.065939	0.938689	0.151167	0.035758	-0.014373
	0.000000	1.000000	0.000000	0.000000	0.000000	-0.055937	0.663926	-0.071201	-0.031869	0.551176
	0.000000	1.000000	0.000000	0.000000	0.000000	-0.009056	0.750889	0.270402	0.110888	-0.079923
	0.000000	1.000000	0.000000	0.000000	0.000000	-0.056419	0.850123	0.109021	0.028342	0.070083
	0.000000	1.000000	0.000000	0.000000	0.000000	-0.060849	0.701067	-0.056556	-0.028977	0.484070
	0.000000	1.000000	0.000000	0.000000	0.000000	-0.019112	0.656516	0.084488	0.044352	0.203060
	0.000000	1.000000	0.000000	0.000000	0.000000	-0.015840	0.503436	-0.025724	0.010503	0.514837
	0.000000	1.000000	0.000000	0.000000	0.000000	0.000186	0.349051	-0.058617	0.006563	0.661523
	0.000000	1.000000	0.000000	0.000000	0.000000	-0.060779	0.818431	0.015261	-0.003797	0.267562
	0.000000	1.000000	0.000000	0.000000	0.000000	-0.091164	0.931121	-0.011013	-0.031880	0.251718
	0.000000	1.000000	0.000000	0.000000	0.000000	-0.089341	1.004059	0.095832	0.000602	0.030523
	0.000000	1.000000	0.000000	0.000000	0.000000	-0.054386	0.694811	-0.054142	-0.025024	0.496357
	0.000000	1.000000	0.000000	0.000000	0.000000	-0.073122	0.846560	-0.010714	-0.020337	0.306772
	0.000000	1.000000	0.000000	0.000000	0.000000	-0.056842	0.764039	-0.009883	-0.008350	0.349189
	0.000000	1.000000	0.000000	0.000000	0.000000	0.010255	0.525474	0.115802	0.077747	0.165674
	0.000000	1.000000	0.000000	0.000000	0.000000	0.115376	0.220060	0.309099	0.209158	0.010047
	0.000000	1.000000	0.000000	0.000000	0.000000	-0.080986	0.934258	0.035703	-0.009615	0.167723
	0.000000	1.000000	0.000000	0.000000	0.000000	-0.050979	0.697208	0.023416	0.004219	0.269813
	0.000000	1.000000	0.000000	0.000000	0.000000	-0.092964	1.003907	0.080602	-0.006716	0.046076
	0.000000	1.000000	0.000000	0.000000	0.000000	-0.012550	0.608354	0.062642	0.044996	0.262117
	0.000000	1.000000	0.000000	0.000000	0.000000	-0.085069	0.913237	0.003600	-0.023626	0.230455
	0.000000	1.000000	0.000000	0.000000	0.000000	-0.065164	0.810811	-0.004077	-0.011948	0.314324
	0.000000	1.000000	0.000000	0.000000	0.000000	-0.043087	0.672118	0.031596	0.010255	0.265281
	0.000000	1.000000	0.000000	0.000000	0.000000	-0.040194	0.729426	0.033176	0.015384	0.287869
	0.000000	1.000000	0.000000	0.000000	0.000000	-0.091257	0.995704	0.060299	-0.011503	0.085628
	0.000000	1.000000	0.000000	0.000000	0.000000	-0.055827	0.738600	-0.031384	-0.017823	0.429558
	0.000000	1.000000	0.000000	0.000000	0.000000	-0.050402	0.647913	-0.015677	-0.008642	0.388037
	0.000000	1.000000	0.000000	0.000000	0.000000	-0.051415	0.790215	0.033741	0.007408	0.244996
	0.000000	1.000000	0.000000	0.000000	0.000000	-0.087160	0.915465	-0.014123	-0.031128	0.275697
	0.000000	1.000000	0.000000	0.000000	0.000000	-0.030696	0.663119	0.028190	0.019349	0.313483
	0.000000	1.000000	0.000000	0.000000	0.000000	-0.028434	0.663875	0.056932	0.033873	0.231698
	0.000000	1.000000	0.000000	0.000000	0.000000	-0.031526	0.716719	0.081433	0.038848	0.174268
	0.000000	1.000000	0.000000	0.000000	0.000000	-0.072151	0.883832	0.050065	0.000003	0.152679
	0.000000	1.000000	0.000000	0.000000	0.000000	-0.100741	1.014084	0.038259	-0.022826	0.100183
	0.000000	1.000000	0.000000	0.000000	0.000000	0.035401	0.515448	0.263207	0.139288	-0.028669
	0.000000	0.000000	1.000000	0.000000	0.000000	0.182320	0.105545	0.465890	0.299622	-0.093796
	0.000000	0.000000	1.000000	0.000000	0.000000	0.205194	0.047825	0.502256	0.334086	-0.114733
	0.000000	0.000000	1.000000	0.000000	0.000000	0.178501	0.180314	0.564799	0.334094	-0.175944
	0.000000	0.000000	1.000000	0.000000	0.000000	0.115519	0.289841	0.403160	0.235754	-0.096041
	0.000000	0.000000	1.000000	0.000000	0.000000	0.118262	0.333126	0.475749	0.260645	-0.152463
	0.000000	0.000000	1.000000	0.000000	0.000000	0.147295	0.233496	0.489301	0.288355	-0.147810
	0.000000	0.000000	1.000000	0.000000	0.000000	0.197759	0.048177	0.437192	0.305870	-0.057344
	0.000000	0.000000	1.000000	0.000000	0.000000	0.128767	0.346897	0.557784	0.306327	-0.200107
	0.000000	0.000000	1.000000	0.000000	0.000000	0.187125	0.102250	0.513859	0.326595	-0.131966
	0.000000	0.000000	1.000000	0.000000	0.000000	0.186066	0.093741	0.450216	0.300927	-0.079788
	0.000000	0.000000	1.000000	0.000000	0.000000	0.149291	0.208774	0.435598	0.268798	-0.092706
	0.000000	0.000000	1.000000	0.000000	0.000000	0.233287	-0.024893	0.458604	0.333086	-0.041477
	0.000000	0.000000	1.000000	0.000000	0.000000	0.179076	0.177109	0.581749	0.344489	-0.187991
	0.000000	0.000000	1.000000	0.000000	0.000000	0.076812	0.316880	0.230437	0.157538	0.064550
	0.000000	0.000000	1.000000	0.000000	0.000000	0.182518	0.135374	0.514585	0.319202	-0.135713
	0.000000	0.000000	1.000000	0.000000	0.000000	0.192154	0.116060	0.538436	0.334534	-0.145867
	0.000000	0.000000	0.000000	1.000000	0.000000	0.210929	-0.025676	0.345666	0.280996	0.060854
	0.000000	0.000000	0.000000	1.000000	0.000000	0.214506	-0.062920	0.252146	0.246069	0.231579
	0.000000	0.000000	0.000000	1.000000	0.000000	0.092417	0.193237	0.135770	0.133743	0.280968
	0.000000	0.000000	0.000000	1.000000	0.000000	0.127052	0.148660	0.211550	0.184282	0.167890
	0.000000	0.000000	0.000000	1.000000	0.000000	0.274758	-0.156672	0.291946	0.297043	0.253963
	0.000000	0.000000	0.000000	1.000000	0.000000	0.205593	-0.056964	0.226453	0.232868	0.266879
	0.000000	0.000000	0.000000	1.000000	0.000000	0.273848	-0.164857	0.236283	0.268578	0.369959
	0.000000	0.000000	0.000000	1.000000	0.000000	0.183586	0.008858	0.278795	0.242031	0.133807
	0.000000	0.000000	0.000000	1.000000	0.000000	0.197278	-0.026742	0.278524	0.248878	0.162897
	0.000000	0.000000	0.000000	1.000000	0.000000	0.150188	0.042010	0.181037	0.186005	0.269923
	0.000000	0.000000	0.000000	1.000000	0.000000	0.227350	-0.065353	0.336992	0.289490	0.106649
	0.000000	0.000000	0.000000	1.000000	0.000000	0.210695	-0.040442	0.305892	0.268561	0.123091
	0.000000	0.000000	0.000000	1.000000	0.000000	0.198548	-0.028949	0.277143	0.249992	0.163983
	0.000000	0.000000	0.000000	1.000000	0.000000	0.238855	-0.050327	0.436974	0.336580	-0.024060
	0.000000	0.000000	0.000000	1.000000	0.000000	0.240270	-0.068364	0.368569	0.302692	0.066980
	0.000000	0.000000	0.000000	0.000000	1.000000	0.088121	0.088660	-0.039751	0.059379	0.781729
	0.000000	0.000000	0.000000	0.000000	1.000000	0.096572	0.070582	-0.029878	0.066633	0.769980
	0.000000	0.000000	0.000000	0.000000	1.000000	0.060329	0.093556	-0.100835	0.016244	0.922291
	0.000000	0.000000	0.000000	0.000000	1.000000	0.056683	0.167435	-0.058677	0.037727	0.778356
	0.000000	0.000000	0.000000	0.000000	1.000000	0.063162	0.173723	-0.025154	0.054331	0.684689
	0.000000	0.000000	0.000000	0.000000	1.000000	0.123168	-0.030138	-0.066952	0.063478	0.915759
	0.000000	0.000000	0.000000	0.000000	1.000000	0.107282	0.058606	0.001291	0.088126	0.681522
	0.000000	0.000000	0.000000	0.000000	1.000000	0.049381	0.160482	-0.083677	0.020089	0.851003
	0.000000	0.000000	0.000000	0.000000	1.000000	0.164960	-0.032590	0.062811	0.141671	0.613056
	0.000000	0.000000	0.000000	0.000000	1.000000	0.249848	-0.161748	0.100771	0.200824	0.649111
	0.000000	0.000000	0.000000	0.000000	1.000000	0.040741	0.187373	-0.083127	0.018916	0.824526
	0.000000	0.000000	0.000000	0.000000	1.000000	0.113845	0.008630	-0.046453	0.070007	0.856899
	0.000000	0.000000	0.000000	0.000000	1.000000	0.035926	0.170759	-0.102181	0.005468	0.888367
	0.000000	0.000000	0.000000	0.000000	1.000000	0.093411	0.004542	-0.099622	0.034417	0.964076
	0.000000	0.000000	0.000000	0.000000	1.000000	0.039484	0.172103	-0.097506	0.008403	0.875654
	0.000000	0.000000	0.000000	0.000000	1.000000	0.160669	-0.079269	-0.016978	0.106736	0.820718
	0.000000	0.000000	0.000000	0.000000	1.000000	0.092177	0.068961	-0.038361	0.062581	0.785912
	0.000000	0.000000	0.000000	0.000000	1.000000	0.061556	0.160891	-0.030609	0.052167	0.696893
	0.000000	0.000000	0.000000	0.000000	1.000000	0.059847	0.120083	-0.080409	0.028247	0.858409
	0.000000	0.000000	0.000000	0.000000	1.000000	0.072664	0.171255	0.008326	0.076009	0.597396
	0.000000	0.000000	0.000000	0.000000	1.000000	0.059141	0.129977	-0.077887	0.029998	0.840311
	0.000000	0.000000	0.000000	0.000000	1.000000	0.043952	0.137915	-0.109881	0.005736	0.922167
	0.000000	0.000000	0.000000	0.000000	1.000000	0.123059	-0.018565	-0.050372	0.069155	0.870608
	0.000000	0.000000	0.000000	0.000000	1.000000	0.091524	0.073145	-0.038756	0.062006	0.782101
	0.000000	0.000000	0.000000	0.000000	1.000000	0.047712	0.142288	-0.098977	0.011709	0.895717
	0.000000	0.000000	0.000000	0.000000	1.000000	0.099694	0.012952	-0.062407	0.055779	0.867724
	0.000000	0.000000	0.000000	0.000000	1.000000	0.097730	0.004319	-0.091634	0.036965	0.959276
	0.000000	0.000000	0.000000	0.000000	1.000000	0.120992	0.050979	0.033589	0.110676	0.613423
	0.000000	0.000000	0.000000	0.000000	1.000000	0.141767	-0.060100	-0.051417	0.080485	0.902583
	0.000000	0.000000	0.000000	0.000000	1.000000	0.057095	0.121461	-0.093227	0.020716	0.891418
	0.000000	0.000000	0.000000	0.000000	1.000000	0.094378	0.022390	-0.082106	0.043955	0.914384
	0.000000	0.000000	0.000000	0.000000	1.000000	0.037485	0.186833	-0.087685	0.011751	0.839476
	0.000000	0.000000	0.000000	0.000000	1.000000	0.051697	0.129498	-0.111009	0.005953	0.939924
	0.000000	0.000000	0.000000	0.000000	1.000000	0.037437	0.115629	-0.134395	-0.010006	0.991493
	0.000000	0.000000	0.000000	0.000000	1.000000	0.119924	0.005618	-0.028923	0.080456	0.804879
	0.000000	0.000000	0.000000	0.000000	1.000000	0.024359	0.251197	-0.071486	0.013664	0.763744
	0.000000	0.000000	0.000000	0.000000	1.000000	0.051928	0.167112	-0.076513	0.025303	0.830544
	0.000000	0.000000	0.000000	0.000000	1.000000	0.023460	0.259862	-0.072074	0.013510	0.768930
	0.000000	0.000000	0.000000	0.000000	1.000000	0.029968	0.212694	-0.086373	0.009407	0.832689
	0.000000	0.000000	0.000000	0.000000	1.000000	0.056593	0.171736	-0.041592	0.042924	0.731632
	0.000000	0.000000	0.000000	0.000000	1.000000	0.013206	0.226510	-0.131780	-0.020794	0.940115
	0.000000	0.000000	0.000000	0.000000	1.000000	0.039325	0.205874	-0.072659	0.021922	0.795507
	0.000000	0.000000	0.000000	0.000000	1.000000	0.104981	-0.013472	-0.083451	0.048594	0.934971
	0.000000	0.000000	0.000000	0.000000	1.000000	0.088116	0.089081	-0.027602	0.067951	0.738602
	0.000000	0.000000	0.000000	0.000000	1.000000	0.065502	0.098889	-0.088465	0.027159	0.892790
	0.000000	0.000000	0.000000	0.000000	1.000000	0.048389	0.152100	-0.090237	0.017772	0.872058
	0.000000	0.000000	0.000000	0.000000	1.000000	0.096933	0.011224	-0.080779	0.043370	0.913916
	0.000000	0.000000	0.000000	0.000000	1.000000	0.067262	0.109824	-0.064576	0.038646	0.820283
	0.000000	0.000000	0.000000	0.000000	1.000000	0.034465	0.186404	-0.108671	-0.000547	0.898709
	0.000000	0.000000	0.000000	0.000000	1.000000	0.098591	0.014844	-0.073176	0.049301	0.896589
	0.000000	0.000000	0.000000	0.000000	1.000000	0.106876	0.002199	-0.068560	0.054472	0.895577
	0.000000	0.000000	0.000000	0.000000	1.000000	0.044657	0.114373	-0.119792	-0.000024	0.959734
	0.000000	0.000000	0.000000	0.000000	1.000000	0.028874	0.236393	-0.079313	0.011908	0.799790
	0.000000	0.000000	0.000000	0.000000	1.000000	0.033816	0.162017	-0.113841	-0.002249	0.919123
	0.000000	0.000000	0.000000	0.000000	1.000000	0.205150	-0.095195	0.135540	0.192806	0.481696
	0.000000	0.000000	0.000000	0.000000	1.000000	0.086051	0.064408	-0.055892	0.051655	0.823581
	0.000000	0.000000	0.000000	0.000000	1.000000	0.052274	0.175677	-0.067999	0.030119	0.805632
	0.000000	0.000000	0.000000	0.000000	1.000000	0.099608	0.035842	-0.048019	0.061988	0.825143
	0.000000	0.000000	0.000000	0.000000	1.000000	0.139745	-0.047513	-0.037131	0.084144	0.863727
	0.000000	0.000000	0.000000	0.000000	1.000000	0.106426	0.002332	-0.071987	0.052217	0.906637
	0.000000	0.000000	0.000000	0.000000	1.000000	0.084646	0.077208	-0.053399	0.051648	0.816346
