	1.000000	0.000000	0.000000	0.000000	0.000000	0.158684	0.054273	0.155188	0.160917	0.396712
	1.000000	0.000000	0.000000	0.000000	0.000000	0.171434	0.002348	0.152230	0.165094	0.443858
	1.000000	0.000000	0.000000	0.000000	0.000000	0.207152	-0.084239	0.212483	0.209310	0.363176
	1.000000	0.000000	0.000000	0.000000	0.000000	0.180728	-0.012441	0.166493	0.176297	0.428570
	1.000000	0.000000	0.000000	0.000000	0.000000	0.162974	0.024711	0.137614	0.155532	0.458712
	1.000000	0.000000	0.000000	0.000000	0.000000	0.173858	-0.005475	0.155192	0.166984	0.445899
	1.000000	0.000000	0.000000	0.000000	0.000000	0.166432	0.007798	0.144195	0.158568	0.458178
	1.000000	0.000000	0.000000	0.000000	0.000000	0.188882	-0.045984	0.173271	0.182370	0.427558
	1.000000	0.000000	0.000000	0.000000	0.000000	0.159649	0.010900	0.130888	0.150748	0.470186
	1.000000	0.000000	0.000000	0.000000	0.000000	0.209895	-0.091384	0.209166	0.211043	0.381362
	1.000000	0.000000	0.000000	0.000000	0.000000	0.166081	0.015740	0.137928	0.158273	0.454718
	1.000000	0.000000	0.000000	0.000000	0.000000	0.203486	-0.081777	0.199944	0.204364	0.393142
	1.000000	0.000000	0.000000	0.000000	0.000000	0.172700	0.000219	0.154874	0.168261	0.432278
	1.000000	0.000000	0.000000	0.000000	0.000000	0.102623	0.254668	0.108276	0.112081	0.388735
	0.000000	1.000000	0.000000	0.000000	0.000000	0.020916	0.636261	0.042467	0.040281	0.350786
	0.000000	1.000000	0.000000	0.000000	0.000000	0.026446	0.628166	0.045491	0.046120	0.352643
	0.000000	1.000000	0.000000	0.000000	0.000000	0.036779	0.461725	0.043922	0.047283	0.390223
	0.000000	1.000000	0.000000	0.000000	0.000000	0.034148	0.579570	0.040964	0.048572	0.392879
	0.000000	1.000000	0.000000	0.000000	0.000000	0.022749	0.683872	0.046776	0.043972	0.343832
	0.000000	1.000000	0.000000	0.000000	0.000000	0.030042	0.591038	0.042525	0.046282	0.367840
	0.000000	1.000000	0.000000	0.000000	0.000000	0.027189	0.569331	0.027040	0.037340	0.417239
	0.000000	1.000000	0.000000	0.000000	0.000000	0.045111	0.540145	0.061215	0.063127	0.351942
	0.000000	1.000000	0.000000	0.000000	0.000000	0.022834	0.702333	0.062350	0.049811	0.291103
	0.000000	1.000000	0.000000	0.000000	0.000000	0.029125	0.624804	0.050545	0.048024	0.339897
	0.000000	1.000000	0.000000	0.000000	0.000000	0.061666	0.466738	0.085212	0.081451	0.344198
	0.000000	1.000000	0.000000	0.000000	0.000000	0.007220	0.700198	0.013909	0.019883	0.380299
	0.000000	1.000000	0.000000	0.000000	0.000000	0.060784	0.417507	0.063677	0.066491	0.393691
	0.000000	1.000000	0.000000	0.000000	0.000000	0.013604	0.669311	0.023882	0.029009	0.376097
	0.000000	1.000000	0.000000	0.000000	0.000000	0.017801	0.647013	0.024469	0.033902	0.390445
	0.000000	1.000000	0.000000	0.000000	0.000000	0.011474	0.717564	0.037199	0.032103	0.332604
	0.000000	1.000000	0.000000	0.000000	0.000000	0.032526	0.554721	0.033806	0.045042	0.405948
	0.000000	1.000000	0.000000	0.000000	0.000000	0.019462	0.597041	0.011997	0.028425	0.431122
	0.000000	1.000000	0.000000	0.000000	0.000000	0.053665	0.577398	0.106342	0.085735	0.258347
	0.000000	1.000000	0.000000	0.000000	0.000000	0.013940	0.618497	0.004025	0.021859	0.439670
	0.000000	1.000000	0.000000	0.000000	0.000000	0.027912	0.717682	0.084730	0.061381	0.250105
	0.000000	1.000000	0.000000	0.000000	0.000000	0.035953	0.538100	0.027267	0.042710	0.436962
	0.000000	1.000000	0.000000	0.000000	0.000000	0.039092	0.522464	0.034297	0.047955	0.433115
	0.000000	1.000000	0.000000	0.000000	0.000000	0.036264	0.608049	0.075227	0.061956	0.306503
	0.000000	1.000000	0.000000	0.000000	0.000000	-0.000218	0.792045	0.017733	0.020288	0.350282
	0.000000	1.000000	0.000000	0.000000	0.000000	0.026721	0.548612	0.019800	0.031365	0.439307
	0.000000	1.000000	0.000000	0.000000	0.000000	0.028192	0.676711	0.076067	0.058986	0.276865
	0.000000	1.000000	0.000000	0.000000	0.000000	0.064871	0.425017	0.090880	0.084553	0.325069
	0.000000	1.000000	0.000000	0.000000	0.000000	0.080920	0.354424	0.092036	0.092730	0.365950
	0.000000	1.000000	0.000000	0.000000	0.000000	0.039777	0.558649	0.062307	0.059221	0.339024
	0.000000	1.000000	0.000000	0.000000	0.000000	0.032920	0.649423	0.078141	0.060737	0.283589
	0.000000	1.000000	0.000000	0.000000	0.000000	0.009313	0.657944	-0.005534	0.015786	0.454105
	0.000000	1.000000	0.000000	0.000000	0.000000	0.000197	0.818116	0.034909	0.026554	0.295424
	0.000000	1.000000	0.000000	0.000000	0.000000	0.039316	0.608570	0.084799	0.069895	0.287056
	0.000000	1.000000	0.000000	0.000000	0.000000	0.138423	0.127066	0.174361	0.160129	0.302734
	0.000000	1.000000	0.000000	0.000000	0.000000	0.038569	0.532827	0.037273	0.050248	0.416625
	0.000000	1.000000	0.000000	0.000000	0.000000	0.037424	0.599216	0.057289	0.054667	0.339642
	0.000000	1.000000	0.000000	0.000000	0.000000	0.016525	0.710092	0.048746	0.041645	0.307596
	0.000000	1.000000	0.000000	0.000000	0.000000	0.000073	0.753579	0.007314	0.015441	0.371079
	0.000000	0.000000	1.000000	0.000000	0.000000	0.156909	0.182552	0.271010	0.204582	0.133698
	0.000000	0.000000	1.000000	0.000000	0.000000	0.150617	0.208615	0.275557	0.207656	0.111868
	0.000000	0.000000	1.000000	0.000000	0.000000	0.175353	0.121168	0.296896	0.229604	0.117000
	0.000000	0.000000	1.000000	0.000000	0.000000	0.154358	0.156310	0.247784	0.196535	0.168500
	0.000000	0.000000	1.000000	0.000000	0.000000	0.178232	0.123026	0.307061	0.234493	0.110380
	0.000000	0.000000	1.000000	0.000000	0.000000	0.155838	0.132391	0.238129	0.193373	0.198610
	0.000000	0.000000	1.000000	0.000000	0.000000	0.181167	0.096300	0.289430	0.229569	0.143540
	0.000000	0.000000	1.000000	0.000000	0.000000	0.194101	0.035944	0.289888	0.237404	0.173212
	0.000000	0.000000	1.000000	0.000000	0.000000	0.175561	0.111614	0.288108	0.222953	0.133261
	0.000000	0.000000	1.000000	0.000000	0.000000	0.168071	0.104129	0.256092	0.208211	0.184854
	0.000000	0.000000	1.000000	0.000000	0.000000	0.158182	0.155240	0.256489	0.204098	0.152277
	0.000000	0.000000	1.000000	0.000000	0.000000	0.182231	0.103699	0.306776	0.238703	0.112644
	0.000000	0.000000	1.000000	0.000000	0.000000	0.191589	0.040637	0.288558	0.235666	0.178279
	0.000000	0.000000	0.000000	1.000000	0.000000	0.135540	0.128588	0.158588	0.152185	0.330524
	0.000000	0.000000	0.000000	1.000000	0.000000	0.175505	-0.002200	0.197372	0.188574	0.339993
	0.000000	0.000000	0.000000	1.000000	0.000000	0.117587	0.219580	0.123186	0.128327	0.375565
	0.000000	0.000000	0.000000	1.000000	0.000000	0.115786	0.210400	0.122480	0.124830	0.366154
	0.000000	0.000000	0.000000	1.000000	0.000000	0.179137	0.007507	0.205048	0.191599	0.313966
	0.000000	0.000000	0.000000	1.000000	0.000000	0.195461	-0.044011	0.211441	0.203282	0.356479
	0.000000	0.000000	0.000000	1.000000	0.000000	0.184299	0.004935	0.223824	0.206976	0.283127
	0.000000	0.000000	0.000000	1.000000	0.000000	0.097853	0.276543	0.100682	0.106787	0.378923
	0.000000	0.000000	0.000000	1.000000	0.000000	0.189309	-0.008718	0.218911	0.203207	0.310652
	0.000000	0.000000	0.000000	1.000000	0.000000	0.164725	0.018454	0.162952	0.162905	0.389946
	0.000000	0.000000	0.000000	1.000000	0.000000	0.165542	0.066773	0.203681	0.187425	0.269018
	0.000000	0.000000	0.000000	1.000000	0.000000	0.151851	0.085223	0.185532	0.173057	0.282292
	0.000000	0.000000	0.000000	1.000000	0.000000	0.145388	0.089833	0.164673	0.160410	0.331354
	0.000000	0.000000	0.000000	1.000000	0.000000	0.171839	0.056282	0.220306	0.196966	0.262674
	0.000000	0.000000	0.000000	1.000000	0.000000	0.136484	0.143921	0.163084	0.154301	0.307956
	0.000000	0.000000	0.000000	1.000000	0.000000	0.152562	0.094851	0.186751	0.173771	0.286601
	0.000000	0.000000	0.000000	0.000000	1.000000	0.089082	0.222861	0.046619	0.077285	0.545050
	0.000000	0.000000	0.000000	0.000000	1.000000	0.097526	0.195100	0.056716	0.087418	0.532612
	0.000000	0.000000	0.000000	0.000000	1.000000	0.105517	0.183563	0.077842	0.098768	0.495474
	0.000000	0.000000	0.000000	0.000000	1.000000	0.141013	0.044123	0.094288	0.124077	0.527881
	0.000000	0.000000	0.000000	0.000000	1.000000	0.110473	0.159393	0.069244	0.099173	0.511730
	0.000000	0.000000	0.000000	0.000000	1.000000	0.077178	0.265784	0.040568	0.070105	0.528673
	0.000000	0.000000	0.000000	0.000000	1.000000	0.081668	0.219607	0.026368	0.065055	0.593287
	0.000000	0.000000	0.000000	0.000000	1.000000	0.105765	0.137800	0.049144	0.086075	0.574554
	0.000000	0.000000	0.000000	0.000000	1.000000	0.067014	0.233995	-0.002494	0.045545	0.645264
	0.000000	0.000000	0.000000	0.000000	1.000000	0.051657	0.332144	-0.000021	0.038970	0.585885
	0.000000	0.000000	0.000000	0.000000	1.000000	0.065063	0.289721	0.018034	0.053681	0.564139
	0.000000	0.000000	0.000000	0.000000	1.000000	0.057372	0.292911	-0.001944	0.040473	0.616596
	0.000000	0.000000	0.000000	0.000000	1.000000	0.055143	0.331921	-0.001335	0.042631	0.602264
	0.000000	0.000000	0.000000	0.000000	1.000000	0.067820	0.259066	0.008431	0.050644	0.612859
	0.000000	0.000000	0.000000	0.000000	1.000000	0.073875	0.269118	0.025835	0.064305	0.560356
	0.000000	0.000000	0.000000	0.000000	1.000000	0.082346	0.248368	0.038295	0.073476	0.534593
	0.000000	0.000000	0.000000	0.000000	1.000000	0.060786	0.329350	0.017542	0.052719	0.553644
	0.000000	0.000000	0.000000	0.000000	1.000000	0.105904	0.181405	0.071760	0.097454	0.497488
	0.000000	0.000000	0.000000	0.000000	1.000000	0.105018	0.182581	0.070411	0.095832	0.499414
	0.000000	0.000000	0.000000	0.000000	1.000000	0.080183	0.261616	0.047109	0.075408	0.510852
	0.000000	0.000000	0.000000	0.000000	1.000000	0.076691	0.266825	0.026794	0.064016	0.573978
	0.000000	0.000000	0.000000	0.000000	1.000000	0.108370	0.165545	0.061674	0.095531	0.548512
	0.000000	0.000000	0.000000	0.000000	1.000000	0.053658	0.331608	-0.003244	0.038756	0.609177
	0.000000	0.000000	0.000000	0.000000	1.000000	0.090655	0.216526	0.045032	0.078230	0.550320
	0.000000	0.000000	0.000000	0.000000	1.000000	0.080064	0.231472	0.028932	0.067965	0.580797
	0.000000	0.000000	0.000000	0.000000	1.000000	0.084195	0.214562	0.031811	0.070824	0.579502
	0.000000	0.000000	0.000000	0.000000	1.000000	0.087900	0.184727	0.026807	0.065287	0.600505
	0.000000	0.000000	0.000000	0.000000	1.000000	0.052010	0.368049	0.014883	0.046638	0.534020
	0.000000	0.000000	0.000000	0.000000	1.000000	0.127111	0.083552	0.083082	0.111241	0.532944
	0.000000	0.000000	0.000000	0.000000	1.000000	0.155129	0.001108	0.116102	0.144940	0.515060
	0.000000	0.000000	0.000000	0.000000	1.000000	0.087859	0.225479	0.043468	0.077254	0.549502
	0.000000	0.000000	0.000000	0.000000	1.000000	0.095468	0.154702	0.030667	0.075108	0.610266
	0.000000	0.000000	0.000000	0.000000	1.000000	0.057378	0.273727	-0.009731	0.036310	0.644206
	0.000000	0.000000	0.000000	0.000000	1.000000	0.060401	0.318557	0.013080	0.049859	0.568290
	0.000000	0.000000	0.000000	0.000000	1.000000	0.117560	0.161385	0.092926	0.114185	0.470969
	0.000000	0.000000	0.000000	0.000000	1.000000	0.067444	0.341452	0.039254	0.063920	0.505816
	0.000000	0.000000	0.000000	0.000000	1.000000	0.084108	0.203953	0.028063	0.067532	0.590987
	0.000000	0.000000	0.000000	0.000000	1.000000	0.063647	0.236401	-0.004041	0.043914	0.645347
	0.000000	0.000000	0.000000	0.000000	1.000000	0.068000	0.254529	0.002521	0.049034	0.612086
	0.000000	0.000000	0.000000	0.000000	1.000000	0.083083	0.191992	0.018429	0.064157	0.621792
	0.000000	0.000000	0.000000	0.000000	1.000000	0.053132	0.390926	0.025628	0.051358	0.496721
	0.000000	0.000000	0.000000	0.000000	1.000000	0.064747	0.351995	0.038288	0.064453	0.491973
	0.000000	0.000000	0.000000	0.000000	1.000000	0.076491	0.218205	0.014177	0.057562	0.614193
	0.000000	0.000000	0.000000	0.000000	1.000000	0.070820	0.260952	0.017110	0.055840	0.596589
	0.000000	0.000000	0.000000	0.000000	1.000000	0.062688	0.314447	0.010487	0.050988	0.582738
	0.000000	0.000000	0.000000	0.000000	1.000000	0.087167	0.240850	0.056054	0.081709	0.507902
	0.000000	0.000000	0.000000	0.000000	1.000000	0.060488	0.314327	0.015993	0.050848	0.565580
	0.000000	0.000000	0.000000	0.000000	1.000000	0.111884	0.141229	0.076970	0.104488	0.499962
	0.000000	0.000000	0.000000	0.000000	1.000000	0.069468	0.356274	0.047466	0.070771	0.477603
	0.000000	0.000000	0.000000	0.000000	1.000000	0.056570	0.336546	0.016799	0.049132	0.547104
	0.000000	0.000000	0.000000	0.000000	1.000000	0.061528	0.322210	0.022324	0.054181	0.537277
	0.000000	0.000000	0.000000	0.000000	1.000000	0.141426	0.110269	0.124517	0.137636	0.442430
	0.000000	0.000000	0.000000	0.000000	1.000000	0.160943	0.023828	0.154924	0.162501	0.399806
	0.000000	0.000000	0.000000	0.000000	1.000000	0.159181	0.027993	0.153268	0.160236	0.400666
	0.000000	0.000000	0.000000	0.000000	1.000000	0.080519	0.298365	0.057304	0.082495	0.486497
	0.000000	0.000000	0.000000	0.000000	1.000000	0.171947	-0.010533	0.175814	0.177810	0.381347
	0.000000	0.000000	0.000000	0.000000	1.000000	0.116448	0.142706	0.078680	0.104475	0.537298
	0.000000	0.000000	0.000000	0.000000	1.000000	0.064500	0.282719	0.006011	0.049923	0.615038
	0.000000	0.000000	0.000000	0.000000	1.000000	0.162179	0.002775	0.153137	0.159777	0.413096
	0.000000	0.000000	0.000000	0.000000	1.000000	0.082904	0.220384	0.026716	0.068075	0.588626
	0.000000	0.000000	0.000000	0.000000	1.000000	0.119961	0.118344	0.081628	0.109392	0.513957
	0.000000	0.000000	0.000000	0.000000	1.000000	0.046073	0.367333	-0.001974	0.036176	0.584373
	0.000000	0.000000	0.000000	0.000000	1.000000	0.108250	0.127549	0.052076	0.088964	0.580777
	0.000000	0.000000	0.000000	0.000000	1.000000	0.117749	0.101760	0.062380	0.097685	0.573614
	0.000000	0.000000	0.000000	0.000000	1.000000	0.150983	0.068244	0.156451	0.157394	0.366466
	1.000000	0.000000	0.000000	0.000000	0.000000	0.149983	0.054147	0.120726	0.141484	0.475210
	1.000000	0.000000	0.000000	0.000000	0.000000	0.176818	-0.038439	0.161742	0.174214	0.431397
	1.000000	0.000000	0.000000	0.000000	0.000000	0.135735	0.081198	0.102359	0.126199	0.494366
	1.000000	0.000000	0.000000	0.000000	0.000000	0.157304	0.019634	0.127677	0.147609	0.471783
	1.000000	0.000000	0.000000	0.000000	0.000000	0.167219	0.007811	0.149000	0.163325	0.437339
	1.000000	0.000000	0.000000	0.000000	0.000000	0.156500	0.029390	0.121093	0.143583	0.485751
	1.000000	0.000000	0.000000	0.000000	0.000000	0.169594	0.010340	0.150194	0.163367	0.445006
	1.000000	0.000000	0.000000	0.000000	0.000000	0.178576	-0.011961	0.164004	0.173689	0.427098
	1.000000	0.000000	0.000000	0.000000	0.000000	0.163958	0.017473	0.141277	0.156157	0.443688
	1.000000	0.000000	0.000000	0.000000	0.000000	0.119554	0.119869	0.074955	0.107904	0.526848
	1.000000	0.000000	0.000000	0.000000	0.000000	0.098349	0.290165	0.117424	0.115126	0.347469
	1.000000	0.000000	0.000000	0.000000	0.000000	0.151363	0.030155	0.113962	0.138331	0.506164
	1.000000	0.000000	0.000000	0.000000	0.000000	0.152831	0.016824	0.112292	0.135627	0.501146
	1.000000	0.000000	0.000000	0.000000	0.000000	0.141809	0.104458	0.132367	0.139462	0.424507
	1.000000	0.000000	0.000000	0.000000	0.000000	0.184382	-0.042948	0.180564	0.185950	0.404011
	1.000000	0.000000	0.000000	0.000000	0.000000	0.214443	-0.090166	0.229022	0.222540	0.353862
	0.000000	1.000000	0.000000	0.000000	0.000000	0.036951	0.654896	0.089083	0.070037	0.261633
	0.000000	1.000000	0.000000	0.000000	0.000000	0.015693	0.573306	-0.007750	0.016039	0.486889
	0.000000	1.000000	0.000000	0.000000	0.000000	0.073044	0.498695	0.146789	0.111573	0.216878
	0.000000	1.000000	0.000000	0.000000	0.000000	0.032954	0.630513	0.074226	0.058865	0.291377
	0.000000	1.000000	0.000000	0.000000	0.000000	0.014742	0.583161	-0.001467	0.018490	0.460260
	0.000000	1.000000	0.000000	0.000000	0.000000	0.052054	0.508762	0.077095	0.070896	0.343416
	0.000000	1.000000	0.000000	0.000000	0.000000	0.040994	0.464366	0.027641	0.046107	0.459176
	0.000000	1.000000	0.000000	0.000000	0.000000	0.044986	0.373662	0.018651	0.044357	0.504514
	0.000000	1.000000	0.000000	0.000000	0.000000	0.029568	0.601595	0.034702	0.042833	0.389343
	0.000000	1.000000	0.000000	0.000000	0.000000	0.005215	0.709732	0.010087	0.019845	0.386416
	0.000000	1.000000	0.000000	0.000000	0.000000	0.017625	0.738698	0.061294	0.046851	0.284274
	0.000000	1.000000	0.000000	0.000000	0.000000	0.022059	0.570025	0.002975	0.024064	0.469271
	0.000000	1.000000	0.000000	0.000000	0.000000	0.017007	0.643581	0.017658	0.029164	0.404591
	0.000000	1.000000	0.000000	0.000000	0.000000	0.027033	0.585333	0.023633	0.038080	0.416224
	0.000000	1.000000	0.000000	0.000000	0.000000	0.074637	0.381533	0.093411	0.088856	0.328726
	0.000000	1.000000	0.000000	0.000000	0.000000	0.133146	0.175973	0.193545	0.165874	0.242373
	0.000000	1.000000	0.000000	0.000000	0.000000	0.018883	0.687801	0.037423	0.039626	0.350868
	0.000000	1.000000	0.000000	0.000000	0.000000	0.030496	0.503803	0.040458	0.042601	0.383103
	0.000000	1.000000	0.000000	0.000000	0.000000	0.014982	0.725695	0.052883	0.040560	0.298670
	0.000000	1.000000	0.000000	0.000000	0.000000	0.056335	0.470569	0.066356	0.071570	0.373856
	0.000000	1.000000	0.000000	0.000000	0.000000	0.010303	0.691930	0.019315	0.025417	0.375716
	0.000000	1.000000	0.000000	0.000000	0.000000	0.021346	0.623064	0.023546	0.035374	0.403191
	0.000000	1.000000	0.000000	0.000000	0.000000	0.037007	0.480568	0.047111	0.046819	0.381381
	0.000000	1.000000	0.000000	0.000000	0.000000	0.043994	0.536115	0.053389	0.057806	0.387253
	0.000000	1.000000	0.000000	0.000000	0.000000	0.014689	0.727781	0.044981	0.037593	0.316540
	0.000000	1.000000	0.000000	0.000000	0.000000	0.023302	0.590636	0.014081	0.030354	0.449644
	0.000000	1.000000	0.000000	0.000000	0.000000	0.024964	0.502462	0.023428	0.033084	0.422576
	0.000000	1.000000	0.000000	0.000000	0.000000	0.034885	0.587365	0.045726	0.049324	0.378018
	0.000000	1.000000	0.000000	0.000000	0.000000	0.009185	0.690239	0.010806	0.021744	0.399799
	0.000000	1.000000	0.000000	0.000000	0.000000	0.043798	0.516559	0.050003	0.055967	0.393823
	0.000000	1.000000	0.000000	0.000000	0.000000	0.044922	0.510209	0.058424	0.061985	0.358316
	0.000000	1.000000	0.000000	0.000000	0.000000	0.046299	0.542401	0.070147	0.067109	0.335194
	0.000000	1.000000	0.000000	0.000000	0.000000	0.022523	0.649897	0.045326	0.043055	0.337349
	0.000000	1.000000	0.000000	0.000000	0.000000	0.006595	0.745707	0.029047	0.027887	0.325595
	0.000000	1.000000	0.000000	0.000000	0.000000	0.091359	0.360368	0.154178	0.123217	0.231511
	0.000000	0.000000	1.000000	0.000000	0.000000	0.172014	0.097098	0.265544	0.211498	0.177563
	0.000000	0.000000	1.000000	0.000000	0.000000	0.183097	0.050295	0.277201	0.227325	0.166689
	0.000000	0.000000	1.000000	0.000000	0.000000	0.181944	0.101798	0.302636	0.234985	0.128386
	0.000000	0.000000	1.000000	0.000000	0.000000	0.132891	0.234111	0.220824	0.171553	0.182392
	0.000000	0.000000	1.000000	0.000000	0.000000	0.142148	0.230590	0.252763	0.189340	0.144556
	0.000000	0.000000	1.000000	0.000000	0.000000	0.157107	0.162028	0.259165	0.202189	0.147881
	0.000000	0.000000	1.000000	0.000000	0.000000	0.176769	0.062265	0.254445	0.215487	0.200633
	0.000000	0.000000	1.000000	0.000000	0.000000	0.155565	0.201951	0.278895	0.217028	0.116754
	0.000000	0.000000	1.000000	0.000000	0.000000	0.175077	0.090488	0.281213	0.225463	0.152887
	0.000000	0.000000	1.000000	0.000000	0.000000	0.171565	0.101386	0.258707	0.212486	0.185901
	0.000000	0.000000	1.000000	0.000000	0.000000	0.155450	0.166780	0.243195	0.193613	0.190284
	0.000000	0.000000	1.000000	0.000000	0.000000	0.193983	0.021607	0.275140	0.232264	0.203355
	0.000000	0.000000	1.000000	0.000000	0.000000	0.180897	0.101219	0.307959	0.239107	0.110536
	0.000000	0.000000	1.000000	0.000000	0.000000	0.106673	0.275260	0.151400	0.130195	0.261367
	0.000000	0.000000	1.000000	0.000000	0.000000	0.176951	0.101570	0.282792	0.223432	0.153323
	0.000000	0.000000	1.000000	0.000000	0.000000	0.184735	0.076128	0.299915	0.235980	0.143537
	0.000000	0.000000	0.000000	1.000000	0.000000	0.174025	0.033549	0.218149	0.196566	0.262870
	0.000000	0.000000	0.000000	1.000000	0.000000	0.169720	0.030811	0.190741	0.182006	0.323271
	0.000000	0.000000	0.000000	1.000000	0.000000	0.105256	0.229259	0.118252	0.116753	0.355018
	0.000000	0.000000	0.000000	1.000000	0.000000	0.128365	0.182402	0.148330	0.143038	0.319010
	0.000000	0.000000	0.000000	1.000000	0.000000	0.197199	-0.045177	0.220448	0.212087	0.326317
	0.000000	0.000000	0.000000	1.000000	0.000000	0.164754	0.034743	0.177466	0.174413	0.341669
	0.000000	0.000000	0.000000	1.000000	0.000000	0.193841	-0.047628	0.206080	0.199240	0.367977
	0.000000	0.000000	0.000000	1.000000	0.000000	0.154017	0.089284	0.187773	0.174127	0.290028
	0.000000	0.000000	0.000000	1.000000	0.000000	0.160750	0.060484	0.193965	0.180311	0.304337
	0.000000	0.000000	0.000000	1.000000	0.000000	0.132761	0.132588	0.146843	0.144116	0.337566
	0.000000	0.000000	0.000000	1.000000	0.000000	0.178790	0.025246	0.224155	0.203910	0.270892
	0.000000	0.000000	0.000000	1.000000	0.000000	0.169595	0.042648	0.202546	0.189246	0.285927
	0.000000	0.000000	0.000000	1.000000	0.000000	0.162245	0.054367	0.192088	0.181059	0.308562
	0.000000	0.000000	0.000000	1.000000	0.000000	0.192896	0.008930	0.260155	0.229813	0.211686
	0.000000	0.000000	0.000000	1.000000	0.000000	0.191947	-0.004118	0.238275	0.211877	0.262694
	0.000000	0.000000	0.000000	0.000000	1.000000	0.092539	0.217358	0.049781	0.081146	0.544311
	0.000000	0.000000	0.000000	0.000000	1.000000	0.097414	0.202594	0.058905	0.085871	0.532962
	0.000000	0.000000	0.000000	0.000000	1.000000	0.069400	0.251206	0.010438	0.050953	0.610446
	0.000000	0.000000	0.000000	0.000000	1.000000	0.075197	0.276864	0.030750	0.067587	0.546983
	0.000000	0.000000	0.000000	0.000000	1.000000	0.080545	0.270573	0.049386	0.075998	0.505085
	0.000000	0.000000	0.000000	0.000000	1.000000	0.105798	0.134780	0.043713	0.084608	0.600589
	0.000000	0.000000	0.000000	0.000000	1.000000	0.102505	0.186094	0.070712	0.095464	0.498352
	0.000000	0.000000	0.000000	0.000000	1.000000	0.067614	0.287684	0.017086	0.054713	0.582064
	0.000000	0.000000	0.000000	0.000000	1.000000	0.138016	0.088627	0.112551	0.130537	0.471111
	0.000000	0.000000	0.000000	0.000000	1.000000	0.174357	-0.020813	0.140812	0.160560	0.484383
	0.000000	0.000000	0.000000	0.000000	1.000000	0.063325	0.302657	0.013039	0.053430	0.569375
	0.000000	0.000000	0.000000	0.000000	1.000000	0.105980	0.156969	0.056041	0.092100	0.570486
	0.000000	0.000000	0.000000	0.000000	1.000000	0.057182	0.302514	0.003013	0.044262	0.598020
	0.000000	0.000000	0.000000	0.000000	1.000000	0.084953	0.185055	0.016914	0.063384	0.628112
	0.000000	0.000000	0.000000	0.000000	1.000000	0.059515	0.306955	0.006584	0.045314	0.590876
	0.000000	0.000000	0.000000	0.000000	1.000000	0.123544	0.084569	0.069996	0.105378	0.554955
	0.000000	0.000000	0.000000	0.000000	1.000000	0.092993	0.205993	0.051027	0.082122	0.543296
	0.000000	0.000000	0.000000	0.000000	1.000000	0.079082	0.255768	0.044981	0.073907	0.512039
	0.000000	0.000000	0.000000	0.000000	1.000000	0.074387	0.246321	0.020915	0.061375	0.584664
	0.000000	0.000000	0.000000	0.000000	1.000000	0.086962	0.262548	0.063703	0.087599	0.472489
	0.000000	0.000000	0.000000	0.000000	1.000000	0.071704	0.266651	0.019273	0.059818	0.575087
	0.000000	0.000000	0.000000	0.000000	1.000000	0.060849	0.284006	0.000259	0.045007	0.614596
	0.000000	0.000000	0.000000	0.000000	1.000000	0.108452	0.132422	0.054790	0.088647	0.579214
	0.000000	0.000000	0.000000	0.000000	1.000000	0.092367	0.210471	0.049904	0.081230	0.542435
	0.000000	0.000000	0.000000	0.000000	1.000000	0.065497	0.276069	0.008647	0.049603	0.602861
	0.000000	0.000000	0.000000	0.000000	1.000000	0.091794	0.171359	0.039709	0.077399	0.576997
	0.000000	0.000000	0.000000	0.000000	1.000000	0.089193	0.181004	0.027292	0.066984	0.626923
	0.000000	0.000000	0.000000	0.000000	1.000000	0.112302	0.172914	0.085446	0.108212	0.475898
	0.000000	0.000000	0.000000	0.000000	1.000000	0.116345	0.101751	0.054859	0.096288	0.596475
	0.000000	0.000000	0.000000	0.000000	1.000000	0.070193	0.266828	0.013002	0.055576	0.596827
	0.000000	0.000000	0.000000	0.000000	1.000000	0.088050	0.193407	0.027465	0.069689	0.600485
	0.000000	0.000000	0.000000	0.000000	1.000000	0.058329	0.314918	0.011270	0.046562	0.570782
	0.000000	0.000000	0.000000	0.000000	1.000000	0.066509	0.288062	0.004619	0.045992	0.621758
	0.000000	0.000000	0.000000	0.000000	1.000000	0.051582	0.286657	-0.017604	0.031787	0.654979
	0.000000	0.000000	0.000000	0.000000	1.000000	0.107301	0.153831	0.061601	0.094147	0.549634
	0.000000	0.000000	0.000000	0.000000	1.000000	0.054604	0.340479	0.016719	0.048310	0.542419
	0.000000	0.000000	0.000000	0.000000	1.000000	0.072459	0.280243	0.022652	0.060480	0.572105
	0.000000	0.000000	0.000000	0.000000	1.000000	0.055619	0.341145	0.016986	0.050291	0.547822
	0.000000	0.000000	0.000000	0.000000	1.000000	0.056914	0.319266	0.012089	0.047757	0.574228
	0.000000	0.000000	0.000000	0.000000	1.000000	0.075219	0.275300	0.041713	0.069120	0.522711
	0.000000	0.000000	0.000000	0.000000	1.000000	0.042815	0.354600	-0.021128	0.025147	0.632704
	0.000000	0.000000	0.000000	0.000000	1.000000	0.065664	0.303747	0.021274	0.056725	0.554564
	0.000000	0.000000	0.000000	0.000000	1.000000	0.091118	0.164110	0.026728	0.071115	0.613581
	0.000000	0.000000	0.000000	0.000000	1.000000	0.093110	0.208677	0.053475	0.085971	0.525360
	0.000000	0.000000	0.000000	0.000000	1.000000	0.076611	0.240043	0.018417	0.061173	0.598439
	0.000000	0.000000	0.000000	0.000000	1.000000	0.067455	0.279231	0.014472	0.055370	0.588380
	0.000000	0.000000	0.000000	0.000000	1.000000	0.090450	0.171646	0.029513	0.069163	0.601443
	0.000000	0.000000	0.000000	0.000000	1.000000	0.078402	0.236527	0.031473	0.066929	0.561234
	0.000000	0.000000	0.000000	0.000000	1.000000	0.059848	0.303188	0.000510	0.041437	0.605548
	0.000000	0.000000	0.000000	0.000000	1.000000	0.091513	0.177836	0.033221	0.073001	0.593317
	0.000000	0.000000	0.000000	0.000000	1.000000	0.098039	0.156360	0.039069	0.078304	0.595074
	0.000000	0.000000	0.000000	0.000000	1.000000	0.059281	0.270192	-0.004982	0.040511	0.636845
	0.000000	0.000000	0.000000	0.000000	1.000000	0.053877	0.359684	0.014275	0.046175	0.549749
	0.000000	0.000000	0.000000	0.000000	1.000000	0.052725	0.312317	-0.005214	0.036627	0.612001
	0.000000	0.000000	0.000000	0.000000	1.000000	0.158532	0.022998	0.153400	0.157983	0.403975
	0.000000	0.000000	0.000000	0.000000	1.000000	0.088099	0.203767	0.040005	0.074709	0.559667
	0.000000	0.000000	0.000000	0.000000	1.000000	0.073308	0.284045	0.026942	0.063646	0.560781
	0.000000	0.000000	0.000000	0.000000	1.000000	0.093720	0.191451	0.048039	0.081352	0.554890
	0.000000	0.000000	0.000000	0.000000	1.000000	0.116561	0.108131	0.065762	0.098920	0.572210
	0.000000	0.000000	0.000000	0.000000	1.000000	0.097514	0.160749	0.037864	0.077122	0.598995
	0.000000	0.000000	0.000000	0.000000	1.000000	0.088213	0.214370	0.041561	0.076013	0.559064
