	1.000000	0.000000	0.000000	0.000000	0.000000	0.195165	-0.028535	0.172321	0.202708	0.417021
	1.000000	0.000000	0.000000	0.000000	0.000000	0.220035	-0.093828	0.154124	0.207869	0.520060
	1.000000	0.000000	0.000000	0.000000	0.000000	0.278270	-0.170563	0.255501	0.280818	0.383654
	1.000000	0.000000	0.000000	0.000000	0.000000	0.233397	-0.106875	0.175789	0.224212	0.492361
	1.000000	0.000000	0.000000	0.000000	0.000000	0.205580	-0.071448	0.132052	0.192006	0.544283
	1.000000	0.000000	0.000000	0.000000	0.000000	0.223788	-0.101209	0.156896	0.210063	0.524350
	1.000000	0.000000	0.000000	0.000000	0.000000	0.213231	-0.090107	0.138547	0.197151	0.548185
	1.000000	0.000000	0.000000	0.000000	0.000000	0.250144	-0.140939	0.186478	0.237065	0.494830
	1.000000	0.000000	0.000000	0.000000	0.000000	0.205349	-0.090676	0.119900	0.186685	0.574895
	1.000000	0.000000	0.000000	0.000000	0.000000	0.282180	-0.176959	0.246819	0.281020	0.412053
	1.000000	0.000000	0.000000	0.000000	0.000000	0.210920	-0.081895	0.131808	0.195441	0.545276
	1.000000	0.000000	0.000000	0.000000	0.000000	0.272547	-0.168728	0.231380	0.269753	0.432788
	1.000000	0.000000	0.000000	0.000000	0.000000	0.221556	-0.093811	0.162690	0.213828	0.494497
	1.000000	0.000000	0.000000	0.000000	0.000000	0.099333	0.236942	0.110408	0.123787	0.376105
	0.000000	1.000000	0.000000	0.000000	0.000000	-0.030564	0.789966	0.036046	0.014949	0.248904
	0.000000	1.000000	0.000000	0.000000	0.000000	-0.026052	0.789706	0.038930	0.020414	0.248999
	0.000000	1.000000	0.000000	0.000000	0.000000	-0.002701	0.571347	0.029979	0.029851	0.335073
	0.000000	1.000000	0.000000	0.000000	0.000000	-0.015315	0.724618	0.023809	0.022046	0.325529
	0.000000	1.000000	0.000000	0.000000	0.000000	-0.036005	0.867200	0.040916	0.012904	0.222867
	0.000000	1.000000	0.000000	0.000000	0.000000	-0.017540	0.727435	0.031538	0.022989	0.287756
	0.000000	1.000000	0.000000	0.000000	0.000000	-0.016891	0.676698	0.001811	0.011460	0.386380
	0.000000	1.000000	0.000000	0.000000	0.000000	0.001352	0.671464	0.059089	0.045980	0.261043
	0.000000	1.000000	0.000000	0.000000	0.000000	-0.037406	0.899147	0.073116	0.022704	0.133497
	0.000000	1.000000	0.000000	0.000000	0.000000	-0.022196	0.781376	0.047754	0.024627	0.229799
	0.000000	1.000000	0.000000	0.000000	0.000000	0.022717	0.592959	0.091348	0.070383	0.247513
	0.000000	1.000000	0.000000	0.000000	0.000000	-0.048587	0.856588	-0.004871	-0.012001	0.295415
	0.000000	1.000000	0.000000	0.000000	0.000000	0.027556	0.500372	0.050121	0.052877	0.352207
	0.000000	1.000000	0.000000	0.000000	0.000000	-0.040886	0.828407	0.006911	-0.001835	0.291878
	0.000000	1.000000	0.000000	0.000000	0.000000	-0.034766	0.797305	0.005118	0.003536	0.320083
	0.000000	1.000000	0.000000	0.000000	0.000000	-0.047690	0.896757	0.032403	0.001234	0.204795
	0.000000	1.000000	0.000000	0.000000	0.000000	-0.009774	0.657314	0.012375	0.021669	0.368784
	0.000000	1.000000	0.000000	0.000000	0.000000	-0.026540	0.706502	-0.018128	-0.000456	0.410653
	0.000000	1.000000	0.000000	0.000000	0.000000	0.003622	0.760339	0.141590	0.074980	0.088880
	0.000000	1.000000	0.000000	0.000000	0.000000	-0.034099	0.734245	-0.028935	-0.009508	0.422752
	0.000000	1.000000	0.000000	0.000000	0.000000	-0.035464	0.928151	0.110439	0.036107	0.067131
	0.000000	1.000000	0.000000	0.000000	0.000000	-0.006518	0.637109	-0.002016	0.017062	0.423332
	0.000000	1.000000	0.000000	0.000000	0.000000	-0.001620	0.613600	0.005503	0.023270	0.423293
	0.000000	1.000000	0.000000	0.000000	0.000000	-0.011820	0.759251	0.089069	0.044990	0.172078
	0.000000	1.000000	0.000000	0.000000	0.000000	-0.065344	0.979758	0.005467	-0.018083	0.221796
	0.000000	1.000000	0.000000	0.000000	0.000000	-0.018584	0.664971	-0.012110	0.002876	0.421174
	0.000000	1.000000	0.000000	0.000000	0.000000	-0.029390	0.867844	0.094990	0.036236	0.114395
	0.000000	1.000000	0.000000	0.000000	0.000000	0.033739	0.508627	0.098820	0.080335	0.243784
	0.000000	1.000000	0.000000	0.000000	0.000000	0.058659	0.408743	0.097658	0.093912	0.301558
	0.000000	1.000000	0.000000	0.000000	0.000000	-0.003865	0.688329	0.064408	0.043003	0.237769
	0.000000	1.000000	0.000000	0.000000	0.000000	-0.020424	0.825674	0.097831	0.041872	0.126655
	0.000000	1.000000	0.000000	0.000000	0.000000	-0.042474	0.786867	-0.042580	-0.020108	0.441204
	0.000000	1.000000	0.000000	0.000000	0.000000	-0.069304	1.023265	0.035784	-0.011349	0.127880
	0.000000	1.000000	0.000000	0.000000	0.000000	-0.011487	0.779877	0.105773	0.053528	0.134339
	0.000000	1.000000	0.000000	0.000000	0.000000	0.157829	0.086041	0.224968	0.203173	0.224154
	0.000000	1.000000	0.000000	0.000000	0.000000	-0.006808	0.655153	0.013023	0.024618	0.384003
	0.000000	1.000000	0.000000	0.000000	0.000000	-0.013724	0.761539	0.053631	0.031364	0.233028
	0.000000	1.000000	0.000000	0.000000	0.000000	-0.042907	0.895827	0.053086	0.013566	0.162323
	0.000000	1.000000	0.000000	0.000000	0.000000	-0.061475	0.932158	-0.009858	-0.020562	0.264533
	0.000000	0.000000	1.000000	0.000000	0.000000	0.166461	0.226948	0.423255	0.275316	-0.066909
	0.000000	0.000000	1.000000	0.000000	0.000000	0.153923	0.277673	0.438651	0.277953	-0.096769
	0.000000	0.000000	1.000000	0.000000	0.000000	0.191483	0.161612	0.467566	0.313443	-0.086489
	0.000000	0.000000	1.000000	0.000000	0.000000	0.168815	0.170227	0.375446	0.263261	-0.009141
	0.000000	0.000000	1.000000	0.000000	0.000000	0.196264	0.155956	0.477020	0.318120	-0.089019
	0.000000	0.000000	1.000000	0.000000	0.000000	0.176162	0.119642	0.351745	0.259325	0.037627
	0.000000	0.000000	1.000000	0.000000	0.000000	0.204187	0.108970	0.444457	0.312191	-0.047047
	0.000000	0.000000	1.000000	0.000000	0.000000	0.228232	0.021248	0.428895	0.321848	0.003447
	0.000000	0.000000	1.000000	0.000000	0.000000	0.194278	0.139066	0.445878	0.303540	-0.061028
	0.000000	0.000000	1.000000	0.000000	0.000000	0.193994	0.083209	0.378242	0.281202	0.024803
	0.000000	0.000000	1.000000	0.000000	0.000000	0.169662	0.193146	0.398487	0.274065	-0.041118
	0.000000	0.000000	1.000000	0.000000	0.000000	0.201511	0.136094	0.477444	0.324189	-0.086504
	0.000000	0.000000	1.000000	0.000000	0.000000	0.224754	0.024846	0.426392	0.318498	0.009012
	0.000000	0.000000	0.000000	1.000000	0.000000	0.158623	0.067654	0.199792	0.195041	0.274193
	0.000000	0.000000	0.000000	1.000000	0.000000	0.225347	-0.085872	0.243252	0.249020	0.322040
	0.000000	0.000000	0.000000	1.000000	0.000000	0.119819	0.196901	0.136665	0.148560	0.344029
	0.000000	0.000000	0.000000	1.000000	0.000000	0.119703	0.185246	0.139967	0.147820	0.327280
	0.000000	0.000000	0.000000	1.000000	0.000000	0.225642	-0.066026	0.264333	0.255855	0.264735
	0.000000	0.000000	0.000000	1.000000	0.000000	0.254599	-0.127779	0.253643	0.267048	0.357777
	0.000000	0.000000	0.000000	1.000000	0.000000	0.231085	-0.061722	0.302999	0.278876	0.198703
	0.000000	0.000000	0.000000	1.000000	0.000000	0.090994	0.272995	0.107315	0.118673	0.345448
	0.000000	0.000000	0.000000	1.000000	0.000000	0.238651	-0.081131	0.276009	0.267841	0.270221
	0.000000	0.000000	0.000000	1.000000	0.000000	0.208331	-0.070635	0.176998	0.208382	0.428765
	0.000000	0.000000	0.000000	1.000000	0.000000	0.200003	0.011550	0.282919	0.252647	0.166244
	0.000000	0.000000	0.000000	1.000000	0.000000	0.181732	0.031150	0.255910	0.232291	0.186959
	0.000000	0.000000	0.000000	1.000000	0.000000	0.175683	0.017841	0.206163	0.208759	0.288851
	0.000000	0.000000	0.000000	1.000000	0.000000	0.209855	-0.004062	0.303283	0.265819	0.161161
	0.000000	0.000000	0.000000	1.000000	0.000000	0.156682	0.095789	0.214414	0.199851	0.228701
	0.000000	0.000000	0.000000	1.000000	0.000000	0.181679	0.040030	0.253337	0.230637	0.195867
	0.000000	0.000000	0.000000	0.000000	1.000000	0.089152	0.145813	-0.004354	0.069975	0.691459
	0.000000	0.000000	0.000000	0.000000	1.000000	0.103354	0.111125	0.011831	0.086290	0.669921
	0.000000	0.000000	0.000000	0.000000	1.000000	0.112240	0.109214	0.041467	0.101906	0.608359
	0.000000	0.000000	0.000000	0.000000	1.000000	0.177410	-0.062901	0.061930	0.145835	0.674242
	0.000000	0.000000	0.000000	0.000000	1.000000	0.121273	0.076972	0.030737	0.104102	0.633953
	0.000000	0.000000	0.000000	0.000000	1.000000	0.069943	0.207374	-0.008733	0.059099	0.658179
	0.000000	0.000000	0.000000	0.000000	1.000000	0.080885	0.133144	-0.033556	0.053009	0.765450
	0.000000	0.000000	0.000000	0.000000	1.000000	0.119482	0.035557	-0.006895	0.084756	0.756860
	0.000000	0.000000	0.000000	0.000000	1.000000	0.065816	0.126703	-0.073571	0.027775	0.859600
	0.000000	0.000000	0.000000	0.000000	1.000000	0.038178	0.263925	-0.061686	0.018655	0.753414
	0.000000	0.000000	0.000000	0.000000	1.000000	0.057551	0.213408	-0.039122	0.039175	0.724130
	0.000000	0.000000	0.000000	0.000000	1.000000	0.049099	0.202691	-0.069344	0.020515	0.810973
	0.000000	0.000000	0.000000	0.000000	1.000000	0.039107	0.271945	-0.066413	0.018948	0.774950
	0.000000	0.000000	0.000000	0.000000	1.000000	0.062641	0.168629	-0.058023	0.033083	0.804862
	0.000000	0.000000	0.000000	0.000000	1.000000	0.067551	0.196480	-0.029523	0.051081	0.714063
	0.000000	0.000000	0.000000	0.000000	1.000000	0.078378	0.181643	-0.009542	0.065329	0.666414
	0.000000	0.000000	0.000000	0.000000	1.000000	0.044289	0.289673	-0.036136	0.034240	0.683569
	0.000000	0.000000	0.000000	0.000000	1.000000	0.114594	0.103154	0.038825	0.103437	0.602240
	0.000000	0.000000	0.000000	0.000000	1.000000	0.112692	0.107163	0.036365	0.100653	0.604457
	0.000000	0.000000	0.000000	0.000000	1.000000	0.073973	0.207517	0.004131	0.067783	0.622745
	0.000000	0.000000	0.000000	0.000000	1.000000	0.068002	0.200690	-0.033234	0.047607	0.737724
	0.000000	0.000000	0.000000	0.000000	1.000000	0.116141	0.079258	0.010742	0.092596	0.703830
	0.000000	0.000000	0.000000	0.000000	1.000000	0.038600	0.264728	-0.070467	0.014704	0.790658
	0.000000	0.000000	0.000000	0.000000	1.000000	0.092279	0.134080	-0.007311	0.071311	0.702626
	0.000000	0.000000	0.000000	0.000000	1.000000	0.078273	0.146022	-0.030781	0.055459	0.754884
	0.000000	0.000000	0.000000	0.000000	1.000000	0.085394	0.123244	-0.027507	0.060238	0.756156
	0.000000	0.000000	0.000000	0.000000	1.000000	0.092980	0.084069	-0.037898	0.055243	0.798708
	0.000000	0.000000	0.000000	0.000000	1.000000	0.033163	0.335286	-0.036389	0.027617	0.653380
	0.000000	0.000000	0.000000	0.000000	1.000000	0.150704	-0.012912	0.040779	0.121480	0.686874
	0.000000	0.000000	0.000000	0.000000	1.000000	0.199203	-0.104912	0.082827	0.169041	0.676213
	0.000000	0.000000	0.000000	0.000000	1.000000	0.087257	0.148059	-0.008408	0.069060	0.699215
	0.000000	0.000000	0.000000	0.000000	1.000000	0.106844	0.044847	-0.032171	0.068632	0.810319
	0.000000	0.000000	0.000000	0.000000	1.000000	0.050562	0.175420	-0.081338	0.015346	0.853732
	0.000000	0.000000	0.000000	0.000000	1.000000	0.046650	0.262881	-0.045792	0.030617	0.721323
	0.000000	0.000000	0.000000	0.000000	1.000000	0.130485	0.083689	0.068376	0.125867	0.558369
	0.000000	0.000000	0.000000	0.000000	1.000000	0.050165	0.318620	-0.005442	0.048527	0.601145
	0.000000	0.000000	0.000000	0.000000	1.000000	0.087405	0.105944	-0.033306	0.057316	0.776975
	0.000000	0.000000	0.000000	0.000000	1.000000	0.061719	0.131545	-0.074528	0.025897	0.857478
	0.000000	0.000000	0.000000	0.000000	1.000000	0.059767	0.173944	-0.065929	0.028929	0.808566
	0.000000	0.000000	0.000000	0.000000	1.000000	0.088203	0.084867	-0.047118	0.052761	0.824353
	0.000000	0.000000	0.000000	0.000000	1.000000	0.031091	0.381985	-0.017508	0.033692	0.579332
	0.000000	0.000000	0.000000	0.000000	1.000000	0.048230	0.327157	-0.001344	0.051674	0.574402
	0.000000	0.000000	0.000000	0.000000	1.000000	0.077532	0.116095	-0.052057	0.043842	0.814978
	0.000000	0.000000	0.000000	0.000000	1.000000	0.064245	0.180579	-0.047139	0.038677	0.777586
	0.000000	0.000000	0.000000	0.000000	1.000000	0.049148	0.253338	-0.051269	0.030493	0.746729
	0.000000	0.000000	0.000000	0.000000	1.000000	0.084597	0.178476	0.014058	0.076742	0.623019
	0.000000	0.000000	0.000000	0.000000	1.000000	0.046517	0.261443	-0.042026	0.031855	0.715977
	0.000000	0.000000	0.000000	0.000000	1.000000	0.126450	0.054241	0.042321	0.112816	0.619311
	0.000000	0.000000	0.000000	0.000000	1.000000	0.049632	0.351876	0.009876	0.056833	0.545486
	0.000000	0.000000	0.000000	0.000000	1.000000	0.043154	0.278879	-0.037256	0.032436	0.687320
	0.000000	0.000000	0.000000	0.000000	1.000000	0.049422	0.266021	-0.028922	0.039624	0.668747
	0.000000	0.000000	0.000000	0.000000	1.000000	0.163727	0.035384	0.116990	0.161521	0.497684
	0.000000	0.000000	0.000000	0.000000	1.000000	0.199066	-0.055563	0.167486	0.203489	0.432616
	0.000000	0.000000	0.000000	0.000000	1.000000	0.198264	-0.056192	0.162530	0.200124	0.443592
	0.000000	0.000000	0.000000	0.000000	1.000000	0.066641	0.276219	0.019989	0.072641	0.568068
	0.000000	0.000000	0.000000	0.000000	1.000000	0.220605	-0.097890	0.195843	0.227531	0.414630
	0.000000	0.000000	0.000000	0.000000	1.000000	0.129662	0.051951	0.032991	0.107292	0.683037
	0.000000	0.000000	0.000000	0.000000	1.000000	0.053273	0.211393	-0.060596	0.028398	0.798049
	0.000000	0.000000	0.000000	0.000000	1.000000	0.207180	-0.088684	0.156535	0.201122	0.480129
	0.000000	0.000000	0.000000	0.000000	1.000000	0.080390	0.138889	-0.035235	0.054297	0.767139
	0.000000	0.000000	0.000000	0.000000	1.000000	0.138112	0.027051	0.044455	0.118821	0.645229
	0.000000	0.000000	0.000000	0.000000	1.000000	0.027504	0.318025	-0.063522	0.012371	0.743520
	0.000000	0.000000	0.000000	0.000000	1.000000	0.122236	0.027953	-0.004572	0.087219	0.763135
	0.000000	0.000000	0.000000	0.000000	1.000000	0.137693	-0.001756	0.008373	0.100411	0.755208
	0.000000	0.000000	0.000000	0.000000	1.000000	0.180170	0.001328	0.178400	0.196997	0.363375
	1.000000	0.000000	0.000000	0.000000	0.000000	0.185534	-0.043704	0.105625	0.170290	0.575097
	1.000000	0.000000	0.000000	0.000000	0.000000	0.234997	-0.135974	0.169264	0.224044	0.509038
	1.000000	0.000000	0.000000	0.000000	0.000000	0.165761	-0.020286	0.076408	0.147228	0.614003
	1.000000	0.000000	0.000000	0.000000	0.000000	0.201074	-0.081545	0.115211	0.181853	0.575971
	1.000000	0.000000	0.000000	0.000000	0.000000	0.215427	-0.090924	0.153172	0.207083	0.507807
	1.000000	0.000000	0.000000	0.000000	0.000000	0.198547	-0.073476	0.103838	0.175150	0.599136
	1.000000	0.000000	0.000000	0.000000	0.000000	0.216764	-0.086684	0.150850	0.204757	0.520717
	1.000000	0.000000	0.000000	0.000000	0.000000	0.230729	-0.106892	0.172135	0.221600	0.491765
	1.000000	0.000000	0.000000	0.000000	0.000000	0.208423	-0.078316	0.139644	0.195565	0.520854
	1.000000	0.000000	0.000000	0.000000	0.000000	0.139116	0.022795	0.036498	0.117651	0.665421
	1.000000	0.000000	0.000000	0.000000	0.000000	0.088996	0.305395	0.135438	0.128633	0.286336
	1.000000	0.000000	0.000000	0.000000	0.000000	0.192657	-0.076290	0.089212	0.165869	0.637644
	1.000000	0.000000	0.000000	0.000000	0.000000	0.196679	-0.088825	0.089193	0.165427	0.630726
	1.000000	0.000000	0.000000	0.000000	0.000000	0.165989	0.027369	0.128002	0.165577	0.475533
	1.000000	0.000000	0.000000	0.000000	0.000000	0.244426	-0.136849	0.201369	0.241911	0.452703
	1.000000	0.000000	0.000000	0.000000	0.000000	0.284138	-0.169236	0.279834	0.295441	0.353398
	0.000000	1.000000	0.000000	0.000000	0.000000	-0.020488	0.856872	0.117986	0.050968	0.084280
	0.000000	1.000000	0.000000	0.000000	0.000000	-0.025933	0.644226	-0.050966	-0.014296	0.524527
	0.000000	1.000000	0.000000	0.000000	0.000000	0.032849	0.668514	0.215703	0.118394	0.024165
	0.000000	1.000000	0.000000	0.000000	0.000000	-0.016714	0.789177	0.090801	0.042174	0.147520
	0.000000	1.000000	0.000000	0.000000	0.000000	-0.028760	0.670384	-0.039685	-0.011289	0.474161
	0.000000	1.000000	0.000000	0.000000	0.000000	0.013888	0.617902	0.079817	0.058194	0.254944
	0.000000	1.000000	0.000000	0.000000	0.000000	0.009982	0.501986	-0.005925	0.026519	0.489679
	0.000000	1.000000	0.000000	0.000000	0.000000	0.022270	0.365267	-0.026992	0.025425	0.593909
	0.000000	1.000000	0.000000	0.000000	0.000000	-0.021433	0.751036	0.016331	0.014652	0.320246
	0.000000	1.000000	0.000000	0.000000	0.000000	-0.051445	0.869224	-0.010270	-0.013786	0.303967
	0.000000	1.000000	0.000000	0.000000	0.000000	-0.045016	0.935669	0.073792	0.017910	0.117980
	0.000000	1.000000	0.000000	0.000000	0.000000	-0.021940	0.661048	-0.036775	-0.006578	0.487036
	0.000000	1.000000	0.000000	0.000000	0.000000	-0.035162	0.788301	-0.006033	-0.002011	0.346480
	0.000000	1.000000	0.000000	0.000000	0.000000	-0.020508	0.710588	-0.002319	0.009815	0.379017
	0.000000	1.000000	0.000000	0.000000	0.000000	0.046373	0.464770	0.107239	0.089957	0.235198
	0.000000	1.000000	0.000000	0.000000	0.000000	0.138964	0.189179	0.270883	0.209306	0.102880
	0.000000	1.000000	0.000000	0.000000	0.000000	-0.039089	0.864947	0.028671	0.008738	0.237965
	0.000000	1.000000	0.000000	0.000000	0.000000	-0.012099	0.625410	0.027301	0.022817	0.318390
	0.000000	1.000000	0.000000	0.000000	0.000000	-0.047415	0.925976	0.060665	0.011174	0.137933
	0.000000	1.000000	0.000000	0.000000	0.000000	0.020451	0.566327	0.061427	0.059039	0.309534
	0.000000	1.000000	0.000000	0.000000	0.000000	-0.045374	0.851252	0.002706	-0.006012	0.286027
	0.000000	1.000000	0.000000	0.000000	0.000000	-0.028511	0.758870	0.001214	0.006097	0.348770
	0.000000	1.000000	0.000000	0.000000	0.000000	-0.004084	0.598936	0.035535	0.028875	0.315368
	0.000000	1.000000	0.000000	0.000000	0.000000	-0.001609	0.665509	0.036795	0.034570	0.331884
	0.000000	1.000000	0.000000	0.000000	0.000000	-0.047103	0.921233	0.044862	0.006295	0.172565
	0.000000	1.000000	0.000000	0.000000	0.000000	-0.022170	0.697672	-0.018765	0.000531	0.438793
	0.000000	1.000000	0.000000	0.000000	0.000000	-0.015314	0.597296	-0.002610	0.010286	0.402847
	0.000000	1.000000	0.000000	0.000000	0.000000	-0.013660	0.730024	0.032768	0.024447	0.299480
	0.000000	1.000000	0.000000	0.000000	0.000000	-0.047163	0.850288	-0.012076	-0.012332	0.326335
	0.000000	1.000000	0.000000	0.000000	0.000000	0.003339	0.619931	0.033929	0.036025	0.345709
	0.000000	1.000000	0.000000	0.000000	0.000000	0.005998	0.617731	0.055199	0.048026	0.281001
	0.000000	1.000000	0.000000	0.000000	0.000000	0.004337	0.666590	0.074123	0.052795	0.234564
	0.000000	1.000000	0.000000	0.000000	0.000000	-0.031248	0.815868	0.042145	0.017242	0.221972
	0.000000	1.000000	0.000000	0.000000	0.000000	-0.056123	0.938214	0.025123	-0.004807	0.185849
	0.000000	1.000000	0.000000	0.000000	0.000000	0.069664	0.456993	0.221645	0.144062	0.065687
	0.000000	0.000000	1.000000	0.000000	0.000000	0.196185	0.091277	0.395246	0.285546	0.007822
	0.000000	0.000000	1.000000	0.000000	0.000000	0.215708	0.035109	0.421636	0.313695	-0.009290
	0.000000	0.000000	1.000000	0.000000	0.000000	0.201173	0.132828	0.467154	0.317308	-0.072319
	0.000000	0.000000	1.000000	0.000000	0.000000	0.136712	0.267248	0.335886	0.225728	0.001897
	0.000000	0.000000	1.000000	0.000000	0.000000	0.144603	0.287552	0.391860	0.249917	-0.053244
	0.000000	0.000000	1.000000	0.000000	0.000000	0.169350	0.195159	0.402897	0.273139	-0.045000
	0.000000	0.000000	1.000000	0.000000	0.000000	0.207375	0.040816	0.373722	0.290830	0.045168
	0.000000	0.000000	1.000000	0.000000	0.000000	0.158990	0.280646	0.450484	0.290521	-0.101191
	0.000000	0.000000	1.000000	0.000000	0.000000	0.200877	0.087947	0.430955	0.308095	-0.031544
	0.000000	0.000000	1.000000	0.000000	0.000000	0.197341	0.086516	0.382809	0.285558	0.021019
	0.000000	0.000000	1.000000	0.000000	0.000000	0.168039	0.184213	0.363520	0.256369	0.013502
	0.000000	0.000000	1.000000	0.000000	0.000000	0.235176	-0.018841	0.397445	0.315355	0.057903
	0.000000	0.000000	1.000000	0.000000	0.000000	0.200761	0.133903	0.481298	0.325656	-0.090326
	0.000000	0.000000	1.000000	0.000000	0.000000	0.100599	0.299064	0.204789	0.158758	0.140908
	0.000000	0.000000	1.000000	0.000000	0.000000	0.199325	0.110794	0.430492	0.302701	-0.032674
	0.000000	0.000000	1.000000	0.000000	0.000000	0.210177	0.084084	0.452672	0.318790	-0.042332
	0.000000	0.000000	0.000000	1.000000	0.000000	0.212292	-0.017269	0.304125	0.266321	0.154620
	0.000000	0.000000	0.000000	1.000000	0.000000	0.209788	-0.038459	0.241132	0.239023	0.280314
	0.000000	0.000000	0.000000	1.000000	0.000000	0.107089	0.204941	0.135224	0.137713	0.314862
	0.000000	0.000000	0.000000	1.000000	0.000000	0.139133	0.155397	0.191760	0.180067	0.237798
	0.000000	0.000000	0.000000	1.000000	0.000000	0.257189	-0.127405	0.280888	0.284677	0.297212
	0.000000	0.000000	0.000000	1.000000	0.000000	0.202397	-0.033949	0.218983	0.227058	0.311424
	0.000000	0.000000	0.000000	1.000000	0.000000	0.254225	-0.134530	0.242235	0.261850	0.383624
	0.000000	0.000000	0.000000	1.000000	0.000000	0.184794	0.030496	0.252914	0.231353	0.204811
	0.000000	0.000000	0.000000	1.000000	0.000000	0.196208	-0.004546	0.256275	0.238948	0.229918
	0.000000	0.000000	0.000000	1.000000	0.000000	0.154294	0.069683	0.178123	0.183535	0.303110
	0.000000	0.000000	0.000000	1.000000	0.000000	0.222521	-0.042062	0.305578	0.275180	0.181409
	0.000000	0.000000	0.000000	1.000000	0.000000	0.208418	-0.019921	0.275764	0.254985	0.199847
	0.000000	0.000000	0.000000	1.000000	0.000000	0.197954	-0.009016	0.254123	0.239885	0.233874
	0.000000	0.000000	0.000000	1.000000	0.000000	0.237790	-0.039999	0.378450	0.315770	0.074386
	0.000000	0.000000	0.000000	1.000000	0.000000	0.238053	-0.059672	0.327153	0.287341	0.161933
	0.000000	0.000000	0.000000	0.000000	1.000000	0.093351	0.140283	-0.000918	0.074457	0.690103
	0.000000	0.000000	0.000000	0.000000	1.000000	0.101062	0.121765	0.010067	0.081853	0.677347
	0.000000	0.000000	0.000000	0.000000	1.000000	0.065465	0.158270	-0.056080	0.034247	0.803726
	0.000000	0.000000	0.000000	0.000000	1.000000	0.066713	0.216854	-0.021480	0.054233	0.686245
	0.000000	0.000000	0.000000	0.000000	1.000000	0.074019	0.216773	0.007845	0.068853	0.611306
	0.000000	0.000000	0.000000	0.000000	1.000000	0.119313	0.028836	-0.018707	0.079835	0.799278
	0.000000	0.000000	0.000000	0.000000	1.000000	0.110655	0.106487	0.035584	0.099821	0.608243
	0.000000	0.000000	0.000000	0.000000	1.000000	0.058224	0.217544	-0.043508	0.037326	0.746299
	0.000000	0.000000	0.000000	0.000000	1.000000	0.162118	0.006169	0.092472	0.150049	0.562911
	0.000000	0.000000	0.000000	0.000000	1.000000	0.227551	-0.121128	0.130919	0.200911	0.595336
	0.000000	0.000000	0.000000	0.000000	1.000000	0.051596	0.240908	-0.044501	0.036016	0.722900
	0.000000	0.000000	0.000000	0.000000	1.000000	0.115150	0.062043	-0.000862	0.087438	0.749155
	0.000000	0.000000	0.000000	0.000000	1.000000	0.045587	0.230521	-0.060933	0.023840	0.775655
	0.000000	0.000000	0.000000	0.000000	1.000000	0.091421	0.073574	-0.051155	0.051693	0.838935
	0.000000	0.000000	0.000000	0.000000	1.000000	0.048724	0.232604	-0.056333	0.026101	0.764091
	0.000000	0.000000	0.000000	0.000000	1.000000	0.150459	-0.024235	0.026242	0.116860	0.719692
	0.000000	0.000000	0.000000	0.000000	1.000000	0.096286	0.122648	0.001433	0.077463	0.690904
	0.000000	0.000000	0.000000	0.000000	1.000000	0.073138	0.200728	0.002813	0.067133	0.622727
	0.000000	0.000000	0.000000	0.000000	1.000000	0.068411	0.172376	-0.039004	0.046353	0.753528
	0.000000	0.000000	0.000000	0.000000	1.000000	0.082981	0.212957	0.035144	0.087483	0.544402
	0.000000	0.000000	0.000000	0.000000	1.000000	0.065882	0.190041	-0.037805	0.046010	0.734952
	0.000000	0.000000	0.000000	0.000000	1.000000	0.051522	0.202583	-0.066579	0.024402	0.803833
	0.000000	0.000000	0.000000	0.000000	1.000000	0.121637	0.033986	-0.003467	0.085716	0.761869
	0.000000	0.000000	0.000000	0.000000	1.000000	0.095258	0.127918	0.000520	0.076364	0.687983
	0.000000	0.000000	0.000000	0.000000	1.000000	0.056240	0.200505	-0.056690	0.030153	0.784292
	0.000000	0.000000	0.000000	0.000000	1.000000	0.100188	0.071600	-0.016739	0.072252	0.754232
	0.000000	0.000000	0.000000	0.000000	1.000000	0.096155	0.070547	-0.042089	0.055109	0.836098
	0.000000	0.000000	0.000000	0.000000	1.000000	0.123292	0.096747	0.061276	0.119060	0.560537
	0.000000	0.000000	0.000000	0.000000	1.000000	0.135449	-0.004272	-0.003164	0.096210	0.789243
	0.000000	0.000000	0.000000	0.000000	1.000000	0.063492	0.184852	-0.050593	0.038299	0.777520
	0.000000	0.000000	0.000000	0.000000	1.000000	0.093843	0.088377	-0.035642	0.060252	0.794958
	0.000000	0.000000	0.000000	0.000000	1.000000	0.046964	0.247339	-0.047823	0.028725	0.730726
	0.000000	0.000000	0.000000	0.000000	1.000000	0.057761	0.198686	-0.066019	0.024552	0.819135
	0.000000	0.000000	0.000000	0.000000	1.000000	0.043134	0.188511	-0.089954	0.008869	0.867694
	0.000000	0.000000	0.000000	0.000000	1.000000	0.119083	0.059688	0.012704	0.094489	0.707428
	0.000000	0.000000	0.000000	0.000000	1.000000	0.038779	0.295830	-0.036022	0.030724	0.673151
	0.000000	0.000000	0.000000	0.000000	1.000000	0.062459	0.217050	-0.036654	0.043346	0.730454
	0.000000	0.000000	0.000000	0.000000	1.000000	0.038649	0.301237	-0.036873	0.031265	0.680174
	0.000000	0.000000	0.000000	0.000000	1.000000	0.042692	0.262831	-0.047473	0.027897	0.730503
	0.000000	0.000000	0.000000	0.000000	1.000000	0.067540	0.218032	-0.005441	0.058968	0.645777
	0.000000	0.000000	0.000000	0.000000	1.000000	0.025041	0.286696	-0.091388	-0.001858	0.825852
	0.000000	0.000000	0.000000	0.000000	1.000000	0.052199	0.251576	-0.035273	0.039335	0.701368
	0.000000	0.000000	0.000000	0.000000	1.000000	0.101720	0.052085	-0.036198	0.064356	0.814707
	0.000000	0.000000	0.000000	0.000000	1.000000	0.094496	0.136264	0.008874	0.082347	0.655471
	0.000000	0.000000	0.000000	0.000000	1.000000	0.071928	0.157322	-0.045438	0.045169	0.781908
	0.000000	0.000000	0.000000	0.000000	1.000000	0.057801	0.208380	-0.048255	0.036644	0.761820
	0.000000	0.000000	0.000000	0.000000	1.000000	0.097166	0.071235	-0.033957	0.060352	0.796755
	0.000000	0.000000	0.000000	0.000000	1.000000	0.074948	0.161518	-0.024137	0.055529	0.719536
	0.000000	0.000000	0.000000	0.000000	1.000000	0.045956	0.237626	-0.067588	0.018463	0.790649
	0.000000	0.000000	0.000000	0.000000	1.000000	0.098671	0.075719	-0.027479	0.065547	0.782063
	0.000000	0.000000	0.000000	0.000000	1.000000	0.106591	0.058780	-0.022346	0.071194	0.783655
	0.000000	0.000000	0.000000	0.000000	1.000000	0.051528	0.179382	-0.075324	0.019251	0.840012
	0.000000	0.000000	0.000000	0.000000	1.000000	0.039898	0.298011	-0.040910	0.028444	0.693302
	0.000000	0.000000	0.000000	0.000000	1.000000	0.041862	0.229659	-0.071451	0.015688	0.799792
	0.000000	0.000000	0.000000	0.000000	1.000000	0.197640	-0.062212	0.158741	0.196826	0.456398
	0.000000	0.000000	0.000000	0.000000	1.000000	0.090502	0.118281	-0.014258	0.067517	0.721475
	0.000000	0.000000	0.000000	0.000000	1.000000	0.063057	0.224662	-0.029642	0.047543	0.710122
	0.000000	0.000000	0.000000	0.000000	1.000000	0.100578	0.095840	-0.004609	0.077167	0.717436
	0.000000	0.000000	0.000000	0.000000	1.000000	0.135023	0.005845	0.010459	0.099990	0.754283
	0.000000	0.000000	0.000000	0.000000	1.000000	0.105931	0.060842	-0.024810	0.069385	0.791489
	0.000000	0.000000	0.000000	0.000000	1.000000	0.089074	0.132802	-0.012297	0.067613	0.715449
