	1.000000	0.000000	0.000000	0.000000	0.000000	0.207627	-0.055615	0.160418	0.210103	0.397601
	1.000000	0.000000	0.000000	0.000000	0.000000	0.239768	-0.124183	0.133048	0.214699	0.526291
	1.000000	0.000000	0.000000	0.000000	0.000000	0.306447	-0.194165	0.247592	0.296478	0.360092
	1.000000	0.000000	0.000000	0.000000	0.000000	0.254529	-0.135500	0.157903	0.232926	0.489636
	1.000000	0.000000	0.000000	0.000000	0.000000	0.222777	-0.102669	0.109313	0.197083	0.554941
	1.000000	0.000000	0.000000	0.000000	0.000000	0.243937	-0.130780	0.135240	0.216476	0.531544
	1.000000	0.000000	0.000000	0.000000	0.000000	0.232347	-0.120936	0.114237	0.202332	0.562051
	1.000000	0.000000	0.000000	0.000000	0.000000	0.275237	-0.168318	0.167722	0.247565	0.494326
	1.000000	0.000000	0.000000	0.000000	0.000000	0.224430	-0.123339	0.092396	0.190684	0.599411
	1.000000	0.000000	0.000000	0.000000	0.000000	0.311192	-0.199991	0.236670	0.296381	0.391712
	1.000000	0.000000	0.000000	0.000000	0.000000	0.228798	-0.112553	0.107564	0.200103	0.559462
	1.000000	0.000000	0.000000	0.000000	0.000000	0.299888	-0.192357	0.218300	0.282975	0.418509
	1.000000	0.000000	0.000000	0.000000	0.000000	0.240584	-0.122450	0.144948	0.222098	0.491154
	1.000000	0.000000	0.000000	0.000000	0.000000	0.093367	0.230073	0.100086	0.122597	0.344342
	0.000000	1.000000	0.000000	0.000000	0.000000	-0.055787	0.841307	0.033516	0.005210	0.183860
	0.000000	1.000000	0.000000	0.000000	0.000000	-0.052242	0.846845	0.037687	0.010496	0.178684
	0.000000	1.000000	0.000000	0.000000	0.000000	-0.026306	0.627478	0.020329	0.019797	0.280017
	0.000000	1.000000	0.000000	0.000000	0.000000	-0.040609	0.781400	0.017358	0.011000	0.264731
	0.000000	1.000000	0.000000	0.000000	0.000000	-0.064325	0.928016	0.042140	0.001412	0.145867
	0.000000	1.000000	0.000000	0.000000	0.000000	-0.041313	0.775142	0.026146	0.013711	0.229312
	0.000000	1.000000	0.000000	0.000000	0.000000	-0.038004	0.711956	-0.010987	0.001177	0.350430
	0.000000	1.000000	0.000000	0.000000	0.000000	-0.021964	0.720665	0.057220	0.038116	0.195896
	0.000000	1.000000	0.000000	0.000000	0.000000	-0.066997	0.962053	0.082421	0.012808	0.048762
	0.000000	1.000000	0.000000	0.000000	0.000000	-0.047835	0.835433	0.047371	0.015720	0.160016
	0.000000	1.000000	0.000000	0.000000	0.000000	-0.001154	0.650913	0.092629	0.062422	0.174060
	0.000000	1.000000	0.000000	0.000000	0.000000	-0.074461	0.908564	-0.010333	-0.022281	0.233155
	0.000000	1.000000	0.000000	0.000000	0.000000	0.006824	0.544278	0.039754	0.043706	0.303521
	0.000000	1.000000	0.000000	0.000000	0.000000	-0.066753	0.882520	0.001679	-0.012733	0.229019
	0.000000	1.000000	0.000000	0.000000	0.000000	-0.059777	0.848554	-0.001783	-0.007598	0.262920
	0.000000	1.000000	0.000000	0.000000	0.000000	-0.075475	0.952826	0.033465	-0.009232	0.130018
	0.000000	1.000000	0.000000	0.000000	0.000000	-0.030174	0.689488	0.000507	0.012157	0.331550
	0.000000	1.000000	0.000000	0.000000	0.000000	-0.047899	0.742237	-0.031858	-0.010976	0.378074
	0.000000	1.000000	0.000000	0.000000	0.000000	-0.024585	0.827213	0.159738	0.068947	0.001200
	0.000000	1.000000	0.000000	0.000000	0.000000	-0.056155	0.773071	-0.042891	-0.020543	0.390077
	0.000000	1.000000	0.000000	0.000000	0.000000	-0.066996	0.993101	0.127466	0.026621	-0.020695
	0.000000	1.000000	0.000000	0.000000	0.000000	-0.027056	0.671509	-0.016076	0.006706	0.391059
	0.000000	1.000000	0.000000	0.000000	0.000000	-0.021600	0.644825	-0.009468	0.012550	0.394589
	0.000000	1.000000	0.000000	0.000000	0.000000	-0.036159	0.806234	0.094224	0.037691	0.100325
	0.000000	1.000000	0.000000	0.000000	0.000000	-0.094718	1.035909	0.006248	-0.030214	0.142592
	0.000000	1.000000	0.000000	0.000000	0.000000	-0.041743	0.717754	-0.024871	-0.008410	0.375623
	0.000000	1.000000	0.000000	0.000000	0.000000	-0.058157	0.928633	0.106840	0.027428	0.030874
	0.000000	1.000000	0.000000	0.000000	0.000000	0.012916	0.548074	0.094659	0.073650	0.187067
	0.000000	1.000000	0.000000	0.000000	0.000000	0.042138	0.439589	0.094627	0.090241	0.241072
	0.000000	1.000000	0.000000	0.000000	0.000000	-0.026539	0.732529	0.063567	0.035825	0.173526
	0.000000	1.000000	0.000000	0.000000	0.000000	-0.047335	0.881959	0.108870	0.034729	0.045163
	0.000000	1.000000	0.000000	0.000000	0.000000	-0.065798	0.831314	-0.056357	-0.032292	0.406287
	0.000000	1.000000	0.000000	0.000000	0.000000	-0.101237	1.082574	0.043803	-0.023401	0.039431
	0.000000	1.000000	0.000000	0.000000	0.000000	-0.038476	0.838953	0.115839	0.046041	0.053475
	0.000000	1.000000	0.000000	0.000000	0.000000	0.157797	0.078880	0.231016	0.210819	0.163751
	0.000000	1.000000	0.000000	0.000000	0.000000	-0.030594	0.705839	0.001719	0.012876	0.338068
	0.000000	1.000000	0.000000	0.000000	0.000000	-0.039864	0.821108	0.053745	0.022078	0.159897
	0.000000	1.000000	0.000000	0.000000	0.000000	-0.071403	0.953915	0.058414	0.003874	0.082932
	0.000000	1.000000	0.000000	0.000000	0.000000	-0.089888	0.991102	-0.011831	-0.031798	0.189334
	0.000000	0.000000	1.000000	0.000000	0.000000	0.155798	0.261928	0.485520	0.294460	-0.151340
	0.000000	0.000000	1.000000	0.000000	0.000000	0.139529	0.323028	0.505512	0.296588	-0.176586
	0.000000	0.000000	1.000000	0.000000	0.000000	0.181029	0.200331	0.536969	0.335478	-0.170164
	0.000000	0.000000	1.000000	0.000000	0.000000	0.162040	0.188812	0.422955	0.280521	-0.093893
	0.000000	0.000000	1.000000	0.000000	0.000000	0.187425	0.189512	0.545221	0.340219	-0.170559
	0.000000	0.000000	1.000000	0.000000	0.000000	0.173409	0.125487	0.390786	0.276551	-0.046203
	0.000000	0.000000	1.000000	0.000000	0.000000	0.198763	0.131900	0.505224	0.333991	-0.133728
	0.000000	0.000000	1.000000	0.000000	0.000000	0.228059	0.034090	0.480187	0.343275	-0.086404
	0.000000	0.000000	1.000000	0.000000	0.000000	0.185886	0.171512	0.509436	0.324359	-0.147495
	0.000000	0.000000	1.000000	0.000000	0.000000	0.193313	0.085869	0.419895	0.300397	-0.057986
	0.000000	0.000000	1.000000	0.000000	0.000000	0.159595	0.227034	0.455819	0.292295	-0.128711
	0.000000	0.000000	1.000000	0.000000	0.000000	0.192884	0.169270	0.545361	0.346401	-0.168457
	0.000000	0.000000	1.000000	0.000000	0.000000	0.224901	0.034199	0.475814	0.338949	-0.079242
	0.000000	0.000000	0.000000	1.000000	0.000000	0.162908	0.047969	0.201112	0.204547	0.224688
	0.000000	0.000000	0.000000	1.000000	0.000000	0.241084	-0.109085	0.239973	0.261065	0.284800
	0.000000	0.000000	0.000000	1.000000	0.000000	0.115518	0.190468	0.131947	0.151038	0.299441
	0.000000	0.000000	0.000000	1.000000	0.000000	0.115289	0.180328	0.136321	0.150989	0.279664
	0.000000	0.000000	0.000000	1.000000	0.000000	0.239074	-0.085556	0.270454	0.270558	0.210342
	0.000000	0.000000	0.000000	1.000000	0.000000	0.275288	-0.149901	0.248425	0.279830	0.324272
	0.000000	0.000000	0.000000	1.000000	0.000000	0.243349	-0.077942	0.319638	0.297006	0.129934
	0.000000	0.000000	0.000000	1.000000	0.000000	0.082786	0.273947	0.100944	0.118725	0.301909
	0.000000	0.000000	0.000000	1.000000	0.000000	0.252616	-0.098748	0.279643	0.281091	0.218618
	0.000000	0.000000	0.000000	1.000000	0.000000	0.223111	-0.096663	0.160406	0.215471	0.418546
	0.000000	0.000000	0.000000	1.000000	0.000000	0.206740	-0.001569	0.303005	0.270420	0.092502
	0.000000	0.000000	0.000000	1.000000	0.000000	0.186903	0.016983	0.271498	0.247867	0.118108
	0.000000	0.000000	0.000000	1.000000	0.000000	0.182862	-0.004235	0.205672	0.219506	0.243883
	0.000000	0.000000	0.000000	1.000000	0.000000	0.218489	-0.019535	0.324732	0.284978	0.087078
	0.000000	0.000000	0.000000	1.000000	0.000000	0.158809	0.081906	0.222801	0.211173	0.166936
	0.000000	0.000000	0.000000	1.000000	0.000000	0.186722	0.025801	0.267426	0.245355	0.128189
	0.000000	0.000000	0.000000	0.000000	1.000000	0.089594	0.110326	-0.038317	0.061487	0.741773
	0.000000	0.000000	0.000000	0.000000	1.000000	0.106200	0.073961	-0.021040	0.079862	0.716045
	0.000000	0.000000	0.000000	0.000000	1.000000	0.113347	0.079756	0.010941	0.095720	0.640875
	0.000000	0.000000	0.000000	0.000000	1.000000	0.193684	-0.099713	0.027295	0.145000	0.722425
	0.000000	0.000000	0.000000	0.000000	1.000000	0.125190	0.044169	-0.000858	0.099378	0.671385
	0.000000	0.000000	0.000000	0.000000	1.000000	0.066477	0.177829	-0.041300	0.049623	0.703188
	0.000000	0.000000	0.000000	0.000000	1.000000	0.081810	0.093051	-0.070560	0.042867	0.829183
	0.000000	0.000000	0.000000	0.000000	1.000000	0.126468	-0.004892	-0.045586	0.076942	0.822013
	0.000000	0.000000	0.000000	0.000000	1.000000	0.069090	0.074981	-0.112744	0.016697	0.938876
	0.000000	0.000000	0.000000	0.000000	1.000000	0.034754	0.222708	-0.095903	0.008147	0.817372
	0.000000	0.000000	0.000000	0.000000	1.000000	0.056145	0.171660	-0.073849	0.029682	0.785710
	0.000000	0.000000	0.000000	0.000000	1.000000	0.048992	0.153223	-0.106255	0.009633	0.885124
	0.000000	0.000000	0.000000	0.000000	1.000000	0.034547	0.235361	-0.100305	0.007449	0.835932
	0.000000	0.000000	0.000000	0.000000	1.000000	0.063124	0.122785	-0.095416	0.022229	0.876115
	0.000000	0.000000	0.000000	0.000000	1.000000	0.066336	0.157535	-0.063701	0.041788	0.770842
	0.000000	0.000000	0.000000	0.000000	1.000000	0.076950	0.148444	-0.041383	0.057497	0.710959
	0.000000	0.000000	0.000000	0.000000	1.000000	0.037899	0.263268	-0.066849	0.024119	0.727113
	0.000000	0.000000	0.000000	0.000000	1.000000	0.117607	0.069816	0.009663	0.099466	0.633219
	0.000000	0.000000	0.000000	0.000000	1.000000	0.115056	0.075253	0.006897	0.096150	0.635493
	0.000000	0.000000	0.000000	0.000000	1.000000	0.070629	0.180210	-0.025539	0.059913	0.656931
	0.000000	0.000000	0.000000	0.000000	1.000000	0.064988	0.167557	-0.068121	0.036523	0.793983
	0.000000	0.000000	0.000000	0.000000	1.000000	0.119671	0.042616	-0.026150	0.083979	0.759886
	0.000000	0.000000	0.000000	0.000000	1.000000	0.035004	0.223746	-0.105517	0.002954	0.857032
	0.000000	0.000000	0.000000	0.000000	1.000000	0.094072	0.095464	-0.041860	0.063360	0.756012
	0.000000	0.000000	0.000000	0.000000	1.000000	0.078958	0.105413	-0.067308	0.045421	0.817961
	0.000000	0.000000	0.000000	0.000000	1.000000	0.087459	0.080786	-0.065151	0.050405	0.822517
	0.000000	0.000000	0.000000	0.000000	1.000000	0.096770	0.041860	-0.077119	0.045240	0.869520
	0.000000	0.000000	0.000000	0.000000	1.000000	0.025906	0.308880	-0.066284	0.017724	0.695472
	0.000000	0.000000	0.000000	0.000000	1.000000	0.160040	-0.046816	0.004478	0.116149	0.737240
	0.000000	0.000000	0.000000	0.000000	1.000000	0.217318	-0.138219	0.042202	0.165270	0.736239
	0.000000	0.000000	0.000000	0.000000	1.000000	0.087443	0.112001	-0.042657	0.060242	0.751342
	0.000000	0.000000	0.000000	0.000000	1.000000	0.114471	-0.001750	-0.072484	0.059641	0.885134
	0.000000	0.000000	0.000000	0.000000	1.000000	0.051373	0.124572	-0.119176	0.004009	0.930870
	0.000000	0.000000	0.000000	0.000000	1.000000	0.042360	0.228783	-0.078996	0.020107	0.776299
	0.000000	0.000000	0.000000	0.000000	1.000000	0.134555	0.052700	0.042073	0.123505	0.577606
	0.000000	0.000000	0.000000	0.000000	1.000000	0.042428	0.299268	-0.033563	0.038959	0.629552
	0.000000	0.000000	0.000000	0.000000	1.000000	0.091030	0.060917	-0.071573	0.047821	0.846638
	0.000000	0.000000	0.000000	0.000000	1.000000	0.064439	0.080509	-0.113494	0.014675	0.936374
	0.000000	0.000000	0.000000	0.000000	1.000000	0.058240	0.133612	-0.103190	0.017041	0.879182
	0.000000	0.000000	0.000000	0.000000	1.000000	0.093475	0.036700	-0.086227	0.043061	0.898527
	0.000000	0.000000	0.000000	0.000000	1.000000	0.021576	0.365729	-0.043992	0.024431	0.604146
	0.000000	0.000000	0.000000	0.000000	1.000000	0.040856	0.305986	-0.027706	0.043542	0.598370
	0.000000	0.000000	0.000000	0.000000	1.000000	0.080675	0.068601	-0.090975	0.033457	0.889702
	0.000000	0.000000	0.000000	0.000000	1.000000	0.063232	0.140036	-0.083786	0.027639	0.843182
	0.000000	0.000000	0.000000	0.000000	1.000000	0.045252	0.217049	-0.085206	0.019526	0.805271
	0.000000	0.000000	0.000000	0.000000	1.000000	0.082821	0.148491	-0.016569	0.069118	0.659630
	0.000000	0.000000	0.000000	0.000000	1.000000	0.041503	0.230271	-0.074941	0.020985	0.768501
	0.000000	0.000000	0.000000	0.000000	1.000000	0.131497	0.020591	0.010135	0.108156	0.658176
	0.000000	0.000000	0.000000	0.000000	1.000000	0.039609	0.343243	-0.014312	0.047956	0.556681
	0.000000	0.000000	0.000000	0.000000	1.000000	0.038730	0.242578	-0.069788	0.022755	0.741039
	0.000000	0.000000	0.000000	0.000000	1.000000	0.045232	0.231276	-0.060852	0.030562	0.718262
	0.000000	0.000000	0.000000	0.000000	1.000000	0.170318	0.010083	0.097549	0.162885	0.494227
	0.000000	0.000000	0.000000	0.000000	1.000000	0.209918	-0.077005	0.151189	0.208190	0.418566
	0.000000	0.000000	0.000000	0.000000	1.000000	0.210580	-0.080591	0.144018	0.204418	0.436967
	0.000000	0.000000	0.000000	0.000000	1.000000	0.057829	0.265500	-0.006180	0.063251	0.584228
	0.000000	0.000000	0.000000	0.000000	1.000000	0.236968	-0.122781	0.178206	0.234297	0.406154
	0.000000	0.000000	0.000000	0.000000	1.000000	0.134475	0.017337	-0.002864	0.100063	0.731986
	0.000000	0.000000	0.000000	0.000000	1.000000	0.050579	0.172763	-0.096368	0.016439	0.862785
	0.000000	0.000000	0.000000	0.000000	1.000000	0.223106	-0.116086	0.132025	0.204886	0.490106
	0.000000	0.000000	0.000000	0.000000	1.000000	0.080534	0.101073	-0.071917	0.043790	0.829564
	0.000000	0.000000	0.000000	0.000000	1.000000	0.144864	-0.006352	0.011554	0.114379	0.685419
	0.000000	0.000000	0.000000	0.000000	1.000000	0.021857	0.282853	-0.095858	0.001182	0.800908
	0.000000	0.000000	0.000000	0.000000	1.000000	0.129040	-0.010919	-0.043697	0.078742	0.827778
	0.000000	0.000000	0.000000	0.000000	1.000000	0.147083	-0.040520	-0.031313	0.092922	0.819918
	0.000000	0.000000	0.000000	0.000000	1.000000	0.186085	-0.015551	0.168980	0.202262	0.331771
	1.000000	0.000000	0.000000	0.000000	0.000000	0.199924	-0.077249	0.079235	0.172668	0.596582
	1.000000	0.000000	0.000000	0.000000	0.000000	0.258669	-0.164882	0.145248	0.231510	0.522290
	1.000000	0.000000	0.000000	0.000000	0.000000	0.178730	-0.056776	0.046645	0.147462	0.646865
	1.000000	0.000000	0.000000	0.000000	0.000000	0.219367	-0.114280	0.087888	0.185571	0.599626
	1.000000	0.000000	0.000000	0.000000	0.000000	0.234862	-0.122121	0.132194	0.214360	0.513973
	1.000000	0.000000	0.000000	0.000000	0.000000	0.216516	-0.107261	0.075726	0.178492	0.625965
	1.000000	0.000000	0.000000	0.000000	0.000000	0.235945	-0.117705	0.128872	0.211007	0.528911
	1.000000	0.000000	0.000000	0.000000	0.000000	0.251088	-0.134998	0.153020	0.230115	0.490283
	1.000000	0.000000	0.000000	0.000000	0.000000	0.226110	-0.108664	0.117811	0.201689	0.528078
	1.000000	0.000000	0.000000	0.000000	0.000000	0.147823	-0.014550	0.003774	0.114362	0.708922
	1.000000	0.000000	0.000000	0.000000	0.000000	0.078536	0.315831	0.135037	0.128573	0.229779
	1.000000	0.000000	0.000000	0.000000	0.000000	0.210979	-0.112087	0.056689	0.166974	0.677732
	1.000000	0.000000	0.000000	0.000000	0.000000	0.215562	-0.122594	0.056629	0.167048	0.669982
	1.000000	0.000000	0.000000	0.000000	0.000000	0.172993	0.001400	0.107662	0.166723	0.473892
	1.000000	0.000000	0.000000	0.000000	0.000000	0.268317	-0.164158	0.184066	0.252053	0.448685
	1.000000	0.000000	0.000000	0.000000	0.000000	0.310292	-0.189895	0.276464	0.311185	0.317924
	0.000000	1.000000	0.000000	0.000000	0.000000	-0.050565	0.925061	0.135985	0.043145	-0.005739
	0.000000	1.000000	0.000000	0.000000	0.000000	-0.044120	0.663460	-0.070823	-0.024941	0.520757
	0.000000	1.000000	0.000000	0.000000	0.000000	0.006234	0.737576	0.249392	0.117509	-0.067489
	0.000000	1.000000	0.000000	0.000000	0.000000	-0.042166	0.840812	0.098311	0.035505	0.071816
	0.000000	1.000000	0.000000	0.000000	0.000000	-0.048459	0.697607	-0.057218	-0.021876	0.458126
	0.000000	1.000000	0.000000	0.000000	0.000000	-0.006476	0.654020	0.077667	0.051375	0.195640
	0.000000	1.000000	0.000000	0.000000	0.000000	-0.004777	0.508154	-0.025737	0.017542	0.485191
	0.000000	1.000000	0.000000	0.000000	0.000000	0.011041	0.354987	-0.055254	0.014685	0.622344
	0.000000	1.000000	0.000000	0.000000	0.000000	-0.046785	0.807276	0.009966	0.003672	0.259386
	0.000000	1.000000	0.000000	0.000000	0.000000	-0.077475	0.921346	-0.016090	-0.024715	0.242319
	0.000000	1.000000	0.000000	0.000000	0.000000	-0.074710	0.993942	0.084306	0.008062	0.033885
	0.000000	1.000000	0.000000	0.000000	0.000000	-0.042048	0.691576	-0.054553	-0.017847	0.470003
	0.000000	1.000000	0.000000	0.000000	0.000000	-0.059682	0.837922	-0.014753	-0.013076	0.293828
	0.000000	1.000000	0.000000	0.000000	0.000000	-0.043594	0.756479	-0.013242	-0.001033	0.333812
	0.000000	1.000000	0.000000	0.000000	0.000000	0.025305	0.511088	0.106965	0.085452	0.167597
	0.000000	1.000000	0.000000	0.000000	0.000000	0.128600	0.211780	0.292623	0.216084	0.021913
	0.000000	1.000000	0.000000	0.000000	0.000000	-0.066789	0.923570	0.028313	-0.002208	0.164217
	0.000000	1.000000	0.000000	0.000000	0.000000	-0.036135	0.681132	0.018635	0.012679	0.262095
	0.000000	1.000000	0.000000	0.000000	0.000000	-0.077729	0.989871	0.069160	0.000896	0.051582
	0.000000	1.000000	0.000000	0.000000	0.000000	0.000333	0.603700	0.056393	0.051958	0.253915
	0.000000	1.000000	0.000000	0.000000	0.000000	-0.071288	0.903400	-0.002042	-0.016452	0.222604
	0.000000	1.000000	0.000000	0.000000	0.000000	-0.052061	0.804433	-0.007887	-0.004685	0.299469
	0.000000	1.000000	0.000000	0.000000	0.000000	-0.028047	0.655221	0.026815	0.018840	0.258451
	0.000000	1.000000	0.000000	0.000000	0.000000	-0.026197	0.719223	0.028369	0.023232	0.277412
	0.000000	1.000000	0.000000	0.000000	0.000000	-0.076525	0.982936	0.050206	-0.004204	0.088908
	0.000000	1.000000	0.000000	0.000000	0.000000	-0.043282	0.733921	-0.033215	-0.010653	0.408322
	0.000000	1.000000	0.000000	0.000000	0.000000	-0.036705	0.637810	-0.017664	-0.000439	0.369457
	0.000000	1.000000	0.000000	0.000000	0.000000	-0.037836	0.781328	0.027791	0.014605	0.237826
	0.000000	1.000000	0.000000	0.000000	0.000000	-0.073374	0.904959	-0.018856	-0.023860	0.265666
	0.000000	1.000000	0.000000	0.000000	0.000000	-0.017642	0.657744	0.024147	0.026762	0.300088
	0.000000	1.000000	0.000000	0.000000	0.000000	-0.015141	0.657343	0.050574	0.040991	0.224360
	0.000000	1.000000	0.000000	0.000000	0.000000	-0.018031	0.710080	0.073655	0.045954	0.170203
	0.000000	1.000000	0.000000	0.000000	0.000000	-0.057818	0.872594	0.042308	0.007534	0.150082
	0.000000	1.000000	0.000000	0.000000	0.000000	-0.085892	1.000583	0.028978	-0.015448	0.102462
	0.000000	1.000000	0.000000	0.000000	0.000000	0.049891	0.504742	0.246259	0.146266	-0.018618
	0.000000	0.000000	1.000000	0.000000	0.000000	0.193092	0.103742	0.442006	0.303941	-0.078616
	0.000000	0.000000	1.000000	0.000000	0.000000	0.215691	0.044958	0.475036	0.337198	-0.097287
	0.000000	0.000000	1.000000	0.000000	0.000000	0.192340	0.168372	0.533628	0.338346	-0.158353
	0.000000	0.000000	1.000000	0.000000	0.000000	0.127261	0.288173	0.379750	0.240102	-0.082567
	0.000000	0.000000	1.000000	0.000000	0.000000	0.131790	0.324569	0.448053	0.265385	-0.137232
	0.000000	0.000000	1.000000	0.000000	0.000000	0.160001	0.226002	0.460751	0.292196	-0.131517
	0.000000	0.000000	1.000000	0.000000	0.000000	0.207708	0.046874	0.414539	0.309840	-0.041585
	0.000000	0.000000	1.000000	0.000000	0.000000	0.143786	0.332337	0.523534	0.310318	-0.183870
	0.000000	0.000000	1.000000	0.000000	0.000000	0.198137	0.100213	0.486495	0.330158	-0.116082
	0.000000	0.000000	1.000000	0.000000	0.000000	0.196361	0.092803	0.426716	0.304825	-0.064205
	0.000000	0.000000	1.000000	0.000000	0.000000	0.160739	0.205552	0.410638	0.272708	-0.076667
	0.000000	0.000000	1.000000	0.000000	0.000000	0.241409	-0.022846	0.437141	0.336744	-0.026539
	0.000000	0.000000	1.000000	0.000000	0.000000	0.192351	0.167587	0.550205	0.348322	-0.171927
	0.000000	0.000000	1.000000	0.000000	0.000000	0.089056	0.314500	0.217468	0.163698	0.069902
	0.000000	0.000000	1.000000	0.000000	0.000000	0.194220	0.130931	0.487172	0.323124	-0.119380
	0.000000	0.000000	1.000000	0.000000	0.000000	0.204781	0.108045	0.510417	0.339110	-0.128645
	0.000000	0.000000	0.000000	1.000000	0.000000	0.218798	-0.024209	0.328051	0.284471	0.074366
	0.000000	0.000000	0.000000	1.000000	0.000000	0.220062	-0.056425	0.243731	0.250911	0.229544
	0.000000	0.000000	0.000000	1.000000	0.000000	0.102035	0.198289	0.129702	0.139716	0.272482
	0.000000	0.000000	0.000000	1.000000	0.000000	0.136490	0.151471	0.199670	0.188722	0.172245
	0.000000	0.000000	0.000000	1.000000	0.000000	0.277544	-0.149814	0.283458	0.301347	0.251834
	0.000000	0.000000	0.000000	1.000000	0.000000	0.211557	-0.050924	0.218756	0.237748	0.263586
	0.000000	0.000000	0.000000	1.000000	0.000000	0.276158	-0.158129	0.232722	0.274009	0.359320
	0.000000	0.000000	0.000000	1.000000	0.000000	0.190792	0.014585	0.265645	0.245930	0.139448
	0.000000	0.000000	0.000000	1.000000	0.000000	0.204246	-0.021696	0.266189	0.253110	0.168109
	0.000000	0.000000	0.000000	1.000000	0.000000	0.157661	0.049719	0.174363	0.191230	0.262651
	0.000000	0.000000	0.000000	1.000000	0.000000	0.233409	-0.059530	0.322697	0.293240	0.113879
	0.000000	0.000000	0.000000	1.000000	0.000000	0.217229	-0.035304	0.291506	0.272016	0.130916
	0.000000	0.000000	0.000000	1.000000	0.000000	0.205778	-0.024741	0.264393	0.254144	0.170397
	0.000000	0.000000	0.000000	1.000000	0.000000	0.246242	-0.047747	0.415393	0.339342	-0.008857
	0.000000	0.000000	0.000000	1.000000	0.000000	0.247529	-0.067171	0.351289	0.306338	0.081174
	0.000000	0.000000	0.000000	0.000000	1.000000	0.094118	0.105084	-0.034676	0.066249	0.738945
	0.000000	0.000000	0.000000	0.000000	1.000000	0.102530	0.086575	-0.024417	0.073773	0.726618
	0.000000	0.000000	0.000000	0.000000	1.000000	0.066425	0.112281	-0.093864	0.023522	0.875661
	0.000000	0.000000	0.000000	0.000000	1.000000	0.063795	0.184259	-0.053796	0.044820	0.734122
	0.000000	0.000000	0.000000	0.000000	1.000000	0.070683	0.188622	-0.021563	0.061274	0.644523
	0.000000	0.000000	0.000000	0.000000	1.000000	0.127150	-0.013864	-0.059261	0.070782	0.870558
	0.000000	0.000000	0.000000	0.000000	1.000000	0.113354	0.072865	0.005129	0.094886	0.643061
	0.000000	0.000000	0.000000	0.000000	1.000000	0.056119	0.178838	-0.078018	0.027070	0.805387
	0.000000	0.000000	0.000000	0.000000	1.000000	0.169814	-0.021438	0.065376	0.148261	0.581393
	0.000000	0.000000	0.000000	0.000000	1.000000	0.250271	-0.151803	0.103439	0.206162	0.619457
	0.000000	0.000000	0.000000	0.000000	1.000000	0.048071	0.204937	-0.077803	0.026000	0.778707
	0.000000	0.000000	0.000000	0.000000	1.000000	0.119092	0.024386	-0.039517	0.077700	0.811567
	0.000000	0.000000	0.000000	0.000000	1.000000	0.042898	0.189734	-0.096047	0.012697	0.841042
	0.000000	0.000000	0.000000	0.000000	1.000000	0.097690	0.023620	-0.091724	0.041637	0.917704
	0.000000	0.000000	0.000000	0.000000	1.000000	0.046430	0.190866	-0.091411	0.015511	0.828753
	0.000000	0.000000	0.000000	0.000000	1.000000	0.163380	-0.064763	-0.010838	0.113149	0.778472
	0.000000	0.000000	0.000000	0.000000	1.000000	0.098059	0.085326	-0.033044	0.069577	0.742494
	0.000000	0.000000	0.000000	0.000000	1.000000	0.069479	0.174170	-0.027019	0.059293	0.657129
	0.000000	0.000000	0.000000	0.000000	1.000000	0.066728	0.136662	-0.074410	0.035660	0.812902
	0.000000	0.000000	0.000000	0.000000	1.000000	0.080057	0.186087	0.010027	0.082444	0.562232
	0.000000	0.000000	0.000000	0.000000	1.000000	0.065455	0.148667	-0.072239	0.036870	0.794479
	0.000000	0.000000	0.000000	0.000000	1.000000	0.050381	0.157810	-0.103160	0.012994	0.874664
	0.000000	0.000000	0.000000	0.000000	1.000000	0.127877	-0.004048	-0.043079	0.076693	0.826367
	0.000000	0.000000	0.000000	0.000000	1.000000	0.097253	0.089923	-0.033539	0.068840	0.738811
	0.000000	0.000000	0.000000	0.000000	1.000000	0.054414	0.160586	-0.092664	0.018918	0.849494
	0.000000	0.000000	0.000000	0.000000	1.000000	0.105042	0.029155	-0.055280	0.063403	0.821405
	0.000000	0.000000	0.000000	0.000000	1.000000	0.102242	0.022528	-0.083488	0.044420	0.913457
	0.000000	0.000000	0.000000	0.000000	1.000000	0.126634	0.065322	0.035451	0.116692	0.579987
	0.000000	0.000000	0.000000	0.000000	1.000000	0.145175	-0.044749	-0.043743	0.087847	0.857902
	0.000000	0.000000	0.000000	0.000000	1.000000	0.063190	0.141276	-0.086786	0.027805	0.844255
	0.000000	0.000000	0.000000	0.000000	1.000000	0.099039	0.040978	-0.074843	0.051037	0.867954
	0.000000	0.000000	0.000000	0.000000	1.000000	0.044329	0.206341	-0.081970	0.018698	0.791925
	0.000000	0.000000	0.000000	0.000000	1.000000	0.057636	0.150629	-0.103791	0.013033	0.892583
	0.000000	0.000000	0.000000	0.000000	1.000000	0.043542	0.136527	-0.127274	-0.002809	0.945408
	0.000000	0.000000	0.000000	0.000000	1.000000	0.124649	0.021432	-0.023084	0.087430	0.761633
	0.000000	0.000000	0.000000	0.000000	1.000000	0.032619	0.266713	-0.067082	0.020795	0.719309
	0.000000	0.000000	0.000000	0.000000	1.000000	0.059155	0.183856	-0.070867	0.032600	0.785348
	0.000000	0.000000	0.000000	0.000000	1.000000	0.031829	0.275036	-0.067720	0.020739	0.724753
	0.000000	0.000000	0.000000	0.000000	1.000000	0.037751	0.229568	-0.080972	0.016757	0.786495
	0.000000	0.000000	0.000000	0.000000	1.000000	0.064079	0.187463	-0.037082	0.050138	0.688295
	0.000000	0.000000	0.000000	0.000000	1.000000	0.020601	0.245605	-0.125704	-0.013831	0.894024
	0.000000	0.000000	0.000000	0.000000	1.000000	0.047077	0.221888	-0.067806	0.029044	0.750924
	0.000000	0.000000	0.000000	0.000000	1.000000	0.109160	0.004264	-0.076003	0.055677	0.889338
	0.000000	0.000000	0.000000	0.000000	1.000000	0.094572	0.104279	-0.023152	0.074949	0.697096
	0.000000	0.000000	0.000000	0.000000	1.000000	0.071704	0.117075	-0.082062	0.034383	0.846857
	0.000000	0.000000	0.000000	0.000000	1.000000	0.055263	0.170503	-0.083931	0.025220	0.824802
	0.000000	0.000000	0.000000	0.000000	1.000000	0.101895	0.028141	-0.073412	0.050663	0.868000
	0.000000	0.000000	0.000000	0.000000	1.000000	0.074055	0.125799	-0.058957	0.045933	0.775520
	0.000000	0.000000	0.000000	0.000000	1.000000	0.041873	0.202923	-0.102702	0.006563	0.853698
	0.000000	0.000000	0.000000	0.000000	1.000000	0.103628	0.031881	-0.066118	0.056535	0.850991
	0.000000	0.000000	0.000000	0.000000	1.000000	0.111738	0.018242	-0.061451	0.061767	0.850797
	0.000000	0.000000	0.000000	0.000000	1.000000	0.051173	0.133208	-0.112792	0.007390	0.913735
	0.000000	0.000000	0.000000	0.000000	1.000000	0.036037	0.256987	-0.073818	0.018829	0.751123
	0.000000	0.000000	0.000000	0.000000	1.000000	0.040397	0.182471	-0.107335	0.004804	0.871314
	0.000000	0.000000	0.000000	0.000000	1.000000	0.209750	-0.086886	0.136800	0.199838	0.457117
	0.000000	0.000000	0.000000	0.000000	1.000000	0.092168	0.080270	-0.049993	0.058856	0.779131
	0.000000	0.000000	0.000000	0.000000	1.000000	0.059502	0.192550	-0.062818	0.037278	0.760984
	0.000000	0.000000	0.000000	0.000000	1.000000	0.104860	0.053017	-0.041553	0.069224	0.779245
	0.000000	0.000000	0.000000	0.000000	1.000000	0.143666	-0.032778	-0.029664	0.091681	0.819122
	0.000000	0.000000	0.000000	0.000000	1.000000	0.111187	0.018947	-0.064545	0.059610	0.861080
	0.000000	0.000000	0.000000	0.000000	1.000000	0.090487	0.094389	-0.047580	0.058752	0.771518
