	1.000000	0.000000	0.000000	0.000000	0.000000	0.190306	-0.015251	0.155047	0.182042	0.430395
	1.000000	0.000000	0.000000	0.000000	0.000000	0.211308	-0.076158	0.143163	0.186714	0.517131
	1.000000	0.000000	0.000000	0.000000	0.000000	0.262731	-0.154415	0.231264	0.252609	0.393159
	1.000000	0.000000	0.000000	0.000000	0.000000	0.223489	-0.089663	0.162270	0.201785	0.493043
	1.000000	0.000000	0.000000	0.000000	0.000000	0.198705	-0.054096	0.123459	0.172426	0.539233
	1.000000	0.000000	0.000000	0.000000	0.000000	0.214662	-0.083673	0.146137	0.188948	0.520463
	1.000000	0.000000	0.000000	0.000000	0.000000	0.204976	-0.072058	0.130197	0.177054	0.541241
	1.000000	0.000000	0.000000	0.000000	0.000000	0.237675	-0.123272	0.172305	0.212873	0.493414
	1.000000	0.000000	0.000000	0.000000	0.000000	0.197332	-0.071261	0.113841	0.167229	0.562376
	1.000000	0.000000	0.000000	0.000000	0.000000	0.266290	-0.160937	0.224558	0.253041	0.419084
	1.000000	0.000000	0.000000	0.000000	0.000000	0.203260	-0.063960	0.123890	0.175860	0.537529
	1.000000	0.000000	0.000000	0.000000	0.000000	0.257650	-0.152412	0.211371	0.243039	0.437141
	1.000000	0.000000	0.000000	0.000000	0.000000	0.212896	-0.076825	0.149612	0.191886	0.495525
	1.000000	0.000000	0.000000	0.000000	0.000000	0.106220	0.229305	0.095862	0.111224	0.401725
	0.000000	1.000000	0.000000	0.000000	0.000000	-0.011046	0.737276	0.021567	0.012315	0.301545
	0.000000	1.000000	0.000000	0.000000	0.000000	-0.006013	0.733543	0.024168	0.017962	0.303854
	0.000000	1.000000	0.000000	0.000000	0.000000	0.014519	0.524649	0.019217	0.025309	0.376288
	0.000000	1.000000	0.000000	0.000000	0.000000	0.004086	0.670476	0.013134	0.019763	0.372587
	0.000000	1.000000	0.000000	0.000000	0.000000	-0.014478	0.807088	0.025316	0.012099	0.283142
	0.000000	1.000000	0.000000	0.000000	0.000000	0.001070	0.677950	0.019029	0.019702	0.335134
	0.000000	1.000000	0.000000	0.000000	0.000000	0.000484	0.635203	-0.005043	0.008602	0.420592
	0.000000	1.000000	0.000000	0.000000	0.000000	0.019345	0.621481	0.043352	0.041248	0.311353
	0.000000	1.000000	0.000000	0.000000	0.000000	-0.015344	0.837059	0.051252	0.021169	0.199823
	0.000000	1.000000	0.000000	0.000000	0.000000	-0.002537	0.727297	0.031840	0.021495	0.284769
	0.000000	1.000000	0.000000	0.000000	0.000000	0.040094	0.540655	0.072492	0.064551	0.300655
	0.000000	1.000000	0.000000	0.000000	0.000000	-0.028257	0.804518	-0.014868	-0.013240	0.345849
	0.000000	1.000000	0.000000	0.000000	0.000000	0.042799	0.462499	0.039964	0.047451	0.387225
	0.000000	1.000000	0.000000	0.000000	0.000000	-0.020688	0.774200	-0.003926	-0.003077	0.342542
	0.000000	1.000000	0.000000	0.000000	0.000000	-0.015044	0.744647	-0.004710	0.002117	0.367148
	0.000000	1.000000	0.000000	0.000000	0.000000	-0.026344	0.840018	0.016665	0.000154	0.265031
	0.000000	1.000000	0.000000	0.000000	0.000000	0.007137	0.617398	0.004287	0.018150	0.403788
	0.000000	1.000000	0.000000	0.000000	0.000000	-0.008825	0.665044	-0.023174	-0.002690	0.442459
	0.000000	1.000000	0.000000	0.000000	0.000000	0.023794	0.697370	0.111129	0.069343	0.155652
	0.000000	1.000000	0.000000	0.000000	0.000000	-0.015908	0.691082	-0.033073	-0.011124	0.454390
	0.000000	1.000000	0.000000	0.000000	0.000000	-0.012417	0.864138	0.082428	0.034308	0.137115
	0.000000	1.000000	0.000000	0.000000	0.000000	0.010590	0.596499	-0.007379	0.014090	0.454168
	0.000000	1.000000	0.000000	0.000000	0.000000	0.015021	0.575346	0.000004	0.020135	0.452141
	0.000000	1.000000	0.000000	0.000000	0.000000	0.006857	0.708214	0.067323	0.040324	0.229707
	0.000000	1.000000	0.000000	0.000000	0.000000	-0.042688	0.922762	-0.007934	-0.017167	0.285276
	0.000000	1.000000	0.000000	0.000000	0.000000	-0.000325	0.616643	-0.017133	0.000837	0.456720
	0.000000	1.000000	0.000000	0.000000	0.000000	-0.007971	0.807010	0.070147	0.033493	0.180127
	0.000000	1.000000	0.000000	0.000000	0.000000	0.048658	0.472076	0.080711	0.072530	0.286986
	0.000000	1.000000	0.000000	0.000000	0.000000	0.071461	0.377344	0.080504	0.084375	0.344273
	0.000000	1.000000	0.000000	0.000000	0.000000	0.013824	0.640619	0.047328	0.037952	0.288795
	0.000000	1.000000	0.000000	0.000000	0.000000	-0.000159	0.768179	0.073145	0.037858	0.190733
	0.000000	1.000000	0.000000	0.000000	0.000000	-0.023382	0.739940	-0.045549	-0.020456	0.474069
	0.000000	1.000000	0.000000	0.000000	0.000000	-0.045355	0.964012	0.016888	-0.010165	0.198532
	0.000000	1.000000	0.000000	0.000000	0.000000	0.008358	0.722046	0.080857	0.048962	0.197191
	0.000000	1.000000	0.000000	0.000000	0.000000	0.158504	0.086246	0.194553	0.182855	0.262891
	0.000000	1.000000	0.000000	0.000000	0.000000	0.011618	0.605964	0.005316	0.022073	0.421634
	0.000000	1.000000	0.000000	0.000000	0.000000	0.006198	0.703793	0.037678	0.028449	0.288962
	0.000000	1.000000	0.000000	0.000000	0.000000	-0.021315	0.837486	0.033865	0.011860	0.225510
	0.000000	1.000000	0.000000	0.000000	0.000000	-0.039612	0.875288	-0.020999	-0.020527	0.322890
	0.000000	0.000000	1.000000	0.000000	0.000000	0.171243	0.199329	0.355172	0.249178	-0.004716
	0.000000	0.000000	1.000000	0.000000	0.000000	0.160692	0.242933	0.366643	0.252132	-0.035566
	0.000000	0.000000	1.000000	0.000000	0.000000	0.195078	0.134169	0.393450	0.284359	-0.024310
	0.000000	0.000000	1.000000	0.000000	0.000000	0.171916	0.152663	0.316392	0.237675	0.050404
	0.000000	0.000000	1.000000	0.000000	0.000000	0.198820	0.132166	0.403699	0.289188	-0.029137
	0.000000	0.000000	1.000000	0.000000	0.000000	0.177129	0.111598	0.298451	0.233460	0.093760
	0.000000	0.000000	1.000000	0.000000	0.000000	0.205256	0.091064	0.376257	0.283063	0.014340
	0.000000	0.000000	1.000000	0.000000	0.000000	0.225836	0.012787	0.367012	0.292143	0.062135
	0.000000	0.000000	1.000000	0.000000	0.000000	0.196883	0.115636	0.376140	0.275150	0.001109
	0.000000	0.000000	1.000000	0.000000	0.000000	0.193355	0.078117	0.322412	0.253691	0.079827
	0.000000	0.000000	1.000000	0.000000	0.000000	0.174211	0.166228	0.333654	0.248048	0.022050
	0.000000	0.000000	1.000000	0.000000	0.000000	0.203886	0.112330	0.403885	0.294847	-0.026343
	0.000000	0.000000	1.000000	0.000000	0.000000	0.222454	0.017169	0.365103	0.289148	0.067310
	0.000000	0.000000	0.000000	1.000000	0.000000	0.157808	0.074967	0.173273	0.174058	0.306367
	0.000000	0.000000	0.000000	1.000000	0.000000	0.216796	-0.071730	0.216662	0.223915	0.343371
	0.000000	0.000000	0.000000	1.000000	0.000000	0.125387	0.190571	0.118144	0.133516	0.375337
	0.000000	0.000000	0.000000	1.000000	0.000000	0.124854	0.179574	0.120341	0.132132	0.359704
	0.000000	0.000000	0.000000	1.000000	0.000000	0.218341	-0.055261	0.232265	0.229774	0.296069
	0.000000	0.000000	0.000000	1.000000	0.000000	0.242933	-0.112917	0.228861	0.241164	0.373559
	0.000000	0.000000	0.000000	1.000000	0.000000	0.223832	-0.052651	0.263750	0.250795	0.238439
	0.000000	0.000000	0.000000	1.000000	0.000000	0.099053	0.260782	0.091023	0.105922	0.377132
	0.000000	0.000000	0.000000	1.000000	0.000000	0.230597	-0.070720	0.244845	0.242163	0.299490
	0.000000	0.000000	0.000000	1.000000	0.000000	0.201410	-0.055160	0.161612	0.187044	0.434909
	0.000000	0.000000	0.000000	1.000000	0.000000	0.196538	0.016401	0.242645	0.226052	0.211527
	0.000000	0.000000	0.000000	1.000000	0.000000	0.179586	0.035703	0.218735	0.207141	0.229933
	0.000000	0.000000	0.000000	1.000000	0.000000	0.172857	0.028639	0.180021	0.186288	0.316915
	0.000000	0.000000	0.000000	1.000000	0.000000	0.205446	0.002202	0.261539	0.238269	0.206636
	0.000000	0.000000	0.000000	1.000000	0.000000	0.157086	0.098313	0.183596	0.178237	0.268593
	0.000000	0.000000	0.000000	1.000000	0.000000	0.179647	0.044768	0.217469	0.206190	0.237993
	0.000000	0.000000	0.000000	0.000000	1.000000	0.093994	0.157975	0.001136	0.061782	0.669999
	0.000000	0.000000	0.000000	0.000000	1.000000	0.106656	0.125383	0.015534	0.076388	0.650559
	0.000000	0.000000	0.000000	0.000000	1.000000	0.115685	0.119925	0.042034	0.091313	0.596117
	0.000000	0.000000	0.000000	0.000000	1.000000	0.171886	-0.041871	0.063316	0.129915	0.649843
	0.000000	0.000000	0.000000	0.000000	1.000000	0.123363	0.090433	0.032499	0.092693	0.618692
	0.000000	0.000000	0.000000	0.000000	1.000000	0.076917	0.214109	-0.004150	0.051960	0.641339
	0.000000	0.000000	0.000000	0.000000	1.000000	0.085594	0.149285	-0.024574	0.045756	0.735633
	0.000000	0.000000	0.000000	0.000000	1.000000	0.120364	0.055272	0.001472	0.074916	0.723829
	0.000000	0.000000	0.000000	0.000000	1.000000	0.070136	0.149624	-0.060651	0.021705	0.818401
	0.000000	0.000000	0.000000	0.000000	1.000000	0.046193	0.275443	-0.052802	0.013429	0.725637
	0.000000	0.000000	0.000000	0.000000	1.000000	0.064105	0.226821	-0.031522	0.032585	0.697778
	0.000000	0.000000	0.000000	0.000000	1.000000	0.055452	0.220947	-0.058185	0.015080	0.775429
	0.000000	0.000000	0.000000	0.000000	1.000000	0.047917	0.280433	-0.056774	0.014564	0.747574
	0.000000	0.000000	0.000000	0.000000	1.000000	0.068372	0.186145	-0.047132	0.027124	0.770380
	0.000000	0.000000	0.000000	0.000000	1.000000	0.073904	0.208520	-0.022613	0.044163	0.690050
	0.000000	0.000000	0.000000	0.000000	1.000000	0.084404	0.191075	-0.005204	0.057240	0.648963
	0.000000	0.000000	0.000000	0.000000	1.000000	0.053634	0.291261	-0.030591	0.028715	0.668210
	0.000000	0.000000	0.000000	0.000000	1.000000	0.117310	0.115486	0.038486	0.091758	0.591918
	0.000000	0.000000	0.000000	0.000000	1.000000	0.115717	0.118501	0.036358	0.089336	0.594265
	0.000000	0.000000	0.000000	0.000000	1.000000	0.080794	0.212632	0.006364	0.059733	0.611530
	0.000000	0.000000	0.000000	0.000000	1.000000	0.075267	0.209677	-0.025094	0.041745	0.712769
	0.000000	0.000000	0.000000	0.000000	1.000000	0.118830	0.094484	0.016764	0.083343	0.678944
	0.000000	0.000000	0.000000	0.000000	1.000000	0.046990	0.275584	-0.060016	0.010452	0.760579
	0.000000	0.000000	0.000000	0.000000	1.000000	0.096556	0.148305	-0.001238	0.062846	0.679184
	0.000000	0.000000	0.000000	0.000000	1.000000	0.083373	0.161547	-0.022183	0.048394	0.725198
	0.000000	0.000000	0.000000	0.000000	1.000000	0.089615	0.140620	-0.018717	0.052705	0.724934
	0.000000	0.000000	0.000000	0.000000	1.000000	0.096140	0.103359	-0.027107	0.047586	0.762354
	0.000000	0.000000	0.000000	0.000000	1.000000	0.043066	0.335474	-0.031728	0.022318	0.640431
	0.000000	0.000000	0.000000	0.000000	1.000000	0.149146	0.004556	0.044625	0.108916	0.661911
	0.000000	0.000000	0.000000	0.000000	1.000000	0.191300	-0.083446	0.085501	0.153093	0.644400
	0.000000	0.000000	0.000000	0.000000	1.000000	0.092268	0.160608	-0.002539	0.061064	0.676586
	0.000000	0.000000	0.000000	0.000000	1.000000	0.107976	0.067569	-0.021414	0.059830	0.772091
	0.000000	0.000000	0.000000	0.000000	1.000000	0.056454	0.195929	-0.068647	0.010075	0.814605
	0.000000	0.000000	0.000000	0.000000	1.000000	0.055045	0.269609	-0.038249	0.025301	0.699032
	0.000000	0.000000	0.000000	0.000000	1.000000	0.132155	0.095553	0.064970	0.112852	0.553388
	0.000000	0.000000	0.000000	0.000000	1.000000	0.059964	0.314802	-0.003374	0.042579	0.596038
	0.000000	0.000000	0.000000	0.000000	1.000000	0.090899	0.125385	-0.023674	0.049597	0.743054
	0.000000	0.000000	0.000000	0.000000	1.000000	0.066307	0.153718	-0.061843	0.019892	0.816885
	0.000000	0.000000	0.000000	0.000000	1.000000	0.066485	0.188207	-0.054492	0.023728	0.773521
	0.000000	0.000000	0.000000	0.000000	1.000000	0.091053	0.107008	-0.035870	0.045121	0.786170
	0.000000	0.000000	0.000000	0.000000	1.000000	0.042079	0.374700	-0.016051	0.028227	0.577401
	0.000000	0.000000	0.000000	0.000000	1.000000	0.057783	0.324423	-0.000824	0.044924	0.571913
	0.000000	0.000000	0.000000	0.000000	1.000000	0.081528	0.137017	-0.040786	0.036910	0.777295
	0.000000	0.000000	0.000000	0.000000	1.000000	0.070609	0.194508	-0.037308	0.032762	0.746917
	0.000000	0.000000	0.000000	0.000000	1.000000	0.057384	0.261991	-0.042665	0.025423	0.721334
	0.000000	0.000000	0.000000	0.000000	1.000000	0.090421	0.186137	0.016129	0.068090	0.610517
	0.000000	0.000000	0.000000	0.000000	1.000000	0.055103	0.266945	-0.034840	0.026582	0.694621
	0.000000	0.000000	0.000000	0.000000	1.000000	0.127447	0.069256	0.043086	0.100675	0.603517
	0.000000	0.000000	0.000000	0.000000	1.000000	0.060438	0.341728	0.009089	0.050640	0.549114
	0.000000	0.000000	0.000000	0.000000	1.000000	0.051424	0.286857	-0.031141	0.026437	0.666961
	0.000000	0.000000	0.000000	0.000000	1.000000	0.057429	0.273384	-0.023736	0.033092	0.650932
	0.000000	0.000000	0.000000	0.000000	1.000000	0.163034	0.045650	0.107650	0.145510	0.503231
	0.000000	0.000000	0.000000	0.000000	1.000000	0.193982	-0.043218	0.152407	0.183453	0.441114
	0.000000	0.000000	0.000000	0.000000	1.000000	0.192676	-0.042397	0.148744	0.180438	0.448679
	0.000000	0.000000	0.000000	0.000000	1.000000	0.076140	0.270613	0.019516	0.065573	0.567577
	0.000000	0.000000	0.000000	0.000000	1.000000	0.212174	-0.082326	0.178917	0.205323	0.420644
	0.000000	0.000000	0.000000	0.000000	1.000000	0.131089	0.067700	0.037252	0.096544	0.661156
	0.000000	0.000000	0.000000	0.000000	1.000000	0.060861	0.222689	-0.050218	0.023531	0.767734
	0.000000	0.000000	0.000000	0.000000	1.000000	0.199710	-0.072203	0.145455	0.181039	0.477008
	0.000000	0.000000	0.000000	0.000000	1.000000	0.085829	0.152686	-0.025966	0.047587	0.737119
	0.000000	0.000000	0.000000	0.000000	1.000000	0.138148	0.043089	0.046159	0.106369	0.626756
	0.000000	0.000000	0.000000	0.000000	1.000000	0.036984	0.323432	-0.055212	0.008168	0.719813
	0.000000	0.000000	0.000000	0.000000	1.000000	0.123099	0.046825	0.003940	0.077536	0.730429
	0.000000	0.000000	0.000000	0.000000	1.000000	0.136796	0.018277	0.016324	0.089595	0.722166
	0.000000	0.000000	0.000000	0.000000	1.000000	0.177932	0.009301	0.159123	0.177453	0.382858
	1.000000	0.000000	0.000000	0.000000	0.000000	0.180700	-0.025851	0.100233	0.152660	0.565658
	1.000000	0.000000	0.000000	0.000000	0.000000	0.223185	-0.117051	0.157636	0.201235	0.501582
	1.000000	0.000000	0.000000	0.000000	0.000000	0.162265	-0.001196	0.074628	0.131522	0.598451
	1.000000	0.000000	0.000000	0.000000	0.000000	0.193613	-0.062391	0.109494	0.162850	0.564003
	1.000000	0.000000	0.000000	0.000000	0.000000	0.206838	-0.072471	0.141686	0.185648	0.505283
	1.000000	0.000000	0.000000	0.000000	0.000000	0.191549	-0.053953	0.099685	0.156690	0.585237
	1.000000	0.000000	0.000000	0.000000	0.000000	0.208441	-0.068900	0.140350	0.184011	0.517770
	1.000000	0.000000	0.000000	0.000000	0.000000	0.221181	-0.089698	0.159106	0.199186	0.492156
	1.000000	0.000000	0.000000	0.000000	0.000000	0.200911	-0.060842	0.129834	0.175219	0.517303
	1.000000	0.000000	0.000000	0.000000	0.000000	0.138604	0.040663	0.038745	0.104801	0.645091
	1.000000	0.000000	0.000000	0.000000	0.000000	0.097982	0.286685	0.114464	0.115871	0.325967
	1.000000	0.000000	0.000000	0.000000	0.000000	0.185703	-0.055455	0.087894	0.148499	0.617633
	1.000000	0.000000	0.000000	0.000000	0.000000	0.188866	-0.068061	0.087794	0.147520	0.609849
	1.000000	0.000000	0.000000	0.000000	0.000000	0.164721	0.038469	0.117764	0.149226	0.481229
	1.000000	0.000000	0.000000	0.000000	0.000000	0.232109	-0.118953	0.184821	0.217594	0.453803
	1.000000	0.000000	0.000000	0.000000	0.000000	0.269174	-0.154977	0.252481	0.267062	0.369461
	0.000000	1.000000	0.000000	0.000000	0.000000	0.001344	0.791469	0.089187	0.047486	0.153777
	0.000000	1.000000	0.000000	0.000000	0.000000	-0.009748	0.614094	-0.050646	-0.016534	0.539107
	0.000000	1.000000	0.000000	0.000000	0.000000	0.050972	0.606194	0.173199	0.108522	0.093414
	0.000000	1.000000	0.000000	0.000000	0.000000	0.002533	0.735816	0.067813	0.037441	0.207486
	0.000000	1.000000	0.000000	0.000000	0.000000	-0.011946	0.635475	-0.041406	-0.013533	0.495535
	0.000000	1.000000	0.000000	0.000000	0.000000	0.030114	0.575248	0.062701	0.052308	0.302471
	0.000000	1.000000	0.000000	0.000000	0.000000	0.023690	0.480426	-0.008639	0.021645	0.503988
	0.000000	1.000000	0.000000	0.000000	0.000000	0.033528	0.358062	-0.024362	0.020373	0.588419
	0.000000	1.000000	0.000000	0.000000	0.000000	-0.001807	0.696550	0.006092	0.012770	0.367575
	0.000000	1.000000	0.000000	0.000000	0.000000	-0.030943	0.816468	-0.019757	-0.014517	0.354349
	0.000000	1.000000	0.000000	0.000000	0.000000	-0.022626	0.876061	0.051096	0.016654	0.185372
	0.000000	1.000000	0.000000	0.000000	0.000000	-0.004850	0.624011	-0.038142	-0.008480	0.508775
	0.000000	1.000000	0.000000	0.000000	0.000000	-0.015631	0.736963	-0.014140	-0.003369	0.390672
	0.000000	1.000000	0.000000	0.000000	0.000000	-0.002016	0.663062	-0.009363	0.007661	0.417055
	0.000000	1.000000	0.000000	0.000000	0.000000	0.061002	0.425845	0.087130	0.080630	0.283520
	0.000000	1.000000	0.000000	0.000000	0.000000	0.144509	0.170895	0.229730	0.189747	0.157457
	0.000000	1.000000	0.000000	0.000000	0.000000	-0.017812	0.806550	0.014303	0.007672	0.296240
	0.000000	1.000000	0.000000	0.000000	0.000000	0.005693	0.576835	0.016100	0.018833	0.361769
	0.000000	1.000000	0.000000	0.000000	0.000000	-0.024867	0.863890	0.039688	0.010036	0.205823
	0.000000	1.000000	0.000000	0.000000	0.000000	0.036388	0.525313	0.047314	0.052969	0.352423
	0.000000	1.000000	0.000000	0.000000	0.000000	-0.025026	0.798203	-0.008179	-0.007283	0.337660
	0.000000	1.000000	0.000000	0.000000	0.000000	-0.009583	0.709889	-0.007240	0.004245	0.390991
	0.000000	1.000000	0.000000	0.000000	0.000000	0.013476	0.550424	0.023842	0.024505	0.359375
	0.000000	1.000000	0.000000	0.000000	0.000000	0.016985	0.614941	0.026179	0.031621	0.374856
	0.000000	1.000000	0.000000	0.000000	0.000000	-0.024837	0.860450	0.026800	0.005526	0.237873
	0.000000	1.000000	0.000000	0.000000	0.000000	-0.004611	0.656248	-0.022875	-0.001337	0.468825
	0.000000	1.000000	0.000000	0.000000	0.000000	0.001416	0.557722	-0.008673	0.006765	0.433147
	0.000000	1.000000	0.000000	0.000000	0.000000	0.005274	0.677830	0.020642	0.021663	0.348341
	0.000000	1.000000	0.000000	0.000000	0.000000	-0.026609	0.796021	-0.020709	-0.012880	0.375525
	0.000000	1.000000	0.000000	0.000000	0.000000	0.020151	0.578018	0.023791	0.031840	0.384262
	0.000000	1.000000	0.000000	0.000000	0.000000	0.022594	0.574704	0.040468	0.042313	0.326152
	0.000000	1.000000	0.000000	0.000000	0.000000	0.021698	0.619915	0.056401	0.047279	0.285296
	0.000000	1.000000	0.000000	0.000000	0.000000	-0.011020	0.759974	0.026217	0.014858	0.278433
	0.000000	1.000000	0.000000	0.000000	0.000000	-0.033685	0.878170	0.008696	-0.005349	0.250515
	0.000000	1.000000	0.000000	0.000000	0.000000	0.082680	0.414081	0.181685	0.130179	0.127526
	0.000000	0.000000	1.000000	0.000000	0.000000	0.196563	0.079886	0.336178	0.258310	0.066396
	0.000000	0.000000	1.000000	0.000000	0.000000	0.213754	0.027156	0.357839	0.283015	0.049651
	0.000000	0.000000	1.000000	0.000000	0.000000	0.203420	0.109244	0.395701	0.288717	-0.010503
	0.000000	0.000000	1.000000	0.000000	0.000000	0.142529	0.244230	0.280565	0.203109	0.062727
	0.000000	0.000000	1.000000	0.000000	0.000000	0.151258	0.256382	0.327929	0.226380	0.009105
	0.000000	0.000000	1.000000	0.000000	0.000000	0.173527	0.170289	0.337646	0.246731	0.017415
	0.000000	0.000000	1.000000	0.000000	0.000000	0.205745	0.034328	0.318606	0.262844	0.101710
	0.000000	0.000000	1.000000	0.000000	0.000000	0.166038	0.241259	0.375253	0.264037	-0.036988
	0.000000	0.000000	1.000000	0.000000	0.000000	0.200790	0.076352	0.365209	0.278557	0.027524
	0.000000	0.000000	1.000000	0.000000	0.000000	0.196789	0.078913	0.326058	0.258180	0.077862
	0.000000	0.000000	1.000000	0.000000	0.000000	0.171833	0.164451	0.306454	0.231735	0.075902
	0.000000	0.000000	1.000000	0.000000	0.000000	0.230068	-0.017995	0.342275	0.285403	0.111075
	0.000000	0.000000	1.000000	0.000000	0.000000	0.202992	0.109789	0.406820	0.295999	-0.029983
	0.000000	0.000000	1.000000	0.000000	0.000000	0.108921	0.279538	0.171561	0.142313	0.191057
	0.000000	0.000000	1.000000	0.000000	0.000000	0.200476	0.094346	0.364913	0.274397	0.028082
	0.000000	0.000000	1.000000	0.000000	0.000000	0.210569	0.068365	0.385827	0.289963	0.017528
	0.000000	0.000000	0.000000	1.000000	0.000000	0.208114	-0.014399	0.261334	0.238940	0.202130
	0.000000	0.000000	0.000000	1.000000	0.000000	0.204476	-0.029385	0.211945	0.214919	0.310473
	0.000000	0.000000	0.000000	1.000000	0.000000	0.112630	0.199698	0.115942	0.122730	0.345668
	0.000000	0.000000	0.000000	1.000000	0.000000	0.142524	0.150340	0.163048	0.160753	0.280281
	0.000000	0.000000	0.000000	1.000000	0.000000	0.245642	-0.112907	0.249646	0.256292	0.321354
	0.000000	0.000000	0.000000	1.000000	0.000000	0.197851	-0.025243	0.192762	0.203879	0.338879
	0.000000	0.000000	0.000000	1.000000	0.000000	0.242185	-0.118768	0.219826	0.236170	0.395214
	0.000000	0.000000	0.000000	1.000000	0.000000	0.182202	0.036546	0.217735	0.206819	0.245416
	0.000000	0.000000	0.000000	1.000000	0.000000	0.192142	0.003747	0.222606	0.214063	0.267100
	0.000000	0.000000	0.000000	1.000000	0.000000	0.154150	0.077071	0.155061	0.163555	0.330405
	0.000000	0.000000	0.000000	1.000000	0.000000	0.216210	-0.032768	0.265402	0.247214	0.221931
	0.000000	0.000000	0.000000	1.000000	0.000000	0.203676	-0.012751	0.238052	0.228290	0.240989
	0.000000	0.000000	0.000000	1.000000	0.000000	0.193869	-0.001387	0.220506	0.214886	0.271652
	0.000000	0.000000	0.000000	1.000000	0.000000	0.231795	-0.036704	0.324717	0.284518	0.126276
	0.000000	0.000000	0.000000	1.000000	0.000000	0.231595	-0.055026	0.283714	0.258782	0.208106
	0.000000	0.000000	0.000000	0.000000	1.000000	0.098037	0.152408	0.004425	0.066081	0.669172
	0.000000	0.000000	0.000000	0.000000	1.000000	0.105007	0.134976	0.014926	0.072918	0.656326
	0.000000	0.000000	0.000000	0.000000	1.000000	0.070826	0.176532	-0.045088	0.028094	0.768581
	0.000000	0.000000	0.000000	0.000000	1.000000	0.073847	0.224514	-0.015929	0.047536	0.667190
	0.000000	0.000000	0.000000	0.000000	1.000000	0.080897	0.222078	0.009594	0.060661	0.601411
	0.000000	0.000000	0.000000	0.000000	1.000000	0.120057	0.049898	-0.008227	0.070799	0.762140
	0.000000	0.000000	0.000000	0.000000	1.000000	0.113430	0.119252	0.036040	0.088656	0.595903
	0.000000	0.000000	0.000000	0.000000	1.000000	0.065321	0.228698	-0.035113	0.031420	0.720435
	0.000000	0.000000	0.000000	0.000000	1.000000	0.160775	0.018869	0.088178	0.135340	0.556549
	0.000000	0.000000	0.000000	0.000000	1.000000	0.217222	-0.101910	0.124881	0.180247	0.581322
	0.000000	0.000000	0.000000	0.000000	1.000000	0.059430	0.249802	-0.037095	0.030133	0.699622
	0.000000	0.000000	0.000000	0.000000	1.000000	0.117538	0.079507	0.007329	0.078669	0.718134
	0.000000	0.000000	0.000000	0.000000	1.000000	0.053191	0.242557	-0.051307	0.018706	0.745759
	0.000000	0.000000	0.000000	0.000000	1.000000	0.093747	0.097254	-0.038902	0.044126	0.798161
	0.000000	0.000000	0.000000	0.000000	1.000000	0.056029	0.245576	-0.046994	0.020616	0.734974
	0.000000	0.000000	0.000000	0.000000	1.000000	0.147525	-0.002514	0.031164	0.103472	0.690418
	0.000000	0.000000	0.000000	0.000000	1.000000	0.100251	0.136952	0.006682	0.068526	0.668574
	0.000000	0.000000	0.000000	0.000000	1.000000	0.080008	0.206076	0.004996	0.058886	0.611348
	0.000000	0.000000	0.000000	0.000000	1.000000	0.074848	0.183938	-0.030543	0.040024	0.726291
	0.000000	0.000000	0.000000	0.000000	1.000000	0.089349	0.216975	0.032467	0.077467	0.543970
	0.000000	0.000000	0.000000	0.000000	1.000000	0.071966	0.203401	-0.030208	0.039109	0.709235
	0.000000	0.000000	0.000000	0.000000	1.000000	0.058315	0.217861	-0.055743	0.019219	0.770373
	0.000000	0.000000	0.000000	0.000000	1.000000	0.122642	0.052545	0.005375	0.076361	0.729350
	0.000000	0.000000	0.000000	0.000000	1.000000	0.099266	0.142032	0.005643	0.067426	0.666270
	0.000000	0.000000	0.000000	0.000000	1.000000	0.063250	0.213253	-0.046599	0.024791	0.753783
	0.000000	0.000000	0.000000	0.000000	1.000000	0.102414	0.091193	-0.008416	0.063334	0.721908
	0.000000	0.000000	0.000000	0.000000	1.000000	0.098436	0.093254	-0.029675	0.047711	0.796307
	0.000000	0.000000	0.000000	0.000000	1.000000	0.125518	0.108214	0.057818	0.106176	0.556093
	0.000000	0.000000	0.000000	0.000000	1.000000	0.134705	0.016742	0.006200	0.086010	0.753335
	0.000000	0.000000	0.000000	0.000000	1.000000	0.069704	0.199958	-0.040818	0.032315	0.746309
	0.000000	0.000000	0.000000	0.000000	1.000000	0.096552	0.109976	-0.025230	0.052197	0.758640
	0.000000	0.000000	0.000000	0.000000	1.000000	0.054495	0.258298	-0.039895	0.022950	0.705276
	0.000000	0.000000	0.000000	0.000000	1.000000	0.064237	0.216126	-0.054041	0.019529	0.783692
	0.000000	0.000000	0.000000	0.000000	1.000000	0.049364	0.209260	-0.077014	0.004049	0.827745
	0.000000	0.000000	0.000000	0.000000	1.000000	0.120664	0.076826	0.018213	0.084316	0.681890
	0.000000	0.000000	0.000000	0.000000	1.000000	0.047900	0.299308	-0.030676	0.025033	0.656601
	0.000000	0.000000	0.000000	0.000000	1.000000	0.069947	0.225571	-0.028789	0.037571	0.706706
	0.000000	0.000000	0.000000	0.000000	1.000000	0.048166	0.302787	-0.031330	0.025998	0.664033
	0.000000	0.000000	0.000000	0.000000	1.000000	0.051273	0.269690	-0.039695	0.022756	0.707129
	0.000000	0.000000	0.000000	0.000000	1.000000	0.074643	0.224681	-0.001729	0.051537	0.630953
	0.000000	0.000000	0.000000	0.000000	1.000000	0.034075	0.297755	-0.079924	-0.005488	0.793240
	0.000000	0.000000	0.000000	0.000000	1.000000	0.060873	0.256714	-0.028592	0.033655	0.681065
	0.000000	0.000000	0.000000	0.000000	1.000000	0.103044	0.075599	-0.025443	0.055514	0.776128
	0.000000	0.000000	0.000000	0.000000	1.000000	0.099255	0.146796	0.012203	0.073249	0.638685
	0.000000	0.000000	0.000000	0.000000	1.000000	0.077822	0.171915	-0.035561	0.038958	0.750491
	0.000000	0.000000	0.000000	0.000000	1.000000	0.065053	0.219626	-0.039053	0.031234	0.733358
	0.000000	0.000000	0.000000	0.000000	1.000000	0.099819	0.090804	-0.023463	0.052298	0.760858
	0.000000	0.000000	0.000000	0.000000	1.000000	0.080732	0.173328	-0.017081	0.048307	0.694570
	0.000000	0.000000	0.000000	0.000000	1.000000	0.054339	0.246662	-0.056927	0.014100	0.760544
	0.000000	0.000000	0.000000	0.000000	1.000000	0.101169	0.096021	-0.017860	0.057088	0.747423
	0.000000	0.000000	0.000000	0.000000	1.000000	0.108845	0.077224	-0.012584	0.062770	0.749889
	0.000000	0.000000	0.000000	0.000000	1.000000	0.057841	0.197239	-0.063168	0.014213	0.802794
	0.000000	0.000000	0.000000	0.000000	1.000000	0.048091	0.307790	-0.034352	0.022641	0.671452
	0.000000	0.000000	0.000000	0.000000	1.000000	0.048983	0.245607	-0.060822	0.010531	0.766367
	0.000000	0.000000	0.000000	0.000000	1.000000	0.192187	-0.048044	0.146435	0.177534	0.458614
	0.000000	0.000000	0.000000	0.000000	1.000000	0.094627	0.133191	-0.007291	0.059178	0.694871
	0.000000	0.000000	0.000000	0.000000	1.000000	0.070674	0.231983	-0.022800	0.041498	0.688950
	0.000000	0.000000	0.000000	0.000000	1.000000	0.103199	0.114514	0.002175	0.067993	0.689188
	0.000000	0.000000	0.000000	0.000000	1.000000	0.134598	0.025442	0.018600	0.089704	0.721470
	0.000000	0.000000	0.000000	0.000000	1.000000	0.108157	0.080147	-0.014573	0.061135	0.756509
	0.000000	0.000000	0.000000	0.000000	1.000000	0.093524	0.146883	-0.005664	0.059591	0.690686
