	1.000000	0.000000	0.000000	0.000000	0.000000	0.227324	-0.067959	0.160668	0.196923	0.385063
	1.000000	0.000000	0.000000	0.000000	0.000000	0.265620	-0.138042	0.126719	0.201078	0.527735
	1.000000	0.000000	0.000000	0.000000	0.000000	0.336556	-0.203959	0.245937	0.284067	0.345616
	1.000000	0.000000	0.000000	0.000000	0.000000	0.280755	-0.147918	0.153660	0.219943	0.483878
	1.000000	0.000000	0.000000	0.000000	0.000000	0.246938	-0.116900	0.103168	0.183448	0.557379
	1.000000	0.000000	0.000000	0.000000	0.000000	0.269821	-0.143959	0.128320	0.202342	0.533439
	1.000000	0.000000	0.000000	0.000000	0.000000	0.257458	-0.134061	0.106381	0.187983	0.566105
	1.000000	0.000000	0.000000	0.000000	0.000000	0.303591	-0.178939	0.162509	0.234611	0.487313
	1.000000	0.000000	0.000000	0.000000	0.000000	0.249637	-0.137271	0.082143	0.175571	0.611075
	1.000000	0.000000	0.000000	0.000000	0.000000	0.341473	-0.208795	0.234732	0.284185	0.375189
	1.000000	0.000000	0.000000	0.000000	0.000000	0.252614	-0.125274	0.099633	0.185476	0.564209
	1.000000	0.000000	0.000000	0.000000	0.000000	0.329102	-0.201440	0.213997	0.269418	0.407740
	1.000000	0.000000	0.000000	0.000000	0.000000	0.265024	-0.134360	0.141623	0.209207	0.483814
	1.000000	0.000000	0.000000	0.000000	0.000000	0.099250	0.227997	0.105051	0.107593	0.325126
	0.000000	1.000000	0.000000	0.000000	0.000000	-0.066185	0.873910	0.047269	-0.011680	0.145347
	0.000000	1.000000	0.000000	0.000000	0.000000	-0.063309	0.882586	0.053146	-0.006184	0.135810
	0.000000	1.000000	0.000000	0.000000	0.000000	-0.037498	0.682136	0.029365	0.000462	0.236675
	0.000000	1.000000	0.000000	0.000000	0.000000	-0.051053	0.819661	0.028875	-0.006283	0.224695
	0.000000	1.000000	0.000000	0.000000	0.000000	-0.076406	0.960634	0.059116	-0.015472	0.103053
	0.000000	1.000000	0.000000	0.000000	0.000000	-0.050653	0.808085	0.037980	-0.002949	0.191999
	0.000000	1.000000	0.000000	0.000000	0.000000	-0.045177	0.739318	-0.005344	-0.015777	0.325365
	0.000000	1.000000	0.000000	0.000000	0.000000	-0.030595	0.752721	0.071735	0.021862	0.155853
	0.000000	1.000000	0.000000	0.000000	0.000000	-0.080267	0.995259	0.105807	-0.003699	0.003510
	0.000000	1.000000	0.000000	0.000000	0.000000	-0.058659	0.870539	0.063461	-0.000691	0.117039
	0.000000	1.000000	0.000000	0.000000	0.000000	-0.010439	0.689471	0.109276	0.045053	0.129816
	0.000000	1.000000	0.000000	0.000000	0.000000	-0.085884	0.945250	0.002733	-0.038082	0.188766
	0.000000	1.000000	0.000000	0.000000	0.000000	-0.002388	0.589430	0.046972	0.024327	0.266063
	0.000000	1.000000	0.000000	0.000000	0.000000	-0.077691	0.917614	0.014202	-0.029166	0.188236
	0.000000	1.000000	0.000000	0.000000	0.000000	-0.069833	0.880897	0.008853	-0.024256	0.227176
	0.000000	1.000000	0.000000	0.000000	0.000000	-0.087629	0.985166	0.050649	-0.025591	0.086754
	0.000000	1.000000	0.000000	0.000000	0.000000	-0.036583	0.713368	0.006574	-0.004551	0.307308
	0.000000	1.000000	0.000000	0.000000	0.000000	-0.055515	0.771589	-0.026549	-0.027485	0.352345
	0.000000	1.000000	0.000000	0.000000	0.000000	-0.036506	0.861735	0.188515	0.052765	-0.043115
	0.000000	1.000000	0.000000	0.000000	0.000000	-0.064551	0.805498	-0.037482	-0.037029	0.362409
	0.000000	1.000000	0.000000	0.000000	0.000000	-0.081201	1.023984	0.156156	0.009919	-0.063384
	0.000000	1.000000	0.000000	0.000000	0.000000	-0.033514	0.698793	-0.010783	-0.009907	0.365795
	0.000000	1.000000	0.000000	0.000000	0.000000	-0.027424	0.668270	-0.005548	-0.004693	0.374784
	0.000000	1.000000	0.000000	0.000000	0.000000	-0.045162	0.830289	0.111981	0.021146	0.064285
	0.000000	1.000000	0.000000	0.000000	0.000000	-0.107955	1.065752	0.023304	-0.046251	0.097482
	0.000000	1.000000	0.000000	0.000000	0.000000	-0.051687	0.766534	-0.016179	-0.025413	0.330221
	0.000000	1.000000	0.000000	0.000000	0.000000	-0.070378	0.958402	0.131208	0.010944	-0.010989
	0.000000	1.000000	0.000000	0.000000	0.000000	0.004628	0.582768	0.104869	0.054686	0.153830
	0.000000	1.000000	0.000000	0.000000	0.000000	0.037375	0.471518	0.108535	0.074200	0.196160
	0.000000	1.000000	0.000000	0.000000	0.000000	-0.034824	0.761340	0.078255	0.019611	0.135473
	0.000000	1.000000	0.000000	0.000000	0.000000	-0.058361	0.911393	0.132927	0.018970	0.002168
	0.000000	1.000000	0.000000	0.000000	0.000000	-0.074889	0.864205	-0.051176	-0.048695	0.378572
	0.000000	1.000000	0.000000	0.000000	0.000000	-0.116497	1.112995	0.067033	-0.039753	-0.008220
	0.000000	1.000000	0.000000	0.000000	0.000000	-0.050006	0.872027	0.138473	0.029133	0.011095
	0.000000	1.000000	0.000000	0.000000	0.000000	0.165160	0.081728	0.243993	0.196208	0.128705
	0.000000	1.000000	0.000000	0.000000	0.000000	-0.039734	0.742115	0.009069	-0.005025	0.307094
	0.000000	1.000000	0.000000	0.000000	0.000000	-0.050583	0.858116	0.070754	0.005863	0.114440
	0.000000	1.000000	0.000000	0.000000	0.000000	-0.083982	0.985852	0.078664	-0.012460	0.039408
	0.000000	1.000000	0.000000	0.000000	0.000000	-0.103122	1.028024	0.004090	-0.047532	0.139475
	0.000000	0.000000	1.000000	0.000000	0.000000	0.154401	0.282895	0.535192	0.285358	-0.189076
	0.000000	0.000000	1.000000	0.000000	0.000000	0.135359	0.348685	0.557852	0.286779	-0.210625
	0.000000	0.000000	1.000000	0.000000	0.000000	0.179402	0.223018	0.589896	0.327234	-0.206131
	0.000000	0.000000	1.000000	0.000000	0.000000	0.164273	0.200033	0.462604	0.270443	-0.133550
	0.000000	0.000000	1.000000	0.000000	0.000000	0.186866	0.208700	0.596500	0.331767	-0.205640
	0.000000	0.000000	1.000000	0.000000	0.000000	0.178208	0.132123	0.425205	0.266135	-0.088264
	0.000000	0.000000	1.000000	0.000000	0.000000	0.201195	0.144879	0.552009	0.325701	-0.172554
	0.000000	0.000000	1.000000	0.000000	0.000000	0.233637	0.044754	0.520323	0.333961	-0.129393
	0.000000	0.000000	1.000000	0.000000	0.000000	0.186210	0.190208	0.558333	0.315618	-0.185526
	0.000000	0.000000	1.000000	0.000000	0.000000	0.199862	0.088960	0.454393	0.290519	-0.098049
	0.000000	0.000000	1.000000	0.000000	0.000000	0.159072	0.247123	0.502671	0.283051	-0.168535
	0.000000	0.000000	1.000000	0.000000	0.000000	0.193005	0.186019	0.595326	0.337777	-0.202854
	0.000000	0.000000	1.000000	0.000000	0.000000	0.231654	0.039560	0.513052	0.328738	-0.119634
	0.000000	0.000000	0.000000	1.000000	0.000000	0.174216	0.043188	0.211860	0.191882	0.192655
	0.000000	0.000000	0.000000	1.000000	0.000000	0.261058	-0.117298	0.243840	0.247482	0.262143
	0.000000	0.000000	0.000000	1.000000	0.000000	0.122337	0.189593	0.141906	0.137995	0.269085
	0.000000	0.000000	0.000000	1.000000	0.000000	0.120765	0.184661	0.146866	0.137419	0.245744
	0.000000	0.000000	0.000000	1.000000	0.000000	0.257253	-0.092279	0.281401	0.259009	0.177556
	0.000000	0.000000	0.000000	1.000000	0.000000	0.298733	-0.157879	0.249661	0.266070	0.303529
	0.000000	0.000000	0.000000	1.000000	0.000000	0.259960	-0.082981	0.337841	0.286977	0.089805
	0.000000	0.000000	0.000000	1.000000	0.000000	0.085681	0.281559	0.110424	0.104569	0.270191
	0.000000	0.000000	0.000000	1.000000	0.000000	0.270998	-0.104346	0.287424	0.268024	0.189067
	0.000000	0.000000	0.000000	1.000000	0.000000	0.242730	-0.104751	0.156940	0.200443	0.408113
	0.000000	0.000000	0.000000	1.000000	0.000000	0.219398	-0.003956	0.326115	0.261636	0.048392
	0.000000	0.000000	0.000000	1.000000	0.000000	0.198575	0.014423	0.292131	0.238109	0.076303
	0.000000	0.000000	0.000000	1.000000	0.000000	0.196356	-0.010281	0.214557	0.206964	0.214352
	0.000000	0.000000	0.000000	1.000000	0.000000	0.233252	-0.024930	0.348342	0.276944	0.043635
	0.000000	0.000000	0.000000	1.000000	0.000000	0.168472	0.080431	0.239458	0.200104	0.127529
	0.000000	0.000000	0.000000	1.000000	0.000000	0.198319	0.023367	0.286877	0.235201	0.086817
	0.000000	0.000000	0.000000	0.000000	1.000000	0.101340	0.094853	-0.050466	0.043516	0.770695
	0.000000	0.000000	0.000000	0.000000	1.000000	0.119928	0.057207	-0.032373	0.062710	0.741861
	0.000000	0.000000	0.000000	0.000000	1.000000	0.125001	0.068053	0.001007	0.077778	0.659532
	0.000000	0.000000	0.000000	0.000000	1.000000	0.217189	-0.115472	0.012905	0.128237	0.748416
	0.000000	0.000000	0.000000	0.000000	1.000000	0.138775	0.032353	-0.011365	0.082321	0.689538
	0.000000	0.000000	0.000000	0.000000	1.000000	0.074241	0.167942	-0.052438	0.030984	0.729272
	0.000000	0.000000	0.000000	0.000000	1.000000	0.093230	0.077792	-0.085162	0.023742	0.864752
	0.000000	0.000000	0.000000	0.000000	1.000000	0.142990	-0.021084	-0.061304	0.058358	0.856940
	0.000000	0.000000	0.000000	0.000000	1.000000	0.082983	0.053026	-0.128970	-0.002002	0.981629
	0.000000	0.000000	0.000000	0.000000	1.000000	0.042560	0.207746	-0.108152	-0.009688	0.852227
	0.000000	0.000000	0.000000	0.000000	1.000000	0.065803	0.155113	-0.086521	0.011772	0.820177
	0.000000	0.000000	0.000000	0.000000	1.000000	0.060055	0.132163	-0.120697	-0.008504	0.926063
	0.000000	0.000000	0.000000	0.000000	1.000000	0.042057	0.220947	-0.112079	-0.010340	0.869300
	0.000000	0.000000	0.000000	0.000000	1.000000	0.074707	0.103725	-0.110012	0.003775	0.915157
	0.000000	0.000000	0.000000	0.000000	1.000000	0.076733	0.140182	-0.076072	0.023970	0.803995
	0.000000	0.000000	0.000000	0.000000	1.000000	0.086855	0.135207	-0.051784	0.040146	0.735550
	0.000000	0.000000	0.000000	0.000000	1.000000	0.043608	0.254678	-0.076095	0.006503	0.750922
	0.000000	0.000000	0.000000	0.000000	1.000000	0.130954	0.055771	0.000605	0.082967	0.649905
	0.000000	0.000000	0.000000	0.000000	1.000000	0.127695	0.062671	-0.002388	0.079272	0.652021
	0.000000	0.000000	0.000000	0.000000	1.000000	0.078742	0.170507	-0.034143	0.042399	0.675461
	0.000000	0.000000	0.000000	0.000000	1.000000	0.074238	0.153033	-0.080693	0.018044	0.826818
	0.000000	0.000000	0.000000	0.000000	1.000000	0.134320	0.024937	-0.041550	0.064884	0.795765
	0.000000	0.000000	0.000000	0.000000	1.000000	0.043583	0.206090	-0.118350	-0.014929	0.894249
	0.000000	0.000000	0.000000	0.000000	1.000000	0.107172	0.077981	-0.054232	0.045884	0.785916
	0.000000	0.000000	0.000000	0.000000	1.000000	0.090842	0.087748	-0.081328	0.026858	0.854029
	0.000000	0.000000	0.000000	0.000000	1.000000	0.100354	0.062356	-0.080276	0.031509	0.860926
	0.000000	0.000000	0.000000	0.000000	1.000000	0.110923	0.025659	-0.092717	0.026522	0.906514
	0.000000	0.000000	0.000000	0.000000	1.000000	0.030828	0.300324	-0.075012	0.000364	0.719080
	0.000000	0.000000	0.000000	0.000000	1.000000	0.178254	-0.060455	-0.010249	0.097651	0.765231
	0.000000	0.000000	0.000000	0.000000	1.000000	0.241091	-0.151553	0.020761	0.143933	0.775730
	0.000000	0.000000	0.000000	0.000000	1.000000	0.099009	0.095914	-0.055112	0.042086	0.781979
	0.000000	0.000000	0.000000	0.000000	1.000000	0.132187	-0.022529	-0.089768	0.040826	0.927061
	0.000000	0.000000	0.000000	0.000000	1.000000	0.063223	0.103587	-0.134239	-0.014281	0.972031
	0.000000	0.000000	0.000000	0.000000	1.000000	0.050198	0.215219	-0.090137	0.002508	0.806807
	0.000000	0.000000	0.000000	0.000000	1.000000	0.148812	0.038795	0.034956	0.107557	0.587511
	0.000000	0.000000	0.000000	0.000000	1.000000	0.047768	0.290567	-0.041215	0.021420	0.648183
	0.000000	0.000000	0.000000	0.000000	1.000000	0.105297	0.041370	-0.087033	0.029233	0.885733
	0.000000	0.000000	0.000000	0.000000	1.000000	0.077735	0.059256	-0.129552	-0.004143	0.978987
	0.000000	0.000000	0.000000	0.000000	1.000000	0.068258	0.118184	-0.117677	-0.001744	0.917751
	0.000000	0.000000	0.000000	0.000000	1.000000	0.109324	0.015281	-0.102170	0.024667	0.938949
	0.000000	0.000000	0.000000	0.000000	1.000000	0.024734	0.361764	-0.050149	0.007340	0.618400
	0.000000	0.000000	0.000000	0.000000	1.000000	0.045753	0.298425	-0.033983	0.026553	0.612548
	0.000000	0.000000	0.000000	0.000000	1.000000	0.094562	0.048275	-0.106816	0.014785	0.930770
	0.000000	0.000000	0.000000	0.000000	1.000000	0.073861	0.122903	-0.097686	0.009104	0.879992
	0.000000	0.000000	0.000000	0.000000	1.000000	0.053644	0.201004	-0.097173	0.001686	0.838972
	0.000000	0.000000	0.000000	0.000000	1.000000	0.092630	0.135605	-0.026303	0.051431	0.681503
	0.000000	0.000000	0.000000	0.000000	1.000000	0.048498	0.219024	-0.085820	0.002940	0.797643
	0.000000	0.000000	0.000000	0.000000	1.000000	0.145889	0.007627	-0.001832	0.090183	0.680573
	0.000000	0.000000	0.000000	0.000000	1.000000	0.042684	0.341513	-0.018575	0.030780	0.563375
	0.000000	0.000000	0.000000	0.000000	1.000000	0.045772	0.229192	-0.080715	0.004999	0.771502
	0.000000	0.000000	0.000000	0.000000	1.000000	0.052524	0.218499	-0.071376	0.012944	0.746355
	0.000000	0.000000	0.000000	0.000000	1.000000	0.186144	-0.001018	0.094726	0.148193	0.489376
	0.000000	0.000000	0.000000	0.000000	1.000000	0.226273	-0.082468	0.147594	0.191642	0.408475
	0.000000	0.000000	0.000000	0.000000	1.000000	0.228607	-0.088429	0.138562	0.187891	0.432428
	0.000000	0.000000	0.000000	0.000000	1.000000	0.061575	0.263802	-0.012297	0.044819	0.595024
	0.000000	0.000000	0.000000	0.000000	1.000000	0.257932	-0.131343	0.171531	0.217580	0.402471
	0.000000	0.000000	0.000000	0.000000	1.000000	0.148959	0.003360	-0.016755	0.081048	0.759544
	0.000000	0.000000	0.000000	0.000000	1.000000	0.060067	0.155802	-0.109688	-0.002012	0.899541
	0.000000	0.000000	0.000000	0.000000	1.000000	0.244479	-0.126040	0.121256	0.187317	0.497920
	0.000000	0.000000	0.000000	0.000000	1.000000	0.092152	0.085312	-0.085685	0.025243	0.864002
	0.000000	0.000000	0.000000	0.000000	1.000000	0.160692	-0.019224	-0.000419	0.096663	0.706453
	0.000000	0.000000	0.000000	0.000000	1.000000	0.028455	0.268095	-0.106717	-0.016339	0.833851
	0.000000	0.000000	0.000000	0.000000	1.000000	0.145757	-0.027192	-0.059937	0.059662	0.863848
	0.000000	0.000000	0.000000	0.000000	1.000000	0.165744	-0.056863	-0.048432	0.073779	0.856545
	0.000000	0.000000	0.000000	0.000000	1.000000	0.198563	-0.017906	0.171131	0.186668	0.310750
	1.000000	0.000000	0.000000	0.000000	0.000000	0.222173	-0.092550	0.071135	0.158023	0.606037
	1.000000	0.000000	0.000000	0.000000	0.000000	0.286010	-0.176311	0.134666	0.215791	0.529313
	1.000000	0.000000	0.000000	0.000000	0.000000	0.199922	-0.072848	0.036906	0.132316	0.661778
	1.000000	0.000000	0.000000	0.000000	0.000000	0.244017	-0.128103	0.078047	0.170647	0.610069
	1.000000	0.000000	0.000000	0.000000	0.000000	0.259764	-0.135260	0.126136	0.200681	0.513765
	1.000000	0.000000	0.000000	0.000000	0.000000	0.241026	-0.121561	0.066009	0.163935	0.636883
	1.000000	0.000000	0.000000	0.000000	0.000000	0.261076	-0.131439	0.121894	0.196990	0.531258
	1.000000	0.000000	0.000000	0.000000	0.000000	0.275984	-0.145640	0.148861	0.216874	0.481948
	1.000000	0.000000	0.000000	0.000000	0.000000	0.249772	-0.121187	0.111986	0.188000	0.527210
	1.000000	0.000000	0.000000	0.000000	0.000000	0.165935	-0.030708	-0.007531	0.098142	0.730592
	1.000000	0.000000	0.000000	0.000000	0.000000	0.079973	0.325707	0.148259	0.114102	0.194518
	1.000000	0.000000	0.000000	0.000000	0.000000	0.236197	-0.127844	0.043228	0.150868	0.699520
	1.000000	0.000000	0.000000	0.000000	0.000000	0.239341	-0.134922	0.042703	0.150176	0.688951
	1.000000	0.000000	0.000000	0.000000	0.000000	0.188863	-0.009789	0.102732	0.150865	0.473339
	1.000000	0.000000	0.000000	0.000000	0.000000	0.295352	-0.174939	0.177743	0.237556	0.444752
	1.000000	0.000000	0.000000	0.000000	0.000000	0.337795	-0.197743	0.277673	0.298248	0.296078
	0.000000	1.000000	0.000000	0.000000	0.000000	-0.064014	0.959884	0.166146	0.027062	-0.052021
	0.000000	1.000000	0.000000	0.000000	0.000000	-0.049693	0.689285	-0.070246	-0.041258	0.507573
	0.000000	1.000000	0.000000	0.000000	0.000000	-0.004634	0.772137	0.288362	0.102848	-0.111442
	0.000000	1.000000	0.000000	0.000000	0.000000	-0.052802	0.871840	0.119597	0.019509	0.029714
	0.000000	1.000000	0.000000	0.000000	0.000000	-0.055362	0.727582	-0.054604	-0.038400	0.437839
	0.000000	1.000000	0.000000	0.000000	0.000000	-0.012127	0.674330	0.090335	0.035112	0.163140
	0.000000	1.000000	0.000000	0.000000	0.000000	-0.007062	0.521883	-0.025644	0.000714	0.476929
	0.000000	1.000000	0.000000	0.000000	0.000000	0.010711	0.364700	-0.062806	-0.004613	0.635358
	0.000000	1.000000	0.000000	0.000000	0.000000	-0.057333	0.845232	0.021721	-0.013223	0.218423
	0.000000	1.000000	0.000000	0.000000	0.000000	-0.088757	0.955671	-0.003965	-0.040722	0.200903
	0.000000	1.000000	0.000000	0.000000	0.000000	-0.087663	1.022125	0.108242	-0.008168	-0.008777
	0.000000	1.000000	0.000000	0.000000	0.000000	-0.048725	0.720747	-0.052456	-0.034585	0.451395
	0.000000	1.000000	0.000000	0.000000	0.000000	-0.069622	0.872060	-0.005138	-0.029520	0.257413
	0.000000	1.000000	0.000000	0.000000	0.000000	-0.052361	0.790023	-0.005341	-0.017746	0.301106
	0.000000	1.000000	0.000000	0.000000	0.000000	0.015885	0.555674	0.121762	0.067456	0.122419
	0.000000	1.000000	0.000000	0.000000	0.000000	0.126821	0.235846	0.316875	0.199885	-0.021360
	0.000000	1.000000	0.000000	0.000000	0.000000	-0.078696	0.956969	0.044504	-0.018641	0.120990
	0.000000	1.000000	0.000000	0.000000	0.000000	-0.047252	0.731619	0.028082	-0.006273	0.220521
	0.000000	1.000000	0.000000	0.000000	0.000000	-0.091933	1.025539	0.092859	-0.015661	0.003403
	0.000000	1.000000	0.000000	0.000000	0.000000	-0.005864	0.630551	0.068349	0.035696	0.217786
	0.000000	1.000000	0.000000	0.000000	0.000000	-0.082413	0.937699	0.010938	-0.032504	0.180826
	0.000000	1.000000	0.000000	0.000000	0.000000	-0.060949	0.834511	0.000908	-0.021225	0.267568
	0.000000	1.000000	0.000000	0.000000	0.000000	-0.039170	0.706953	0.035927	-0.000455	0.216787
	0.000000	1.000000	0.000000	0.000000	0.000000	-0.035943	0.756354	0.038005	0.005188	0.242378
	0.000000	1.000000	0.000000	0.000000	0.000000	-0.089879	1.017469	0.071899	-0.020184	0.040105
	0.000000	1.000000	0.000000	0.000000	0.000000	-0.050617	0.763391	-0.028514	-0.027346	0.383776
	0.000000	1.000000	0.000000	0.000000	0.000000	-0.045430	0.679388	-0.013538	-0.019100	0.341039
	0.000000	1.000000	0.000000	0.000000	0.000000	-0.047032	0.814397	0.040307	-0.001831	0.198275
	0.000000	1.000000	0.000000	0.000000	0.000000	-0.084726	0.941042	-0.007518	-0.040208	0.224444
	0.000000	1.000000	0.000000	0.000000	0.000000	-0.024725	0.686385	0.032174	0.009599	0.269642
	0.000000	1.000000	0.000000	0.000000	0.000000	-0.022528	0.687159	0.062595	0.024603	0.188122
	0.000000	1.000000	0.000000	0.000000	0.000000	-0.026132	0.738954	0.088685	0.029721	0.131735
	0.000000	1.000000	0.000000	0.000000	0.000000	-0.069311	0.907835	0.058552	-0.009186	0.107435
	0.000000	1.000000	0.000000	0.000000	0.000000	-0.099951	1.037211	0.049528	-0.031470	0.052300
	0.000000	1.000000	0.000000	0.000000	0.000000	0.042774	0.536719	0.275249	0.130519	-0.060925
	0.000000	0.000000	1.000000	0.000000	0.000000	0.198040	0.110932	0.479008	0.293541	-0.118582
	0.000000	0.000000	1.000000	0.000000	0.000000	0.222127	0.052479	0.517322	0.329553	-0.139015
	0.000000	0.000000	1.000000	0.000000	0.000000	0.191152	0.191250	0.584101	0.328915	-0.196140
	0.000000	0.000000	1.000000	0.000000	0.000000	0.128379	0.298102	0.418162	0.229705	-0.122003
	0.000000	0.000000	1.000000	0.000000	0.000000	0.129359	0.345150	0.493981	0.254657	-0.174681
	0.000000	0.000000	1.000000	0.000000	0.000000	0.159921	0.244850	0.508064	0.283363	-0.171113
	0.000000	0.000000	1.000000	0.000000	0.000000	0.214594	0.053303	0.448977	0.299985	-0.084753
	0.000000	0.000000	1.000000	0.000000	0.000000	0.138412	0.362551	0.581243	0.301699	-0.219187
	0.000000	0.000000	1.000000	0.000000	0.000000	0.203165	0.105698	0.529091	0.321647	-0.153946
	0.000000	0.000000	1.000000	0.000000	0.000000	0.202526	0.097886	0.462893	0.295337	-0.105499
	0.000000	0.000000	1.000000	0.000000	0.000000	0.163157	0.217106	0.451404	0.263178	-0.119898
	0.000000	0.000000	1.000000	0.000000	0.000000	0.253064	-0.024191	0.468433	0.327556	-0.067785
	0.000000	0.000000	1.000000	0.000000	0.000000	0.192236	0.186274	0.601480	0.340000	-0.206644
	0.000000	0.000000	1.000000	0.000000	0.000000	0.088126	0.330955	0.237569	0.149080	0.030582
	0.000000	0.000000	1.000000	0.000000	0.000000	0.197233	0.141816	0.530887	0.313949	-0.158301
	0.000000	0.000000	1.000000	0.000000	0.000000	0.206526	0.124370	0.554292	0.328866	-0.167581
	0.000000	0.000000	0.000000	1.000000	0.000000	0.230192	-0.021109	0.354031	0.275211	0.025761
	0.000000	0.000000	0.000000	1.000000	0.000000	0.236183	-0.062166	0.252456	0.238156	0.199940
	0.000000	0.000000	0.000000	1.000000	0.000000	0.106632	0.202606	0.137770	0.124834	0.244038
	0.000000	0.000000	0.000000	1.000000	0.000000	0.142241	0.157695	0.217990	0.177150	0.128278
	0.000000	0.000000	0.000000	1.000000	0.000000	0.301045	-0.158774	0.290015	0.289571	0.225295
	0.000000	0.000000	0.000000	1.000000	0.000000	0.226496	-0.054722	0.227254	0.224950	0.232195
	0.000000	0.000000	0.000000	1.000000	0.000000	0.300620	-0.166384	0.231400	0.259868	0.342634
	0.000000	0.000000	0.000000	1.000000	0.000000	0.203189	0.010907	0.283684	0.235546	0.099654
	0.000000	0.000000	0.000000	1.000000	0.000000	0.217655	-0.025302	0.281692	0.241702	0.129565
	0.000000	0.000000	0.000000	1.000000	0.000000	0.168678	0.045122	0.181567	0.177816	0.236349
	0.000000	0.000000	0.000000	1.000000	0.000000	0.249236	-0.065614	0.341196	0.283212	0.075488
	0.000000	0.000000	0.000000	1.000000	0.000000	0.231440	-0.038898	0.311122	0.262437	0.088925
	0.000000	0.000000	0.000000	1.000000	0.000000	0.218663	-0.026816	0.280684	0.242853	0.129681
	0.000000	0.000000	0.000000	1.000000	0.000000	0.259475	-0.049210	0.446921	0.332044	-0.052553
	0.000000	0.000000	0.000000	1.000000	0.000000	0.260636	-0.064358	0.376175	0.296746	0.032072
	0.000000	0.000000	0.000000	0.000000	1.000000	0.106322	0.089429	-0.046403	0.048594	0.766342
	0.000000	0.000000	0.000000	0.000000	1.000000	0.115114	0.071019	-0.037170	0.055521	0.755632
	0.000000	0.000000	0.000000	0.000000	1.000000	0.078216	0.093783	-0.108744	0.004941	0.914682
	0.000000	0.000000	0.000000	0.000000	1.000000	0.072831	0.169783	-0.064713	0.027068	0.762553
	0.000000	0.000000	0.000000	0.000000	1.000000	0.078900	0.177758	-0.030215	0.043849	0.663393
	0.000000	0.000000	0.000000	0.000000	1.000000	0.145092	-0.032535	-0.076386	0.051859	0.909836
	0.000000	0.000000	0.000000	0.000000	1.000000	0.125956	0.059902	-0.005024	0.077543	0.662109
	0.000000	0.000000	0.000000	0.000000	1.000000	0.065859	0.162315	-0.090232	0.009297	0.838291
	0.000000	0.000000	0.000000	0.000000	1.000000	0.186124	-0.032340	0.056478	0.131089	0.591314
	0.000000	0.000000	0.000000	0.000000	1.000000	0.277853	-0.164695	0.092726	0.191254	0.629753
	0.000000	0.000000	0.000000	0.000000	1.000000	0.056314	0.190573	-0.089307	0.008247	0.810179
	0.000000	0.000000	0.000000	0.000000	1.000000	0.133677	0.007845	-0.055359	0.058096	0.848152
	0.000000	0.000000	0.000000	0.000000	1.000000	0.051790	0.173321	-0.108914	-0.005470	0.877425
	0.000000	0.000000	0.000000	0.000000	1.000000	0.114508	0.001188	-0.108975	0.022890	0.961084
	0.000000	0.000000	0.000000	0.000000	1.000000	0.055398	0.175013	-0.104184	-0.002472	0.863872
	0.000000	0.000000	0.000000	0.000000	1.000000	0.184806	-0.082451	-0.026272	0.095818	0.810866
	0.000000	0.000000	0.000000	0.000000	1.000000	0.110803	0.069084	-0.045596	0.051593	0.771991
	0.000000	0.000000	0.000000	0.000000	1.000000	0.076895	0.166346	-0.035850	0.041415	0.675434
	0.000000	0.000000	0.000000	0.000000	1.000000	0.076576	0.122573	-0.087422	0.017059	0.846200
	0.000000	0.000000	0.000000	0.000000	1.000000	0.088708	0.173980	0.004113	0.065976	0.573531
	0.000000	0.000000	0.000000	0.000000	1.000000	0.076535	0.130317	-0.084719	0.019357	0.828247
	0.000000	0.000000	0.000000	0.000000	1.000000	0.060899	0.138351	-0.117378	-0.005364	0.914650
	0.000000	0.000000	0.000000	0.000000	1.000000	0.144138	-0.019684	-0.059662	0.057302	0.862514
	0.000000	0.000000	0.000000	0.000000	1.000000	0.110361	0.072844	-0.045784	0.051258	0.767822
	0.000000	0.000000	0.000000	0.000000	1.000000	0.064372	0.144184	-0.105973	0.000696	0.885248
	0.000000	0.000000	0.000000	0.000000	1.000000	0.119696	0.011887	-0.071399	0.044119	0.859843
	0.000000	0.000000	0.000000	0.000000	1.000000	0.118559	0.001721	-0.101101	0.025092	0.955582
	0.000000	0.000000	0.000000	0.000000	1.000000	0.140270	0.051118	0.028613	0.100827	0.590442
	0.000000	0.000000	0.000000	0.000000	1.000000	0.164796	-0.063196	-0.061406	0.068671	0.897248
	0.000000	0.000000	0.000000	0.000000	1.000000	0.074684	0.120960	-0.100649	0.009755	0.882633
	0.000000	0.000000	0.000000	0.000000	1.000000	0.114827	0.019876	-0.090946	0.032652	0.908464
	0.000000	0.000000	0.000000	0.000000	1.000000	0.053501	0.188556	-0.094225	0.001065	0.827139
	0.000000	0.000000	0.000000	0.000000	1.000000	0.069266	0.128800	-0.118786	-0.005198	0.933603
	0.000000	0.000000	0.000000	0.000000	1.000000	0.054848	0.115269	-0.142118	-0.021122	0.986732
	0.000000	0.000000	0.000000	0.000000	1.000000	0.140572	0.004219	-0.036894	0.069401	0.792607
	0.000000	0.000000	0.000000	0.000000	1.000000	0.038134	0.258139	-0.076536	0.003058	0.744211
	0.000000	0.000000	0.000000	0.000000	1.000000	0.067798	0.170635	-0.082933	0.014326	0.816347
	0.000000	0.000000	0.000000	0.000000	1.000000	0.036962	0.267342	-0.076941	0.002859	0.749045
	0.000000	0.000000	0.000000	0.000000	1.000000	0.044584	0.217692	-0.092427	-0.001570	0.817893
	0.000000	0.000000	0.000000	0.000000	1.000000	0.072256	0.175548	-0.047466	0.032054	0.713454
	0.000000	0.000000	0.000000	0.000000	1.000000	0.027805	0.231627	-0.137867	-0.031381	0.929154
	0.000000	0.000000	0.000000	0.000000	1.000000	0.054022	0.211807	-0.078072	0.011255	0.777190
	0.000000	0.000000	0.000000	0.000000	1.000000	0.126578	-0.016681	-0.092713	0.037197	0.930245
	0.000000	0.000000	0.000000	0.000000	1.000000	0.105912	0.090730	-0.033828	0.057296	0.720781
	0.000000	0.000000	0.000000	0.000000	1.000000	0.083207	0.099331	-0.095865	0.016024	0.883049
	0.000000	0.000000	0.000000	0.000000	1.000000	0.064703	0.154016	-0.097339	0.006607	0.861473
	0.000000	0.000000	0.000000	0.000000	1.000000	0.117196	0.009981	-0.089641	0.031808	0.907220
	0.000000	0.000000	0.000000	0.000000	1.000000	0.084182	0.112610	-0.071342	0.027572	0.805895
	0.000000	0.000000	0.000000	0.000000	1.000000	0.049646	0.192114	-0.114831	-0.011373	0.885464
	0.000000	0.000000	0.000000	0.000000	1.000000	0.118786	0.013409	-0.081790	0.037896	0.888830
	0.000000	0.000000	0.000000	0.000000	1.000000	0.127434	0.001065	-0.077298	0.042951	0.887575
	0.000000	0.000000	0.000000	0.000000	1.000000	0.061757	0.115297	-0.127504	-0.011362	0.953198
	0.000000	0.000000	0.000000	0.000000	1.000000	0.043699	0.239805	-0.085267	0.001348	0.784969
	0.000000	0.000000	0.000000	0.000000	1.000000	0.050174	0.163331	-0.120945	-0.013144	0.910474
	0.000000	0.000000	0.000000	0.000000	1.000000	0.227738	-0.094546	0.128556	0.182126	0.458166
	0.000000	0.000000	0.000000	0.000000	1.000000	0.104359	0.065536	-0.063301	0.040500	0.810616
	0.000000	0.000000	0.000000	0.000000	1.000000	0.068109	0.178812	-0.074058	0.019324	0.790187
	0.000000	0.000000	0.000000	0.000000	1.000000	0.119429	0.034147	-0.056562	0.050659	0.815800
	0.000000	0.000000	0.000000	0.000000	1.000000	0.162089	-0.049706	-0.046924	0.072248	0.856390
	0.000000	0.000000	0.000000	0.000000	1.000000	0.127075	0.000700	-0.081103	0.040522	0.900179
	0.000000	0.000000	0.000000	0.000000	1.000000	0.103306	0.076651	-0.060885	0.040603	0.804564
