	1.000000	0.000000	0.000000	0.000000	0.000000	0.076948	0.249297	0.074376	0.115285	0.457569
	1.000000	0.000000	0.000000	0.000000	0.000000	0.077114	0.246112	0.074612	0.113188	0.457340
	1.000000	0.000000	0.000000	0.000000	0.000000	0.072903	0.234132	0.064749	0.107832	0.444284
	1.000000	0.000000	0.000000	0.000000	0.000000	0.079597	0.245556	0.077124	0.116157	0.455262
	1.000000	0.000000	0.000000	0.000000	0.000000	0.078154	0.248552	0.074442	0.114263	0.459412
	1.000000	0.000000	0.000000	0.000000	0.000000	0.077381	0.245418	0.075192	0.113293	0.458020
	1.000000	0.000000	0.000000	0.000000	0.000000	0.076635	0.246930	0.076869	0.113861	0.458564
	1.000000	0.000000	0.000000	0.000000	0.000000	0.076070	0.239121	0.071435	0.110840	0.454863
	1.000000	0.000000	0.000000	0.000000	0.000000	0.073375	0.246301	0.069637	0.111233	0.459943
	1.000000	0.000000	0.000000	0.000000	0.000000	0.075413	0.231607	0.066524	0.112021	0.447916
	1.000000	0.000000	0.000000	0.000000	0.000000	0.078452	0.250641	0.071493	0.115622	0.455321
	1.000000	0.000000	0.000000	0.000000	0.000000	0.073609	0.234245	0.065255	0.112680	0.449717
	1.000000	0.000000	0.000000	0.000000	0.000000	0.076815	0.245555	0.072091	0.113292	0.457556
	1.000000	0.000000	0.000000	0.000000	0.000000	0.075408	0.263714	0.080178	0.117788	0.462592
	0.000000	1.000000	0.000000	0.000000	0.000000	0.072612	0.281457	0.083790	0.118116	0.468533
	0.000000	1.000000	0.000000	0.000000	0.000000	0.076476	0.280967	0.085698	0.121403	0.466959
	0.000000	1.000000	0.000000	0.000000	0.000000	0.060296	0.257984	0.067906	0.102492	0.466908
	0.000000	1.000000	0.000000	0.000000	0.000000	0.079045	0.278757	0.087107	0.121829	0.467826
	0.000000	1.000000	0.000000	0.000000	0.000000	0.082542	0.286066	0.093663	0.126355	0.465798
	0.000000	1.000000	0.000000	0.000000	0.000000	0.075059	0.279498	0.083027	0.118994	0.466886
	0.000000	1.000000	0.000000	0.000000	0.000000	0.073582	0.279382	0.082799	0.116964	0.469627
	0.000000	1.000000	0.000000	0.000000	0.000000	0.077386	0.276295	0.083430	0.120551	0.464869
	0.000000	1.000000	0.000000	0.000000	0.000000	0.078898	0.287253	0.090875	0.123569	0.462229
	0.000000	1.000000	0.000000	0.000000	0.000000	0.077686	0.281593	0.087350	0.120378	0.466394
	0.000000	1.000000	0.000000	0.000000	0.000000	0.076188	0.270802	0.084167	0.120022	0.463662
	0.000000	1.000000	0.000000	0.000000	0.000000	0.076120	0.286627	0.085342	0.117119	0.468041
	0.000000	1.000000	0.000000	0.000000	0.000000	0.075263	0.265274	0.083128	0.111169	0.462030
	0.000000	1.000000	0.000000	0.000000	0.000000	0.074726	0.283559	0.083490	0.118882	0.466273
	0.000000	1.000000	0.000000	0.000000	0.000000	0.075827	0.283895	0.082930	0.122002	0.467869
	0.000000	1.000000	0.000000	0.000000	0.000000	0.077161	0.287107	0.089575	0.120943	0.466781
	0.000000	1.000000	0.000000	0.000000	0.000000	0.074959	0.279623	0.081832	0.120059	0.468630
	0.000000	1.000000	0.000000	0.000000	0.000000	0.073797	0.280803	0.079846	0.117875	0.469331
	0.000000	1.000000	0.000000	0.000000	0.000000	0.080637	0.277427	0.090415	0.125270	0.461501
	0.000000	1.000000	0.000000	0.000000	0.000000	0.073952	0.281210	0.080340	0.117600	0.469086
	0.000000	1.000000	0.000000	0.000000	0.000000	0.082733	0.286925	0.096078	0.127833	0.462593
	0.000000	1.000000	0.000000	0.000000	0.000000	0.078604	0.277918	0.085907	0.119022	0.467467
	0.000000	1.000000	0.000000	0.000000	0.000000	0.078037	0.278325	0.086385	0.121010	0.468965
	0.000000	1.000000	0.000000	0.000000	0.000000	0.076487	0.282973	0.089392	0.122609	0.469202
	0.000000	1.000000	0.000000	0.000000	0.000000	0.082296	0.294618	0.091812	0.126969	0.466066
	0.000000	1.000000	0.000000	0.000000	0.000000	0.072170	0.272492	0.083681	0.113386	0.466175
	0.000000	1.000000	0.000000	0.000000	0.000000	0.078657	0.284247	0.091258	0.125676	0.464591
	0.000000	1.000000	0.000000	0.000000	0.000000	0.071225	0.270331	0.077374	0.116103	0.462238
	0.000000	1.000000	0.000000	0.000000	0.000000	0.075570	0.263801	0.081066	0.115822	0.464079
	0.000000	1.000000	0.000000	0.000000	0.000000	0.074582	0.277846	0.083430	0.118642	0.466292
	0.000000	1.000000	0.000000	0.000000	0.000000	0.078148	0.284300	0.092482	0.123109	0.466060
	0.000000	1.000000	0.000000	0.000000	0.000000	0.078201	0.285249	0.082849	0.121082	0.467682
	0.000000	1.000000	0.000000	0.000000	0.000000	0.082042	0.293718	0.093629	0.126592	0.461796
	0.000000	1.000000	0.000000	0.000000	0.000000	0.076908	0.281767	0.090053	0.125400	0.467318
	0.000000	1.000000	0.000000	0.000000	0.000000	0.069226	0.253348	0.074063	0.116852	0.456745
	0.000000	1.000000	0.000000	0.000000	0.000000	0.076666	0.275723	0.081912	0.119695	0.466072
	0.000000	1.000000	0.000000	0.000000	0.000000	0.080752	0.277661	0.089407	0.121202	0.461246
	0.000000	1.000000	0.000000	0.000000	0.000000	0.078086	0.286352	0.087995	0.123388	0.465858
	0.000000	1.000000	0.000000	0.000000	0.000000	0.078218	0.288638	0.084149	0.120622	0.466037
	0.000000	0.000000	1.000000	0.000000	0.000000	0.074704	0.256252	0.085071	0.117349	0.450773
	0.000000	0.000000	1.000000	0.000000	0.000000	0.072586	0.255817	0.082342	0.120780	0.451889
	0.000000	0.000000	1.000000	0.000000	0.000000	0.073232	0.248208	0.077049	0.116251	0.447276
	0.000000	0.000000	1.000000	0.000000	0.000000	0.071876	0.253264	0.077801	0.116506	0.449826
	0.000000	0.000000	1.000000	0.000000	0.000000	0.076388	0.252885	0.085744	0.121549	0.446162
	0.000000	0.000000	1.000000	0.000000	0.000000	0.072145	0.254473	0.080156	0.117433	0.454924
	0.000000	0.000000	1.000000	0.000000	0.000000	0.077143	0.249213	0.080986	0.119013	0.446559
	0.000000	0.000000	1.000000	0.000000	0.000000	0.076625	0.243436	0.079932	0.119696	0.445694
	0.000000	0.000000	1.000000	0.000000	0.000000	0.074515	0.246429	0.079022	0.114206	0.443959
	0.000000	0.000000	1.000000	0.000000	0.000000	0.073828	0.254043	0.079732	0.119204	0.451469
	0.000000	0.000000	1.000000	0.000000	0.000000	0.072385	0.248304	0.074710	0.116269	0.448166
	0.000000	0.000000	1.000000	0.000000	0.000000	0.076249	0.246306	0.080720	0.120570	0.444683
	0.000000	0.000000	1.000000	0.000000	0.000000	0.076899	0.244098	0.081221	0.120509	0.447534
	0.000000	0.000000	0.000000	1.000000	0.000000	0.070199	0.256217	0.074221	0.116139	0.461851
	0.000000	0.000000	0.000000	1.000000	0.000000	0.067819	0.247537	0.068190	0.113181	0.454836
	0.000000	0.000000	0.000000	1.000000	0.000000	0.080335	0.259964	0.082094	0.121007	0.462888
	0.000000	0.000000	0.000000	1.000000	0.000000	0.075328	0.258040	0.076750	0.113915	0.461400
	0.000000	0.000000	0.000000	1.000000	0.000000	0.072558	0.242119	0.069071	0.109790	0.450682
	0.000000	0.000000	0.000000	1.000000	0.000000	0.075298	0.242845	0.075162	0.116263	0.451495
	0.000000	0.000000	0.000000	1.000000	0.000000	0.072784	0.243924	0.069982	0.116223	0.452534
	0.000000	0.000000	0.000000	1.000000	0.000000	0.075293	0.263227	0.076692	0.114946	0.463280
	0.000000	0.000000	0.000000	1.000000	0.000000	0.075594	0.241841	0.072650	0.114868	0.446551
	0.000000	0.000000	0.000000	1.000000	0.000000	0.073251	0.242827	0.072621	0.108187	0.452367
	0.000000	0.000000	0.000000	1.000000	0.000000	0.072968	0.247084	0.068923	0.113392	0.451898
	0.000000	0.000000	0.000000	1.000000	0.000000	0.068007	0.246235	0.064617	0.110099	0.454921
	0.000000	0.000000	0.000000	1.000000	0.000000	0.069026	0.252538	0.069289	0.113796	0.459083
	0.000000	0.000000	0.000000	1.000000	0.000000	0.074028	0.248060	0.076308	0.116788	0.453423
	0.000000	0.000000	0.000000	1.000000	0.000000	0.071209	0.255686	0.071552	0.114071	0.459293
	0.000000	0.000000	0.000000	1.000000	0.000000	0.070666	0.250826	0.069149	0.114197	0.456204
	0.000000	0.000000	0.000000	0.000000	1.000000	0.075317	0.264249	0.078842	0.113954	0.468340
	0.000000	0.000000	0.000000	0.000000	1.000000	0.074646	0.262616	0.076494	0.114372	0.468540
	0.000000	0.000000	0.000000	0.000000	1.000000	0.074702	0.261688	0.079304	0.114064	0.464913
	0.000000	0.000000	0.000000	0.000000	1.000000	0.073169	0.248818	0.069534	0.107514	0.465382
	0.000000	0.000000	0.000000	0.000000	1.000000	0.076909	0.255903	0.075002	0.113526	0.464207
	0.000000	0.000000	0.000000	0.000000	1.000000	0.072976	0.265753	0.077103	0.114834	0.467339
	0.000000	0.000000	0.000000	0.000000	1.000000	0.074587	0.262938	0.078048	0.112475	0.474629
	0.000000	0.000000	0.000000	0.000000	1.000000	0.074400	0.255977	0.073990	0.109249	0.465965
	0.000000	0.000000	0.000000	0.000000	1.000000	0.070905	0.265167	0.072501	0.109550	0.475187
	0.000000	0.000000	0.000000	0.000000	1.000000	0.070619	0.271316	0.074067	0.111327	0.473707
	0.000000	0.000000	0.000000	0.000000	1.000000	0.071144	0.269444	0.074162	0.112088	0.471648
	0.000000	0.000000	0.000000	0.000000	1.000000	0.071529	0.269644	0.075708	0.111469	0.474411
	0.000000	0.000000	0.000000	0.000000	1.000000	0.076202	0.270632	0.077512	0.117740	0.473816
	0.000000	0.000000	0.000000	0.000000	1.000000	0.073108	0.266904	0.076845	0.112569	0.473516
	0.000000	0.000000	0.000000	0.000000	1.000000	0.074471	0.267155	0.074170	0.116776	0.471320
	0.000000	0.000000	0.000000	0.000000	1.000000	0.074517	0.263553	0.072416	0.114407	0.468699
	0.000000	0.000000	0.000000	0.000000	1.000000	0.075017	0.267067	0.077558	0.115144	0.472471
	0.000000	0.000000	0.000000	0.000000	1.000000	0.075261	0.258695	0.074754	0.112415	0.466882
	0.000000	0.000000	0.000000	0.000000	1.000000	0.075138	0.257806	0.075194	0.111727	0.465996
	0.000000	0.000000	0.000000	0.000000	1.000000	0.072362	0.264438	0.074698	0.114567	0.466411
	0.000000	0.000000	0.000000	0.000000	1.000000	0.077250	0.267278	0.078836	0.116211	0.470011
	0.000000	0.000000	0.000000	0.000000	1.000000	0.080275	0.259680	0.079467	0.118713	0.468203
	0.000000	0.000000	0.000000	0.000000	1.000000	0.075022	0.271543	0.078885	0.115285	0.472964
	0.000000	0.000000	0.000000	0.000000	1.000000	0.076657	0.263624	0.079844	0.115744	0.467799
	0.000000	0.000000	0.000000	0.000000	1.000000	0.073703	0.265631	0.075500	0.116066	0.472471
	0.000000	0.000000	0.000000	0.000000	1.000000	0.073813	0.264497	0.074890	0.115196	0.471890
	0.000000	0.000000	0.000000	0.000000	1.000000	0.072895	0.260271	0.076374	0.106384	0.466376
	0.000000	0.000000	0.000000	0.000000	1.000000	0.071585	0.272109	0.075205	0.114176	0.471436
	0.000000	0.000000	0.000000	0.000000	1.000000	0.073193	0.250197	0.073843	0.108731	0.461919
	0.000000	0.000000	0.000000	0.000000	1.000000	0.072774	0.252733	0.069643	0.118395	0.460446
	0.000000	0.000000	0.000000	0.000000	1.000000	0.075230	0.265354	0.076628	0.115645	0.469173
	0.000000	0.000000	0.000000	0.000000	1.000000	0.073080	0.259678	0.072295	0.111318	0.471412
	0.000000	0.000000	0.000000	0.000000	1.000000	0.070782	0.266775	0.075166	0.108535	0.475380
	0.000000	0.000000	0.000000	0.000000	1.000000	0.073659	0.268377	0.076873	0.114764	0.470830
	0.000000	0.000000	0.000000	0.000000	1.000000	0.077196	0.260665	0.078082	0.118068	0.464426
	0.000000	0.000000	0.000000	0.000000	1.000000	0.076753	0.270308	0.082367	0.117798	0.468453
	0.000000	0.000000	0.000000	0.000000	1.000000	0.072876	0.262588	0.074873	0.112285	0.471127
	0.000000	0.000000	0.000000	0.000000	1.000000	0.067935	0.264011	0.070346	0.108553	0.476359
	0.000000	0.000000	0.000000	0.000000	1.000000	0.074325	0.261051	0.072063	0.110518	0.466316
	0.000000	0.000000	0.000000	0.000000	1.000000	0.072446	0.262713	0.073124	0.112259	0.474132
	0.000000	0.000000	0.000000	0.000000	1.000000	0.073029	0.272335	0.076866	0.115065	0.469247
	0.000000	0.000000	0.000000	0.000000	1.000000	0.074784	0.273140	0.077402	0.118424	0.470253
	0.000000	0.000000	0.000000	0.000000	1.000000	0.071803	0.264138	0.073215	0.110363	0.472798
	0.000000	0.000000	0.000000	0.000000	1.000000	0.073763	0.266536	0.078912	0.113522	0.472393
	0.000000	0.000000	0.000000	0.000000	1.000000	0.076544	0.270522	0.077796	0.117408	0.471918
	0.000000	0.000000	0.000000	0.000000	1.000000	0.073369	0.263896	0.076485	0.114690	0.467125
	0.000000	0.000000	0.000000	0.000000	1.000000	0.072140	0.267779	0.076282	0.113729	0.471050
	0.000000	0.000000	0.000000	0.000000	1.000000	0.071556	0.256616	0.070818	0.112775	0.463592
	0.000000	0.000000	0.000000	0.000000	1.000000	0.078361	0.271992	0.081511	0.121083	0.466799
	0.000000	0.000000	0.000000	0.000000	1.000000	0.070995	0.273004	0.076171	0.113546	0.472697
	0.000000	0.000000	0.000000	0.000000	1.000000	0.071574	0.270403	0.075057	0.113126	0.471703
	0.000000	0.000000	0.000000	0.000000	1.000000	0.081637	0.254696	0.081663	0.117536	0.461581
	0.000000	0.000000	0.000000	0.000000	1.000000	0.072344	0.242684	0.067801	0.111617	0.453578
	0.000000	0.000000	0.000000	0.000000	1.000000	0.071819	0.245871	0.068596	0.112318	0.451157
	0.000000	0.000000	0.000000	0.000000	1.000000	0.075892	0.269794	0.077094	0.120723	0.468499
	0.000000	0.000000	0.000000	0.000000	1.000000	0.069888	0.240954	0.067646	0.114397	0.452536
	0.000000	0.000000	0.000000	0.000000	1.000000	0.080061	0.260501	0.087527	0.118287	0.470591
	0.000000	0.000000	0.000000	0.000000	1.000000	0.075318	0.266173	0.077411	0.115838	0.474510
	0.000000	0.000000	0.000000	0.000000	1.000000	0.068979	0.239930	0.066276	0.108120	0.451985
	0.000000	0.000000	0.000000	0.000000	1.000000	0.075664	0.261241	0.075763	0.115128	0.469102
	0.000000	0.000000	0.000000	0.000000	1.000000	0.074478	0.254601	0.074335	0.113470	0.464738
	0.000000	0.000000	0.000000	0.000000	1.000000	0.070936	0.274225	0.075633	0.113979	0.472476
	0.000000	0.000000	0.000000	0.000000	1.000000	0.074349	0.254146	0.074838	0.110211	0.467375
	0.000000	0.000000	0.000000	0.000000	1.000000	0.074933	0.253697	0.075548	0.110450	0.465725
	0.000000	0.000000	0.000000	0.000000	1.000000	0.072386	0.246406	0.069888	0.111945	0.452092
	1.000000	0.000000	0.000000	0.000000	0.000000	0.077465	0.251233	0.074924	0.113750	0.462776
	1.000000	0.000000	0.000000	0.000000	0.000000	0.069590	0.241382	0.065199	0.112249	0.456629
	1.000000	0.000000	0.000000	0.000000	0.000000	0.075457	0.254710	0.076009	0.114269	0.463615
	1.000000	0.000000	0.000000	0.000000	0.000000	0.074157	0.247204	0.070985	0.111481	0.459820
	1.000000	0.000000	0.000000	0.000000	0.000000	0.074964	0.247653	0.070765	0.113735	0.460423
	1.000000	0.000000	0.000000	0.000000	0.000000	0.077381	0.249556	0.074161	0.111806	0.460735
	1.000000	0.000000	0.000000	0.000000	0.000000	0.078323	0.248309	0.076274	0.115018	0.458671
	1.000000	0.000000	0.000000	0.000000	0.000000	0.078217	0.243870	0.075898	0.114360	0.456282
	1.000000	0.000000	0.000000	0.000000	0.000000	0.076813	0.245429	0.073327	0.111409	0.456157
	1.000000	0.000000	0.000000	0.000000	0.000000	0.075526	0.256035	0.073252	0.114415	0.466079
	1.000000	0.000000	0.000000	0.000000	0.000000	0.074087	0.265592	0.078567	0.118708	0.461357
	1.000000	0.000000	0.000000	0.000000	0.000000	0.075383	0.250401	0.074505	0.112983	0.464716
	1.000000	0.000000	0.000000	0.000000	0.000000	0.074327	0.246864	0.072332	0.107328	0.460426
	1.000000	0.000000	0.000000	0.000000	0.000000	0.078319	0.254852	0.080453	0.115351	0.458336
	1.000000	0.000000	0.000000	0.000000	0.000000	0.071989	0.241741	0.069532	0.115085	0.455357
	1.000000	0.000000	0.000000	0.000000	0.000000	0.077861	0.231500	0.071380	0.116668	0.446191
	0.000000	1.000000	0.000000	0.000000	0.000000	0.080210	0.282328	0.091775	0.126391	0.463436
	0.000000	1.000000	0.000000	0.000000	0.000000	0.072886	0.280552	0.079996	0.113565	0.471886
	0.000000	1.000000	0.000000	0.000000	0.000000	0.076307	0.273139	0.087613	0.122071	0.462686
	0.000000	1.000000	0.000000	0.000000	0.000000	0.075638	0.285747	0.089938	0.120748	0.466912
	0.000000	1.000000	0.000000	0.000000	0.000000	0.070935	0.279317	0.078477	0.112944	0.468868
	0.000000	1.000000	0.000000	0.000000	0.000000	0.076561	0.276317	0.088029	0.120855	0.465179
	0.000000	1.000000	0.000000	0.000000	0.000000	0.071903	0.276259	0.079687	0.116050	0.470889
	0.000000	1.000000	0.000000	0.000000	0.000000	0.064312	0.266042	0.070591	0.109196	0.471305
	0.000000	1.000000	0.000000	0.000000	0.000000	0.079491	0.279035	0.086405	0.121058	0.464749
	0.000000	1.000000	0.000000	0.000000	0.000000	0.076252	0.287306	0.083159	0.120622	0.468132
	0.000000	1.000000	0.000000	0.000000	0.000000	0.081777	0.289563	0.095015	0.127369	0.465387
	0.000000	1.000000	0.000000	0.000000	0.000000	0.076226	0.278838	0.082154	0.115888	0.468932
	0.000000	1.000000	0.000000	0.000000	0.000000	0.076739	0.282887	0.083866	0.119775	0.466916
	0.000000	1.000000	0.000000	0.000000	0.000000	0.077102	0.279173	0.082686	0.120542	0.466853
	0.000000	1.000000	0.000000	0.000000	0.000000	0.071998	0.261268	0.075950	0.109058	0.460021
	0.000000	1.000000	0.000000	0.000000	0.000000	0.068601	0.252800	0.073747	0.117949	0.453474
	0.000000	1.000000	0.000000	0.000000	0.000000	0.080746	0.286017	0.089189	0.125755	0.466302
	0.000000	1.000000	0.000000	0.000000	0.000000	0.061428	0.262155	0.069664	0.104481	0.467661
	0.000000	1.000000	0.000000	0.000000	0.000000	0.077853	0.285565	0.091432	0.121649	0.466298
	0.000000	1.000000	0.000000	0.000000	0.000000	0.077044	0.273095	0.082149	0.120284	0.465510
	0.000000	1.000000	0.000000	0.000000	0.000000	0.076451	0.286049	0.084804	0.119539	0.468368
	0.000000	1.000000	0.000000	0.000000	0.000000	0.076604	0.283004	0.083315	0.122009	0.468050
	0.000000	1.000000	0.000000	0.000000	0.000000	0.062502	0.260188	0.071506	0.102345	0.466549
	0.000000	1.000000	0.000000	0.000000	0.000000	0.078658	0.278372	0.087346	0.121002	0.465038
	0.000000	1.000000	0.000000	0.000000	0.000000	0.080530	0.287332	0.093614	0.123876	0.463681
	0.000000	1.000000	0.000000	0.000000	0.000000	0.076902	0.284132	0.085645	0.119980	0.472343
	0.000000	1.000000	0.000000	0.000000	0.000000	0.060450	0.263931	0.068133	0.104320	0.469290
	0.000000	1.000000	0.000000	0.000000	0.000000	0.079835	0.279368	0.089557	0.121633	0.466279
	0.000000	1.000000	0.000000	0.000000	0.000000	0.077792	0.285265	0.084529	0.120165	0.467950
	0.000000	1.000000	0.000000	0.000000	0.000000	0.077035	0.276151	0.085772	0.119379	0.467396
	0.000000	1.000000	0.000000	0.000000	0.000000	0.072158	0.274590	0.077373	0.116714	0.465966
	0.000000	1.000000	0.000000	0.000000	0.000000	0.077194	0.279272	0.085976	0.122310	0.466122
	0.000000	1.000000	0.000000	0.000000	0.000000	0.075528	0.282370	0.084432	0.120260	0.466466
	0.000000	1.000000	0.000000	0.000000	0.000000	0.077662	0.286809	0.085102	0.121104	0.464694
	0.000000	1.000000	0.000000	0.000000	0.000000	0.069445	0.261592	0.077242	0.113728	0.457920
	0.000000	0.000000	1.000000	0.000000	0.000000	0.073434	0.248774	0.078848	0.115159	0.449868
	0.000000	0.000000	1.000000	0.000000	0.000000	0.068969	0.242700	0.069511	0.113348	0.448430
	0.000000	0.000000	1.000000	0.000000	0.000000	0.078161	0.247979	0.086299	0.121520	0.446709
	0.000000	0.000000	1.000000	0.000000	0.000000	0.071841	0.260712	0.080954	0.115744	0.455972
	0.000000	0.000000	1.000000	0.000000	0.000000	0.072934	0.261642	0.085346	0.118471	0.453654
	0.000000	0.000000	1.000000	0.000000	0.000000	0.071959	0.251921	0.077261	0.114820	0.448695
	0.000000	0.000000	1.000000	0.000000	0.000000	0.072077	0.245546	0.073265	0.117415	0.447012
	0.000000	0.000000	1.000000	0.000000	0.000000	0.073544	0.257272	0.079844	0.124259	0.453434
	0.000000	0.000000	1.000000	0.000000	0.000000	0.070828	0.249787	0.075789	0.119172	0.452419
	0.000000	0.000000	1.000000	0.000000	0.000000	0.076352	0.253137	0.082022	0.122054	0.450214
	0.000000	0.000000	1.000000	0.000000	0.000000	0.076903	0.255680	0.085153	0.119301	0.454731
	0.000000	0.000000	1.000000	0.000000	0.000000	0.076040	0.246688	0.078121	0.120452	0.448652
	0.000000	0.000000	1.000000	0.000000	0.000000	0.073656	0.245798	0.079381	0.120407	0.444551
	0.000000	0.000000	1.000000	0.000000	0.000000	0.070411	0.259647	0.073423	0.112423	0.456276
	0.000000	0.000000	1.000000	0.000000	0.000000	0.075687	0.249592	0.080983	0.118457	0.449825
	0.000000	0.000000	1.000000	0.000000	0.000000	0.073534	0.248096	0.080877	0.121274	0.448458
	0.000000	0.000000	0.000000	1.000000	0.000000	0.070449	0.240106	0.067723	0.110424	0.449798
	0.000000	0.000000	0.000000	1.000000	0.000000	0.071764	0.244091	0.067615	0.110999	0.450850
	0.000000	0.000000	0.000000	1.000000	0.000000	0.069469	0.259526	0.073119	0.111041	0.460869
	0.000000	0.000000	0.000000	1.000000	0.000000	0.074919	0.256181	0.074125	0.113754	0.459113
	0.000000	0.000000	0.000000	1.000000	0.000000	0.071721	0.241967	0.065283	0.114270	0.452174
	0.000000	0.000000	0.000000	1.000000	0.000000	0.071497	0.242179	0.066702	0.109858	0.451607
	0.000000	0.000000	0.000000	1.000000	0.000000	0.074405	0.240219	0.074789	0.114535	0.452581
	0.000000	0.000000	0.000000	1.000000	0.000000	0.070410	0.251729	0.069555	0.113587	0.455875
	0.000000	0.000000	0.000000	1.000000	0.000000	0.071072	0.249485	0.073115	0.115353	0.458378
	0.000000	0.000000	0.000000	1.000000	0.000000	0.068458	0.255316	0.067150	0.109895	0.456663
	0.000000	0.000000	0.000000	1.000000	0.000000	0.072088	0.248335	0.071041	0.116612	0.453522
	0.000000	0.000000	0.000000	1.000000	0.000000	0.071158	0.245193	0.066281	0.111652	0.452619
	0.000000	0.000000	0.000000	1.000000	0.000000	0.071369	0.248166	0.072008	0.114880	0.457309
	0.000000	0.000000	0.000000	1.000000	0.000000	0.071443	0.243276	0.065717	0.117505	0.448493
	0.000000	0.000000	0.000000	1.000000	0.000000	0.074946	0.237284	0.071580	0.110447	0.446124
	0.000000	0.000000	0.000000	0.000000	1.000000	0.077146	0.264160	0.080455	0.116264	0.467971
	0.000000	0.000000	0.000000	0.000000	1.000000	0.076236	0.264196	0.081134	0.114607	0.467172
	0.000000	0.000000	0.000000	0.000000	1.000000	0.072889	0.266136	0.077826	0.111011	0.472433
	0.000000	0.000000	0.000000	0.000000	1.000000	0.075310	0.267748	0.074216	0.117949	0.469591
	0.000000	0.000000	0.000000	0.000000	1.000000	0.074049	0.266031	0.076865	0.115548	0.468298
	0.000000	0.000000	0.000000	0.000000	1.000000	0.076463	0.257423	0.077001	0.112857	0.467880
	0.000000	0.000000	0.000000	0.000000	1.000000	0.073409	0.261686	0.075787	0.113635	0.466008
	0.000000	0.000000	0.000000	0.000000	1.000000	0.075125	0.268478	0.079925	0.115420	0.471966
	0.000000	0.000000	0.000000	0.000000	1.000000	0.077041	0.251773	0.077273	0.114061	0.458825
	0.000000	0.000000	0.000000	0.000000	1.000000	0.077354	0.242855	0.072852	0.110225	0.461054
	0.000000	0.000000	0.000000	0.000000	1.000000	0.073287	0.267383	0.072569	0.115132	0.472101
	0.000000	0.000000	0.000000	0.000000	1.000000	0.076796	0.263776	0.077948	0.117522	0.468594
	0.000000	0.000000	0.000000	0.000000	1.000000	0.070885	0.267551	0.073241	0.112583	0.472947
	0.000000	0.000000	0.000000	0.000000	1.000000	0.073679	0.262220	0.074163	0.111818	0.472855
	0.000000	0.000000	0.000000	0.000000	1.000000	0.073294	0.270614	0.077858	0.113123	0.472825
	0.000000	0.000000	0.000000	0.000000	1.000000	0.072550	0.252306	0.069990	0.107940	0.467730
	0.000000	0.000000	0.000000	0.000000	1.000000	0.074553	0.263696	0.077796	0.114655	0.469501
	0.000000	0.000000	0.000000	0.000000	1.000000	0.070458	0.262097	0.071460	0.111640	0.468352
	0.000000	0.000000	0.000000	0.000000	1.000000	0.072278	0.262609	0.071771	0.112678	0.472146
	0.000000	0.000000	0.000000	0.000000	1.000000	0.073272	0.266349	0.073882	0.116413	0.468358
	0.000000	0.000000	0.000000	0.000000	1.000000	0.073780	0.265901	0.073695	0.114911	0.472345
	0.000000	0.000000	0.000000	0.000000	1.000000	0.072556	0.266649	0.073363	0.113194	0.473373
	0.000000	0.000000	0.000000	0.000000	1.000000	0.075504	0.256378	0.080576	0.111561	0.466292
	0.000000	0.000000	0.000000	0.000000	1.000000	0.075322	0.263211	0.078377	0.114956	0.469189
	0.000000	0.000000	0.000000	0.000000	1.000000	0.073919	0.264815	0.076920	0.112877	0.471961
	0.000000	0.000000	0.000000	0.000000	1.000000	0.070148	0.259952	0.071576	0.111641	0.471537
	0.000000	0.000000	0.000000	0.000000	1.000000	0.076689	0.264533	0.086122	0.114293	0.473707
	0.000000	0.000000	0.000000	0.000000	1.000000	0.075720	0.260246	0.074878	0.115076	0.467123
	0.000000	0.000000	0.000000	0.000000	1.000000	0.075965	0.254897	0.073722	0.113375	0.469944
	0.000000	0.000000	0.000000	0.000000	1.000000	0.075199	0.266857	0.075765	0.115354	0.471989
	0.000000	0.000000	0.000000	0.000000	1.000000	0.074902	0.263723	0.076009	0.113554	0.471568
	0.000000	0.000000	0.000000	0.000000	1.000000	0.070832	0.269761	0.075967	0.111425	0.470993
	0.000000	0.000000	0.000000	0.000000	1.000000	0.080792	0.272110	0.087856	0.116222	0.473112
	0.000000	0.000000	0.000000	0.000000	1.000000	0.069485	0.267939	0.071573	0.109793	0.477089
	0.000000	0.000000	0.000000	0.000000	1.000000	0.075503	0.260207	0.076700	0.114642	0.468078
	0.000000	0.000000	0.000000	0.000000	1.000000	0.069418	0.269786	0.074601	0.112156	0.471786
	0.000000	0.000000	0.000000	0.000000	1.000000	0.076857	0.267363	0.078294	0.116932	0.470738
	0.000000	0.000000	0.000000	0.000000	1.000000	0.070882	0.270252	0.075232	0.115013	0.471998
	0.000000	0.000000	0.000000	0.000000	1.000000	0.070675	0.269185	0.076375	0.113660	0.473398
	0.000000	0.000000	0.000000	0.000000	1.000000	0.072160	0.265631	0.076943	0.113816	0.469607
	0.000000	0.000000	0.000000	0.000000	1.000000	0.073253	0.271528	0.075884	0.111575	0.473502
	0.000000	0.000000	0.000000	0.000000	1.000000	0.074899	0.264453	0.076110	0.115279	0.470179
	0.000000	0.000000	0.000000	0.000000	1.000000	0.071613	0.260929	0.071929	0.110174	0.473579
	0.000000	0.000000	0.000000	0.000000	1.000000	0.073517	0.260934	0.072112	0.115325	0.467896
	0.000000	0.000000	0.000000	0.000000	1.000000	0.075259	0.263624	0.075054	0.114480	0.471297
	0.000000	0.000000	0.000000	0.000000	1.000000	0.073725	0.267097	0.074158	0.115816	0.472290
	0.000000	0.000000	0.000000	0.000000	1.000000	0.071923	0.257055	0.074306	0.107112	0.467916
	0.000000	0.000000	0.000000	0.000000	1.000000	0.071750	0.261986	0.073866	0.112232	0.468424
	0.000000	0.000000	0.000000	0.000000	1.000000	0.075606	0.266130	0.079106	0.111137	0.466897
	0.000000	0.000000	0.000000	0.000000	1.000000	0.073567	0.260505	0.074761	0.110857	0.471028
	0.000000	0.000000	0.000000	0.000000	1.000000	0.074503	0.256236	0.076674	0.111216	0.467958
	0.000000	0.000000	0.000000	0.000000	1.000000	0.070819	0.266197	0.074065	0.110397	0.475613
	0.000000	0.000000	0.000000	0.000000	1.000000	0.073128	0.279638	0.080209	0.116001	0.473689
	0.000000	0.000000	0.000000	0.000000	1.000000	0.070629	0.270109	0.074588	0.110413	0.474507
	0.000000	0.000000	0.000000	0.000000	1.000000	0.070823	0.241763	0.068999	0.109664	0.452521
	0.000000	0.000000	0.000000	0.000000	1.000000	0.072635	0.260971	0.074931	0.111574	0.467767
	0.000000	0.000000	0.000000	0.000000	1.000000	0.077051	0.268068	0.078793	0.118350	0.470105
	0.000000	0.000000	0.000000	0.000000	1.000000	0.074026	0.263986	0.077406	0.115027	0.469904
	0.000000	0.000000	0.000000	0.000000	1.000000	0.075259	0.255938	0.079212	0.114067	0.466668
	0.000000	0.000000	0.000000	0.000000	1.000000	0.074968	0.258592	0.077428	0.111488	0.468801
	0.000000	0.000000	0.000000	0.000000	1.000000	0.074841	0.262532	0.077331	0.115023	0.469306
