	1.000000	0.000000	0.000000	0.000000	0.000000	0.093532	0.223876	0.087093	0.105708	0.444393
	1.000000	0.000000	0.000000	0.000000	0.000000	0.095166	0.211620	0.087197	0.103755	0.448212
	1.000000	0.000000	0.000000	0.000000	0.000000	0.098930	0.179763	0.089606	0.107303	0.423334
	1.000000	0.000000	0.000000	0.000000	0.000000	0.098877	0.207381	0.091682	0.108076	0.443402
	1.000000	0.000000	0.000000	0.000000	0.000000	0.094571	0.218380	0.084715	0.103372	0.452283
	1.000000	0.000000	0.000000	0.000000	0.000000	0.095860	0.209358	0.088453	0.104225	0.448862
	1.000000	0.000000	0.000000	0.000000	0.000000	0.093571	0.213641	0.087628	0.103058	0.450997
	1.000000	0.000000	0.000000	0.000000	0.000000	0.097099	0.195038	0.088003	0.104458	0.442439
	1.000000	0.000000	0.000000	0.000000	0.000000	0.089523	0.214784	0.079491	0.099541	0.453962
	1.000000	0.000000	0.000000	0.000000	0.000000	0.101317	0.173918	0.090549	0.111270	0.429414
	1.000000	0.000000	0.000000	0.000000	0.000000	0.095131	0.218688	0.082319	0.104622	0.447606
	1.000000	0.000000	0.000000	0.000000	0.000000	0.098620	0.179014	0.088011	0.110271	0.433406
	1.000000	0.000000	0.000000	0.000000	0.000000	0.095186	0.210782	0.085348	0.104678	0.447115
	1.000000	0.000000	0.000000	0.000000	0.000000	0.083742	0.268793	0.084171	0.101406	0.450262
	0.000000	1.000000	0.000000	0.000000	0.000000	0.068361	0.335317	0.075033	0.092558	0.457855
	0.000000	1.000000	0.000000	0.000000	0.000000	0.073065	0.331382	0.077623	0.096704	0.455738
	0.000000	1.000000	0.000000	0.000000	0.000000	0.060872	0.289025	0.063267	0.080319	0.459361
	0.000000	1.000000	0.000000	0.000000	0.000000	0.076479	0.321834	0.078503	0.097172	0.460413
	0.000000	1.000000	0.000000	0.000000	0.000000	0.078103	0.341144	0.084650	0.101079	0.454922
	0.000000	1.000000	0.000000	0.000000	0.000000	0.071844	0.326899	0.074640	0.094183	0.457218
	0.000000	1.000000	0.000000	0.000000	0.000000	0.069479	0.325462	0.071792	0.090190	0.465466
	0.000000	1.000000	0.000000	0.000000	0.000000	0.076893	0.315460	0.078514	0.098483	0.452693
	0.000000	1.000000	0.000000	0.000000	0.000000	0.075476	0.345946	0.084637	0.100120	0.445686
	0.000000	1.000000	0.000000	0.000000	0.000000	0.074031	0.332850	0.079106	0.096091	0.454381
	0.000000	1.000000	0.000000	0.000000	0.000000	0.079486	0.298822	0.083991	0.100881	0.449356
	0.000000	1.000000	0.000000	0.000000	0.000000	0.067782	0.351072	0.070285	0.088131	0.461506
	0.000000	1.000000	0.000000	0.000000	0.000000	0.076678	0.289533	0.078626	0.090573	0.455957
	0.000000	1.000000	0.000000	0.000000	0.000000	0.068875	0.340966	0.071900	0.091336	0.457924
	0.000000	1.000000	0.000000	0.000000	0.000000	0.070639	0.337661	0.071945	0.094614	0.460642
	0.000000	1.000000	0.000000	0.000000	0.000000	0.070789	0.350472	0.078465	0.094152	0.455373
	0.000000	1.000000	0.000000	0.000000	0.000000	0.071683	0.323113	0.072313	0.094131	0.462859
	0.000000	1.000000	0.000000	0.000000	0.000000	0.068030	0.330711	0.066659	0.089437	0.466662
	0.000000	1.000000	0.000000	0.000000	0.000000	0.082554	0.317925	0.091591	0.107247	0.439327
	0.000000	1.000000	0.000000	0.000000	0.000000	0.067022	0.333906	0.065554	0.088160	0.467589
	0.000000	1.000000	0.000000	0.000000	0.000000	0.080310	0.345739	0.092848	0.106238	0.440407
	0.000000	1.000000	0.000000	0.000000	0.000000	0.075289	0.317623	0.074563	0.092905	0.465772
	0.000000	1.000000	0.000000	0.000000	0.000000	0.075537	0.316467	0.076717	0.095327	0.465194
	0.000000	1.000000	0.000000	0.000000	0.000000	0.074572	0.332257	0.084665	0.099940	0.454362
	0.000000	1.000000	0.000000	0.000000	0.000000	0.073122	0.367022	0.077062	0.097316	0.457318
	0.000000	1.000000	0.000000	0.000000	0.000000	0.068612	0.313691	0.071945	0.086321	0.462991
	0.000000	1.000000	0.000000	0.000000	0.000000	0.076258	0.339216	0.087323	0.103268	0.445230
	0.000000	1.000000	0.000000	0.000000	0.000000	0.074471	0.298548	0.078563	0.097102	0.443345
	0.000000	1.000000	0.000000	0.000000	0.000000	0.080675	0.280335	0.081518	0.098042	0.452130
	0.000000	1.000000	0.000000	0.000000	0.000000	0.073199	0.321225	0.077965	0.095958	0.453864
	0.000000	1.000000	0.000000	0.000000	0.000000	0.075881	0.337783	0.087691	0.100872	0.448449
	0.000000	1.000000	0.000000	0.000000	0.000000	0.070045	0.341404	0.066168	0.090047	0.468097
	0.000000	1.000000	0.000000	0.000000	0.000000	0.073920	0.368482	0.081939	0.099276	0.446324
	0.000000	1.000000	0.000000	0.000000	0.000000	0.076095	0.329075	0.087190	0.104160	0.449171
	0.000000	1.000000	0.000000	0.000000	0.000000	0.084493	0.239855	0.088912	0.107865	0.433898
	0.000000	1.000000	0.000000	0.000000	0.000000	0.075260	0.313134	0.074347	0.095178	0.459815
	0.000000	1.000000	0.000000	0.000000	0.000000	0.078880	0.322290	0.083000	0.098415	0.447764
	0.000000	1.000000	0.000000	0.000000	0.000000	0.072883	0.347566	0.079387	0.098228	0.451258
	0.000000	1.000000	0.000000	0.000000	0.000000	0.069005	0.357752	0.068661	0.090852	0.458797
	0.000000	0.000000	1.000000	0.000000	0.000000	0.094576	0.248668	0.111364	0.116947	0.407552
	0.000000	0.000000	1.000000	0.000000	0.000000	0.092167	0.250488	0.109534	0.120837	0.405910
	0.000000	0.000000	1.000000	0.000000	0.000000	0.097825	0.228434	0.110000	0.120530	0.399335
	0.000000	0.000000	1.000000	0.000000	0.000000	0.091253	0.242436	0.102464	0.114467	0.409971
	0.000000	0.000000	1.000000	0.000000	0.000000	0.100656	0.233717	0.118966	0.125804	0.396072
	0.000000	0.000000	1.000000	0.000000	0.000000	0.090743	0.241897	0.102611	0.114114	0.418958
	0.000000	0.000000	1.000000	0.000000	0.000000	0.101388	0.225597	0.112406	0.122536	0.402345
	0.000000	0.000000	1.000000	0.000000	0.000000	0.103284	0.208730	0.113428	0.124396	0.402360
	0.000000	0.000000	1.000000	0.000000	0.000000	0.098534	0.225424	0.110705	0.117622	0.398092
	0.000000	0.000000	1.000000	0.000000	0.000000	0.094591	0.236427	0.105670	0.117913	0.411680
	0.000000	0.000000	1.000000	0.000000	0.000000	0.093389	0.234277	0.101659	0.116389	0.406689
	0.000000	0.000000	1.000000	0.000000	0.000000	0.101774	0.221906	0.115410	0.126244	0.394977
	0.000000	0.000000	1.000000	0.000000	0.000000	0.102964	0.209622	0.113970	0.124608	0.406818
	0.000000	0.000000	0.000000	1.000000	0.000000	0.083729	0.245697	0.085449	0.105360	0.442919
	0.000000	0.000000	0.000000	1.000000	0.000000	0.089014	0.213801	0.088743	0.107568	0.431968
	0.000000	0.000000	0.000000	1.000000	0.000000	0.090212	0.258585	0.087644	0.107087	0.449362
	0.000000	0.000000	0.000000	1.000000	0.000000	0.085379	0.257399	0.082529	0.100356	0.448006
	0.000000	0.000000	0.000000	1.000000	0.000000	0.094088	0.208677	0.090502	0.106464	0.426214
	0.000000	0.000000	0.000000	1.000000	0.000000	0.098858	0.197430	0.097844	0.113054	0.429762
	0.000000	0.000000	0.000000	1.000000	0.000000	0.095672	0.208224	0.093872	0.114679	0.424494
	0.000000	0.000000	0.000000	1.000000	0.000000	0.082580	0.271924	0.079173	0.098684	0.451786
	0.000000	0.000000	0.000000	1.000000	0.000000	0.098865	0.203548	0.097046	0.112527	0.418480
	0.000000	0.000000	0.000000	1.000000	0.000000	0.090761	0.213489	0.087128	0.099735	0.435178
	0.000000	0.000000	0.000000	1.000000	0.000000	0.092200	0.224135	0.088461	0.109403	0.424074
	0.000000	0.000000	0.000000	1.000000	0.000000	0.085558	0.227431	0.081934	0.104373	0.429739
	0.000000	0.000000	0.000000	1.000000	0.000000	0.084329	0.236421	0.082735	0.104418	0.438220
	0.000000	0.000000	0.000000	1.000000	0.000000	0.094245	0.223662	0.097448	0.113344	0.421617
	0.000000	0.000000	0.000000	1.000000	0.000000	0.085225	0.247389	0.083907	0.104353	0.437407
	0.000000	0.000000	0.000000	1.000000	0.000000	0.087833	0.233833	0.086003	0.107596	0.430486
	0.000000	0.000000	0.000000	0.000000	1.000000	0.079675	0.266743	0.073332	0.091065	0.473550
	0.000000	0.000000	0.000000	0.000000	1.000000	0.080428	0.261417	0.072866	0.092860	0.472170
	0.000000	0.000000	0.000000	0.000000	1.000000	0.082205	0.258866	0.079142	0.094617	0.462496
	0.000000	0.000000	0.000000	0.000000	1.000000	0.085569	0.224270	0.072991	0.092060	0.468681
	0.000000	0.000000	0.000000	0.000000	1.000000	0.084483	0.247644	0.073610	0.094584	0.466121
	0.000000	0.000000	0.000000	0.000000	1.000000	0.075880	0.273801	0.070791	0.091071	0.471377
	0.000000	0.000000	0.000000	0.000000	1.000000	0.077001	0.264687	0.068274	0.087444	0.488695
	0.000000	0.000000	0.000000	0.000000	1.000000	0.080731	0.246545	0.069653	0.087874	0.473985
	0.000000	0.000000	0.000000	0.000000	1.000000	0.070507	0.271820	0.058532	0.080799	0.493519
	0.000000	0.000000	0.000000	0.000000	1.000000	0.068413	0.291866	0.060088	0.082331	0.485536
	0.000000	0.000000	0.000000	0.000000	1.000000	0.071322	0.284273	0.063701	0.085322	0.479649
	0.000000	0.000000	0.000000	0.000000	1.000000	0.069733	0.284820	0.061192	0.082048	0.489252
	0.000000	0.000000	0.000000	0.000000	1.000000	0.074505	0.287033	0.063626	0.088817	0.486993
	0.000000	0.000000	0.000000	0.000000	1.000000	0.073173	0.275802	0.064358	0.084788	0.487737
	0.000000	0.000000	0.000000	0.000000	1.000000	0.076326	0.275923	0.065756	0.091458	0.478952
	0.000000	0.000000	0.000000	0.000000	1.000000	0.078117	0.268964	0.066461	0.091431	0.473721
	0.000000	0.000000	0.000000	0.000000	1.000000	0.074908	0.282766	0.066819	0.089184	0.481432
	0.000000	0.000000	0.000000	0.000000	1.000000	0.082452	0.255438	0.073609	0.093363	0.467339
	0.000000	0.000000	0.000000	0.000000	1.000000	0.082258	0.254089	0.073754	0.092623	0.467362
	0.000000	0.000000	0.000000	0.000000	1.000000	0.076258	0.271645	0.070078	0.092010	0.468167
	0.000000	0.000000	0.000000	0.000000	1.000000	0.079576	0.274753	0.070471	0.091057	0.478098
	0.000000	0.000000	0.000000	0.000000	1.000000	0.087239	0.251266	0.077026	0.098116	0.473235
	0.000000	0.000000	0.000000	0.000000	1.000000	0.072990	0.288998	0.064210	0.085650	0.487027
	0.000000	0.000000	0.000000	0.000000	1.000000	0.080842	0.264459	0.073680	0.092643	0.473696
	0.000000	0.000000	0.000000	0.000000	1.000000	0.076564	0.269580	0.067723	0.090903	0.480979
	0.000000	0.000000	0.000000	0.000000	1.000000	0.077088	0.266312	0.067492	0.090492	0.480739
	0.000000	0.000000	0.000000	0.000000	1.000000	0.076206	0.259266	0.067494	0.081951	0.477325
	0.000000	0.000000	0.000000	0.000000	1.000000	0.070423	0.295415	0.064176	0.086980	0.477221
	0.000000	0.000000	0.000000	0.000000	1.000000	0.084006	0.230492	0.075709	0.091645	0.464683
	0.000000	0.000000	0.000000	0.000000	1.000000	0.087572	0.218467	0.077734	0.103448	0.458448
	0.000000	0.000000	0.000000	0.000000	1.000000	0.079481	0.267939	0.071104	0.092415	0.474824
	0.000000	0.000000	0.000000	0.000000	1.000000	0.077584	0.252777	0.064646	0.087193	0.485340
	0.000000	0.000000	0.000000	0.000000	1.000000	0.068810	0.279153	0.059124	0.078630	0.493944
	0.000000	0.000000	0.000000	0.000000	1.000000	0.073536	0.283611	0.065747	0.087736	0.479720
	0.000000	0.000000	0.000000	0.000000	1.000000	0.086450	0.253367	0.080243	0.100507	0.459663
	0.000000	0.000000	0.000000	0.000000	1.000000	0.078199	0.287034	0.074886	0.093333	0.470734
	0.000000	0.000000	0.000000	0.000000	1.000000	0.075945	0.263323	0.066587	0.087313	0.481798
	0.000000	0.000000	0.000000	0.000000	1.000000	0.067583	0.270964	0.056527	0.079716	0.495033
	0.000000	0.000000	0.000000	0.000000	1.000000	0.074784	0.266818	0.060300	0.084015	0.480124
	0.000000	0.000000	0.000000	0.000000	1.000000	0.075009	0.262045	0.063238	0.086321	0.488779
	0.000000	0.000000	0.000000	0.000000	1.000000	0.072345	0.297494	0.067408	0.089161	0.471373
	0.000000	0.000000	0.000000	0.000000	1.000000	0.075717	0.293455	0.070109	0.093735	0.470853
	0.000000	0.000000	0.000000	0.000000	1.000000	0.073380	0.268186	0.062555	0.083809	0.486109
	0.000000	0.000000	0.000000	0.000000	1.000000	0.074824	0.274799	0.068081	0.086835	0.483733
	0.000000	0.000000	0.000000	0.000000	1.000000	0.076288	0.284735	0.066125	0.089946	0.482498
	0.000000	0.000000	0.000000	0.000000	1.000000	0.078283	0.268736	0.073224	0.092875	0.467421
	0.000000	0.000000	0.000000	0.000000	1.000000	0.072423	0.282752	0.066048	0.087018	0.479333
	0.000000	0.000000	0.000000	0.000000	1.000000	0.080325	0.246688	0.071602	0.094245	0.463490
	0.000000	0.000000	0.000000	0.000000	1.000000	0.080356	0.290054	0.075887	0.097688	0.464706
	0.000000	0.000000	0.000000	0.000000	1.000000	0.069878	0.294525	0.064890	0.086095	0.479003
	0.000000	0.000000	0.000000	0.000000	1.000000	0.071457	0.288968	0.065016	0.086843	0.477413
	0.000000	0.000000	0.000000	0.000000	1.000000	0.094483	0.238000	0.088518	0.104251	0.453932
	0.000000	0.000000	0.000000	0.000000	1.000000	0.090181	0.210826	0.082272	0.103145	0.440459
	0.000000	0.000000	0.000000	0.000000	1.000000	0.089254	0.215575	0.082747	0.102875	0.437179
	0.000000	0.000000	0.000000	0.000000	1.000000	0.080363	0.280517	0.074512	0.098656	0.465991
	0.000000	0.000000	0.000000	0.000000	1.000000	0.089899	0.203366	0.085866	0.107253	0.433742
	0.000000	0.000000	0.000000	0.000000	1.000000	0.087721	0.250462	0.085615	0.098513	0.473497
	0.000000	0.000000	0.000000	0.000000	1.000000	0.075527	0.275344	0.065347	0.088351	0.489117
	0.000000	0.000000	0.000000	0.000000	1.000000	0.087089	0.206139	0.081066	0.098966	0.437855
	0.000000	0.000000	0.000000	0.000000	1.000000	0.078941	0.261373	0.067928	0.090727	0.479213
	0.000000	0.000000	0.000000	0.000000	1.000000	0.084049	0.240743	0.075585	0.095542	0.465194
	0.000000	0.000000	0.000000	0.000000	1.000000	0.068622	0.297611	0.061831	0.084364	0.484055
	0.000000	0.000000	0.000000	0.000000	1.000000	0.081491	0.241612	0.071238	0.089257	0.476714
	0.000000	0.000000	0.000000	0.000000	1.000000	0.083337	0.237195	0.073382	0.090477	0.474118
	0.000000	0.000000	0.000000	0.000000	1.000000	0.088833	0.222920	0.083875	0.102996	0.434981
	1.000000	0.000000	0.000000	0.000000	0.000000	0.091518	0.227486	0.082183	0.100685	0.457753
	1.000000	0.000000	0.000000	0.000000	0.000000	0.089483	0.199173	0.080915	0.103967	0.445365
	1.000000	0.000000	0.000000	0.000000	0.000000	0.087074	0.236336	0.079893	0.098328	0.460348
	1.000000	0.000000	0.000000	0.000000	0.000000	0.089795	0.217265	0.080060	0.099326	0.454107
	1.000000	0.000000	0.000000	0.000000	0.000000	0.092362	0.215839	0.083082	0.103745	0.450011
	1.000000	0.000000	0.000000	0.000000	0.000000	0.091999	0.221720	0.081260	0.098888	0.457193
	1.000000	0.000000	0.000000	0.000000	0.000000	0.095668	0.215550	0.087996	0.104859	0.449920
	1.000000	0.000000	0.000000	0.000000	0.000000	0.097042	0.206890	0.090008	0.106041	0.443469
	1.000000	0.000000	0.000000	0.000000	0.000000	0.093312	0.214282	0.083974	0.101197	0.447619
	1.000000	0.000000	0.000000	0.000000	0.000000	0.084579	0.242828	0.073259	0.096021	0.468346
	1.000000	0.000000	0.000000	0.000000	0.000000	0.082496	0.275091	0.084112	0.103200	0.444668
	1.000000	0.000000	0.000000	0.000000	0.000000	0.089345	0.222787	0.080504	0.098573	0.463584
	1.000000	0.000000	0.000000	0.000000	0.000000	0.088030	0.217377	0.077659	0.093530	0.460734
	1.000000	0.000000	0.000000	0.000000	0.000000	0.091711	0.238275	0.088770	0.102189	0.447803
	1.000000	0.000000	0.000000	0.000000	0.000000	0.093162	0.197653	0.087603	0.108562	0.440496
	1.000000	0.000000	0.000000	0.000000	0.000000	0.105006	0.171327	0.098448	0.117680	0.425058
	0.000000	1.000000	0.000000	0.000000	0.000000	0.079533	0.332987	0.089967	0.106134	0.442240
	0.000000	1.000000	0.000000	0.000000	0.000000	0.065161	0.330670	0.062354	0.082789	0.475717
	0.000000	1.000000	0.000000	0.000000	0.000000	0.082498	0.305485	0.095330	0.108090	0.434263
	0.000000	1.000000	0.000000	0.000000	0.000000	0.072832	0.340409	0.084364	0.097973	0.449436
	0.000000	1.000000	0.000000	0.000000	0.000000	0.063809	0.329838	0.062555	0.083137	0.469745
	0.000000	1.000000	0.000000	0.000000	0.000000	0.077206	0.312216	0.084796	0.099409	0.452117
	0.000000	1.000000	0.000000	0.000000	0.000000	0.069380	0.311632	0.069377	0.089713	0.469426
	0.000000	1.000000	0.000000	0.000000	0.000000	0.063301	0.289902	0.060905	0.083112	0.474753
	0.000000	1.000000	0.000000	0.000000	0.000000	0.075969	0.324732	0.076806	0.095819	0.457532
	0.000000	1.000000	0.000000	0.000000	0.000000	0.067995	0.351322	0.068458	0.091088	0.462095
	0.000000	1.000000	0.000000	0.000000	0.000000	0.076742	0.352952	0.087380	0.102936	0.448923
	0.000000	1.000000	0.000000	0.000000	0.000000	0.070105	0.324990	0.066916	0.086775	0.470690
	0.000000	1.000000	0.000000	0.000000	0.000000	0.070811	0.336416	0.071044	0.091907	0.462344
	0.000000	1.000000	0.000000	0.000000	0.000000	0.072984	0.324567	0.071773	0.093938	0.461735
	0.000000	1.000000	0.000000	0.000000	0.000000	0.076452	0.281911	0.076660	0.092306	0.445753
	0.000000	1.000000	0.000000	0.000000	0.000000	0.084412	0.243716	0.091592	0.110661	0.424556
	0.000000	1.000000	0.000000	0.000000	0.000000	0.075517	0.342977	0.079115	0.099622	0.455446
	0.000000	1.000000	0.000000	0.000000	0.000000	0.060699	0.298775	0.063848	0.081237	0.459935
	0.000000	1.000000	0.000000	0.000000	0.000000	0.072799	0.348168	0.082899	0.097003	0.451153
	0.000000	1.000000	0.000000	0.000000	0.000000	0.078160	0.303929	0.078622	0.099048	0.455348
	0.000000	1.000000	0.000000	0.000000	0.000000	0.069169	0.347607	0.071316	0.091263	0.461305
	0.000000	1.000000	0.000000	0.000000	0.000000	0.071582	0.333882	0.071959	0.094660	0.462406
	0.000000	1.000000	0.000000	0.000000	0.000000	0.062727	0.293332	0.066237	0.080129	0.459583
	0.000000	1.000000	0.000000	0.000000	0.000000	0.077868	0.316793	0.081269	0.097465	0.454989
	0.000000	1.000000	0.000000	0.000000	0.000000	0.074811	0.349794	0.083586	0.098242	0.449663
	0.000000	1.000000	0.000000	0.000000	0.000000	0.071348	0.332967	0.071730	0.091137	0.471884
	0.000000	1.000000	0.000000	0.000000	0.000000	0.058275	0.302140	0.059735	0.078870	0.465275
	0.000000	1.000000	0.000000	0.000000	0.000000	0.077092	0.323618	0.080844	0.097205	0.458410
	0.000000	1.000000	0.000000	0.000000	0.000000	0.070248	0.345225	0.070072	0.091164	0.463607
	0.000000	1.000000	0.000000	0.000000	0.000000	0.075637	0.313537	0.078485	0.095621	0.460065
	0.000000	1.000000	0.000000	0.000000	0.000000	0.071944	0.312579	0.072786	0.094481	0.454244
	0.000000	1.000000	0.000000	0.000000	0.000000	0.076443	0.320487	0.081464	0.100239	0.452055
	0.000000	1.000000	0.000000	0.000000	0.000000	0.071418	0.336658	0.076203	0.095252	0.454175
	0.000000	1.000000	0.000000	0.000000	0.000000	0.070573	0.353486	0.073669	0.094099	0.451719
	0.000000	1.000000	0.000000	0.000000	0.000000	0.078524	0.278428	0.087318	0.101715	0.431570
	0.000000	0.000000	1.000000	0.000000	0.000000	0.095991	0.227887	0.107267	0.115559	0.409411
	0.000000	0.000000	1.000000	0.000000	0.000000	0.094789	0.212851	0.101414	0.117085	0.406246
	0.000000	0.000000	1.000000	0.000000	0.000000	0.102786	0.223035	0.118951	0.126144	0.401248
	0.000000	0.000000	1.000000	0.000000	0.000000	0.087109	0.263277	0.099882	0.109705	0.420581
	0.000000	0.000000	1.000000	0.000000	0.000000	0.090397	0.262102	0.108681	0.115140	0.412282
	0.000000	0.000000	1.000000	0.000000	0.000000	0.092405	0.241090	0.103595	0.114393	0.406463
	0.000000	0.000000	1.000000	0.000000	0.000000	0.095437	0.217294	0.101160	0.118302	0.410078
	0.000000	0.000000	1.000000	0.000000	0.000000	0.094363	0.248424	0.107735	0.125133	0.410616
	0.000000	0.000000	1.000000	0.000000	0.000000	0.094738	0.226997	0.106528	0.121368	0.409176
	0.000000	0.000000	1.000000	0.000000	0.000000	0.097628	0.232825	0.108159	0.121443	0.411471
	0.000000	0.000000	1.000000	0.000000	0.000000	0.095699	0.245857	0.108012	0.116160	0.417727
	0.000000	0.000000	1.000000	0.000000	0.000000	0.101845	0.211527	0.109265	0.123238	0.409328
	0.000000	0.000000	1.000000	0.000000	0.000000	0.099422	0.220763	0.114263	0.126039	0.395032
	0.000000	0.000000	1.000000	0.000000	0.000000	0.080571	0.269186	0.083896	0.100576	0.429538
	0.000000	0.000000	1.000000	0.000000	0.000000	0.099284	0.227815	0.111533	0.120752	0.406320
	0.000000	0.000000	1.000000	0.000000	0.000000	0.099496	0.220763	0.115252	0.125209	0.401153
	0.000000	0.000000	0.000000	1.000000	0.000000	0.092286	0.209918	0.090828	0.108793	0.419859
	0.000000	0.000000	0.000000	1.000000	0.000000	0.091968	0.214384	0.087173	0.106013	0.427940
	0.000000	0.000000	0.000000	1.000000	0.000000	0.078631	0.263628	0.078846	0.096414	0.445553
	0.000000	0.000000	0.000000	1.000000	0.000000	0.087120	0.252170	0.083726	0.103088	0.440143
	0.000000	0.000000	0.000000	1.000000	0.000000	0.096668	0.197098	0.090574	0.112982	0.427037
	0.000000	0.000000	0.000000	1.000000	0.000000	0.090682	0.212886	0.084261	0.104153	0.431646
	0.000000	0.000000	0.000000	1.000000	0.000000	0.097385	0.194984	0.096502	0.110673	0.431652
	0.000000	0.000000	0.000000	1.000000	0.000000	0.087747	0.234305	0.086487	0.106839	0.430465
	0.000000	0.000000	0.000000	1.000000	0.000000	0.089244	0.226398	0.090634	0.109233	0.434654
	0.000000	0.000000	0.000000	1.000000	0.000000	0.081896	0.246916	0.078313	0.098643	0.436870
	0.000000	0.000000	0.000000	1.000000	0.000000	0.093836	0.218491	0.094268	0.114049	0.422992
	0.000000	0.000000	0.000000	1.000000	0.000000	0.091398	0.218320	0.086641	0.107984	0.426246
	0.000000	0.000000	0.000000	1.000000	0.000000	0.089757	0.223043	0.089305	0.109142	0.435404
	0.000000	0.000000	0.000000	1.000000	0.000000	0.097645	0.207087	0.096265	0.120309	0.409373
	0.000000	0.000000	0.000000	1.000000	0.000000	0.099415	0.199221	0.098278	0.111369	0.414127
	0.000000	0.000000	0.000000	0.000000	1.000000	0.081894	0.264967	0.075325	0.093647	0.472625
	0.000000	0.000000	0.000000	0.000000	1.000000	0.081810	0.264107	0.077372	0.092672	0.469610
	0.000000	0.000000	0.000000	0.000000	1.000000	0.073062	0.274440	0.065375	0.083484	0.486273
	0.000000	0.000000	0.000000	0.000000	1.000000	0.077902	0.276213	0.067098	0.093349	0.475783
	0.000000	0.000000	0.000000	0.000000	1.000000	0.077599	0.275062	0.071933	0.092874	0.469313
	0.000000	0.000000	0.000000	0.000000	1.000000	0.082515	0.246114	0.071487	0.090318	0.478758
	0.000000	0.000000	0.000000	0.000000	1.000000	0.080158	0.259573	0.074218	0.093614	0.466227
	0.000000	0.000000	0.000000	0.000000	1.000000	0.075579	0.279657	0.068629	0.088569	0.482959
	0.000000	0.000000	0.000000	0.000000	1.000000	0.089801	0.231217	0.083316	0.099780	0.455145
	0.000000	0.000000	0.000000	0.000000	1.000000	0.095187	0.204142	0.083777	0.100318	0.457804
	0.000000	0.000000	0.000000	0.000000	1.000000	0.073607	0.280528	0.062080	0.088602	0.481820
	0.000000	0.000000	0.000000	0.000000	1.000000	0.083562	0.256383	0.075026	0.095453	0.473960
	0.000000	0.000000	0.000000	0.000000	1.000000	0.070167	0.281986	0.060963	0.084420	0.485209
	0.000000	0.000000	0.000000	0.000000	1.000000	0.076044	0.260491	0.063657	0.085609	0.488380
	0.000000	0.000000	0.000000	0.000000	1.000000	0.072025	0.286789	0.064593	0.084777	0.484730
	0.000000	0.000000	0.000000	0.000000	1.000000	0.081944	0.234852	0.069159	0.089463	0.474942
	0.000000	0.000000	0.000000	0.000000	1.000000	0.079536	0.264167	0.073105	0.092109	0.473954
	0.000000	0.000000	0.000000	0.000000	1.000000	0.074333	0.269303	0.066817	0.089380	0.470680
	0.000000	0.000000	0.000000	0.000000	1.000000	0.074871	0.267572	0.063503	0.087619	0.482711
	0.000000	0.000000	0.000000	0.000000	1.000000	0.078236	0.274350	0.071446	0.095476	0.466605
	0.000000	0.000000	0.000000	0.000000	1.000000	0.075135	0.274208	0.063830	0.089093	0.483254
	0.000000	0.000000	0.000000	0.000000	1.000000	0.072009	0.277672	0.060447	0.084862	0.488599
	0.000000	0.000000	0.000000	0.000000	1.000000	0.082406	0.244217	0.076226	0.090101	0.475354
	0.000000	0.000000	0.000000	0.000000	1.000000	0.080102	0.263909	0.073333	0.092412	0.473893
	0.000000	0.000000	0.000000	0.000000	1.000000	0.074251	0.274037	0.065098	0.085684	0.484951
	0.000000	0.000000	0.000000	0.000000	1.000000	0.074992	0.256029	0.065859	0.088173	0.480773
	0.000000	0.000000	0.000000	0.000000	1.000000	0.079062	0.262037	0.075047	0.087980	0.488417
	0.000000	0.000000	0.000000	0.000000	1.000000	0.084194	0.255791	0.076061	0.097260	0.464249
	0.000000	0.000000	0.000000	0.000000	1.000000	0.084216	0.237691	0.070999	0.092722	0.480878
	0.000000	0.000000	0.000000	0.000000	1.000000	0.076020	0.275056	0.064825	0.088521	0.484202
	0.000000	0.000000	0.000000	0.000000	1.000000	0.077889	0.263308	0.067106	0.088405	0.483096
	0.000000	0.000000	0.000000	0.000000	1.000000	0.070171	0.286877	0.064008	0.083783	0.480812
	0.000000	0.000000	0.000000	0.000000	1.000000	0.079109	0.284341	0.072176	0.087166	0.488486
	0.000000	0.000000	0.000000	0.000000	1.000000	0.066780	0.282182	0.054963	0.078878	0.497017
	0.000000	0.000000	0.000000	0.000000	1.000000	0.082712	0.252473	0.074373	0.093814	0.472574
	0.000000	0.000000	0.000000	0.000000	1.000000	0.068822	0.290266	0.064065	0.085310	0.477813
	0.000000	0.000000	0.000000	0.000000	1.000000	0.078411	0.276312	0.068978	0.091192	0.479711
	0.000000	0.000000	0.000000	0.000000	1.000000	0.070627	0.289418	0.065175	0.088168	0.478156
	0.000000	0.000000	0.000000	0.000000	1.000000	0.070273	0.285815	0.065106	0.086127	0.482730
	0.000000	0.000000	0.000000	0.000000	1.000000	0.074970	0.275826	0.070778	0.090070	0.472464
	0.000000	0.000000	0.000000	0.000000	1.000000	0.069064	0.293826	0.058020	0.080224	0.490214
	0.000000	0.000000	0.000000	0.000000	1.000000	0.075757	0.277414	0.067253	0.089862	0.475165
	0.000000	0.000000	0.000000	0.000000	1.000000	0.075338	0.256995	0.063327	0.085410	0.487353
	0.000000	0.000000	0.000000	0.000000	1.000000	0.079463	0.260246	0.069457	0.094015	0.470120
	0.000000	0.000000	0.000000	0.000000	1.000000	0.077419	0.267484	0.065703	0.088911	0.482801
	0.000000	0.000000	0.000000	0.000000	1.000000	0.074890	0.276651	0.064399	0.089098	0.482642
	0.000000	0.000000	0.000000	0.000000	1.000000	0.076085	0.252444	0.066366	0.083292	0.480569
	0.000000	0.000000	0.000000	0.000000	1.000000	0.074804	0.266273	0.066813	0.088163	0.475679
	0.000000	0.000000	0.000000	0.000000	1.000000	0.074683	0.279163	0.065555	0.083185	0.479031
	0.000000	0.000000	0.000000	0.000000	1.000000	0.077561	0.257646	0.067259	0.086934	0.481898
	0.000000	0.000000	0.000000	0.000000	1.000000	0.079911	0.247510	0.070402	0.088419	0.479522
	0.000000	0.000000	0.000000	0.000000	1.000000	0.069756	0.277007	0.059810	0.081291	0.492831
	0.000000	0.000000	0.000000	0.000000	1.000000	0.070654	0.305896	0.067092	0.087136	0.480412
	0.000000	0.000000	0.000000	0.000000	1.000000	0.068291	0.288165	0.059601	0.080736	0.489245
	0.000000	0.000000	0.000000	0.000000	1.000000	0.088288	0.211296	0.083415	0.100351	0.437427
	0.000000	0.000000	0.000000	0.000000	1.000000	0.076814	0.261115	0.068828	0.088508	0.474758
	0.000000	0.000000	0.000000	0.000000	1.000000	0.078856	0.277242	0.070148	0.093001	0.477604
	0.000000	0.000000	0.000000	0.000000	1.000000	0.078585	0.263154	0.071909	0.091820	0.475957
	0.000000	0.000000	0.000000	0.000000	1.000000	0.083709	0.239895	0.077408	0.093508	0.473510
	0.000000	0.000000	0.000000	0.000000	1.000000	0.080076	0.251196	0.070679	0.088128	0.480709
	0.000000	0.000000	0.000000	0.000000	1.000000	0.079168	0.262547	0.071314	0.091722	0.476870
