	1.000000	0.000000	0.000000	0.000000	0.000000	0.133032	0.114204	0.122802	0.164138	0.425141
	1.000000	0.000000	0.000000	0.000000	0.000000	0.141947	0.069286	0.121387	0.167313	0.457057
	1.000000	0.000000	0.000000	0.000000	0.000000	0.168737	-0.018033	0.163826	0.202115	0.392439
	1.000000	0.000000	0.000000	0.000000	0.000000	0.149644	0.054636	0.132602	0.176858	0.444647
	1.000000	0.000000	0.000000	0.000000	0.000000	0.135832	0.090468	0.110709	0.160003	0.468493
	1.000000	0.000000	0.000000	0.000000	0.000000	0.143867	0.061704	0.123964	0.168875	0.458255
	1.000000	0.000000	0.000000	0.000000	0.000000	0.137694	0.075325	0.116101	0.162226	0.467180
	1.000000	0.000000	0.000000	0.000000	0.000000	0.154531	0.023249	0.136369	0.180790	0.442796
	1.000000	0.000000	0.000000	0.000000	0.000000	0.131435	0.079996	0.104767	0.155440	0.475868
	1.000000	0.000000	0.000000	0.000000	0.000000	0.171101	-0.025429	0.162129	0.204655	0.406999
	1.000000	0.000000	0.000000	0.000000	0.000000	0.138103	0.082948	0.110474	0.162314	0.463402
	1.000000	0.000000	0.000000	0.000000	0.000000	0.165760	-0.015226	0.155074	0.199253	0.416853
	1.000000	0.000000	0.000000	0.000000	0.000000	0.142856	0.066889	0.122545	0.169832	0.448835
	1.000000	0.000000	0.000000	0.000000	0.000000	0.091618	0.283580	0.089452	0.126118	0.424423
	0.000000	1.000000	0.000000	0.000000	0.000000	0.029996	0.587151	0.040215	0.069103	0.407462
	0.000000	1.000000	0.000000	0.000000	0.000000	0.035660	0.577108	0.043217	0.074802	0.408553
	0.000000	1.000000	0.000000	0.000000	0.000000	0.038721	0.445551	0.038713	0.072335	0.433116
	0.000000	1.000000	0.000000	0.000000	0.000000	0.042141	0.537432	0.040580	0.077084	0.437122
	0.000000	1.000000	0.000000	0.000000	0.000000	0.035041	0.618244	0.045880	0.074281	0.403970
	0.000000	1.000000	0.000000	0.000000	0.000000	0.037398	0.551205	0.040385	0.074229	0.417840
	0.000000	1.000000	0.000000	0.000000	0.000000	0.034020	0.538840	0.028813	0.066269	0.453299
	0.000000	1.000000	0.000000	0.000000	0.000000	0.050099	0.506325	0.054633	0.088405	0.405436
	0.000000	1.000000	0.000000	0.000000	0.000000	0.034888	0.631356	0.056481	0.078490	0.365051
	0.000000	1.000000	0.000000	0.000000	0.000000	0.037689	0.576330	0.046902	0.076014	0.398431
	0.000000	1.000000	0.000000	0.000000	0.000000	0.063262	0.442206	0.073147	0.103342	0.399353
	0.000000	1.000000	0.000000	0.000000	0.000000	0.019212	0.645161	0.018258	0.051805	0.428702
	0.000000	1.000000	0.000000	0.000000	0.000000	0.060585	0.410559	0.056654	0.089325	0.431864
	0.000000	1.000000	0.000000	0.000000	0.000000	0.024763	0.614586	0.026365	0.060037	0.425287
	0.000000	1.000000	0.000000	0.000000	0.000000	0.028246	0.596435	0.027035	0.064588	0.435829
	0.000000	1.000000	0.000000	0.000000	0.000000	0.024265	0.651237	0.037021	0.063137	0.396013
	0.000000	1.000000	0.000000	0.000000	0.000000	0.038544	0.526575	0.033945	0.073164	0.444265
	0.000000	1.000000	0.000000	0.000000	0.000000	0.027718	0.563389	0.016822	0.059006	0.463047
	0.000000	1.000000	0.000000	0.000000	0.000000	0.059527	0.524410	0.089039	0.108094	0.339045
	0.000000	1.000000	0.000000	0.000000	0.000000	0.023323	0.581200	0.010750	0.053527	0.469439
	0.000000	1.000000	0.000000	0.000000	0.000000	0.040705	0.638758	0.074495	0.089264	0.335137
	0.000000	1.000000	0.000000	0.000000	0.000000	0.042121	0.511788	0.029748	0.071364	0.466828
	0.000000	1.000000	0.000000	0.000000	0.000000	0.044505	0.499043	0.035655	0.075959	0.463420
	0.000000	1.000000	0.000000	0.000000	0.000000	0.043308	0.561131	0.065357	0.087492	0.376158
	0.000000	1.000000	0.000000	0.000000	0.000000	0.016346	0.713395	0.022605	0.054225	0.410996
	0.000000	1.000000	0.000000	0.000000	0.000000	0.033462	0.519860	0.024074	0.061262	0.467237
	0.000000	1.000000	0.000000	0.000000	0.000000	0.038970	0.609637	0.067031	0.086417	0.354212
	0.000000	1.000000	0.000000	0.000000	0.000000	0.062989	0.417777	0.075582	0.104215	0.380779
	0.000000	1.000000	0.000000	0.000000	0.000000	0.075981	0.359883	0.076973	0.110973	0.412072
	0.000000	1.000000	0.000000	0.000000	0.000000	0.044937	0.524005	0.054911	0.084553	0.396770
	0.000000	1.000000	0.000000	0.000000	0.000000	0.041778	0.591183	0.068019	0.086920	0.359309
	0.000000	1.000000	0.000000	0.000000	0.000000	0.020977	0.611745	0.003930	0.049089	0.480963
	0.000000	1.000000	0.000000	0.000000	0.000000	0.017755	0.729862	0.036242	0.059940	0.369856
	0.000000	1.000000	0.000000	0.000000	0.000000	0.046502	0.556630	0.072933	0.094940	0.361716
	0.000000	1.000000	0.000000	0.000000	0.000000	0.117010	0.172594	0.135573	0.163484	0.359382
	0.000000	1.000000	0.000000	0.000000	0.000000	0.044847	0.501214	0.037363	0.078133	0.452032
	0.000000	1.000000	0.000000	0.000000	0.000000	0.045649	0.550035	0.053118	0.082152	0.396184
	0.000000	1.000000	0.000000	0.000000	0.000000	0.028868	0.642251	0.045523	0.071584	0.377516
	0.000000	1.000000	0.000000	0.000000	0.000000	0.014807	0.684898	0.013096	0.048934	0.423950
	0.000000	0.000000	1.000000	0.000000	0.000000	0.135794	0.203536	0.205091	0.198377	0.234737
	0.000000	0.000000	1.000000	0.000000	0.000000	0.131091	0.221556	0.207658	0.201885	0.218908
	0.000000	0.000000	1.000000	0.000000	0.000000	0.150482	0.146157	0.222803	0.218550	0.220223
	0.000000	0.000000	1.000000	0.000000	0.000000	0.132316	0.185529	0.187614	0.192018	0.259937
	0.000000	0.000000	1.000000	0.000000	0.000000	0.153240	0.149112	0.232803	0.223433	0.212595
	0.000000	0.000000	1.000000	0.000000	0.000000	0.132356	0.170393	0.181251	0.189463	0.283255
	0.000000	0.000000	1.000000	0.000000	0.000000	0.155019	0.128501	0.218914	0.219052	0.239491
	0.000000	0.000000	1.000000	0.000000	0.000000	0.164330	0.077079	0.221091	0.226085	0.259241
	0.000000	0.000000	1.000000	0.000000	0.000000	0.150494	0.139612	0.217270	0.212878	0.231167
	0.000000	0.000000	1.000000	0.000000	0.000000	0.142377	0.145153	0.194797	0.201709	0.270250
	0.000000	0.000000	1.000000	0.000000	0.000000	0.136333	0.178640	0.193146	0.198279	0.248506
	0.000000	0.000000	1.000000	0.000000	0.000000	0.156618	0.129622	0.231819	0.227025	0.214548
	0.000000	0.000000	1.000000	0.000000	0.000000	0.162454	0.080829	0.219926	0.224783	0.265390
	0.000000	0.000000	0.000000	1.000000	0.000000	0.113855	0.179890	0.123290	0.156521	0.380957
	0.000000	0.000000	0.000000	1.000000	0.000000	0.143642	0.062194	0.152232	0.185236	0.381497
	0.000000	0.000000	0.000000	1.000000	0.000000	0.104116	0.252016	0.100309	0.139843	0.415667
	0.000000	0.000000	0.000000	1.000000	0.000000	0.101219	0.245765	0.097918	0.135300	0.408732
	0.000000	0.000000	0.000000	1.000000	0.000000	0.148249	0.067310	0.157378	0.187313	0.362688
	0.000000	0.000000	0.000000	1.000000	0.000000	0.160730	0.020632	0.165252	0.198320	0.390932
	0.000000	0.000000	0.000000	1.000000	0.000000	0.152711	0.062615	0.170972	0.200800	0.341576
	0.000000	0.000000	0.000000	1.000000	0.000000	0.087844	0.301350	0.082130	0.121232	0.419204
	0.000000	0.000000	0.000000	1.000000	0.000000	0.157163	0.050830	0.169900	0.198000	0.356924
	0.000000	0.000000	0.000000	1.000000	0.000000	0.136035	0.083348	0.128746	0.164383	0.414557
	0.000000	0.000000	0.000000	1.000000	0.000000	0.138359	0.119376	0.154542	0.184223	0.332736
	0.000000	0.000000	0.000000	1.000000	0.000000	0.126485	0.136824	0.140180	0.172063	0.344151
	0.000000	0.000000	0.000000	1.000000	0.000000	0.120816	0.146753	0.126990	0.162651	0.378978
	0.000000	0.000000	0.000000	1.000000	0.000000	0.143486	0.110295	0.168932	0.192641	0.326764
	0.000000	0.000000	0.000000	1.000000	0.000000	0.115369	0.191163	0.125595	0.157765	0.364363
	0.000000	0.000000	0.000000	1.000000	0.000000	0.127674	0.146339	0.142499	0.173366	0.346984
	0.000000	0.000000	0.000000	0.000000	1.000000	0.079283	0.268663	0.044686	0.097638	0.534529
	0.000000	0.000000	0.000000	0.000000	1.000000	0.085318	0.245483	0.051476	0.105705	0.525756
	0.000000	0.000000	0.000000	0.000000	1.000000	0.092038	0.232584	0.068156	0.114876	0.496964
	0.000000	0.000000	0.000000	0.000000	1.000000	0.116793	0.113298	0.077495	0.133431	0.520021
	0.000000	0.000000	0.000000	0.000000	1.000000	0.095743	0.212073	0.060445	0.115318	0.509241
	0.000000	0.000000	0.000000	0.000000	1.000000	0.069877	0.303745	0.039808	0.092188	0.523033
	0.000000	0.000000	0.000000	0.000000	1.000000	0.072598	0.268437	0.028564	0.087372	0.573186
	0.000000	0.000000	0.000000	0.000000	1.000000	0.090688	0.198406	0.045773	0.103838	0.552579
	0.000000	0.000000	0.000000	0.000000	1.000000	0.059438	0.288080	0.005781	0.070560	0.608378
	0.000000	0.000000	0.000000	0.000000	1.000000	0.048542	0.367060	0.007578	0.065524	0.566571
	0.000000	0.000000	0.000000	0.000000	1.000000	0.059065	0.330980	0.021677	0.077674	0.548920
	0.000000	0.000000	0.000000	0.000000	1.000000	0.052649	0.336704	0.006694	0.066736	0.587832
	0.000000	0.000000	0.000000	0.000000	1.000000	0.053278	0.362188	0.007982	0.070413	0.579432
	0.000000	0.000000	0.000000	0.000000	1.000000	0.061364	0.305659	0.015139	0.075563	0.585004
	0.000000	0.000000	0.000000	0.000000	1.000000	0.067232	0.309505	0.028092	0.087732	0.547074
	0.000000	0.000000	0.000000	0.000000	1.000000	0.074116	0.289105	0.036895	0.094835	0.528354
	0.000000	0.000000	0.000000	0.000000	1.000000	0.057914	0.355584	0.021937	0.078318	0.545415
	0.000000	0.000000	0.000000	0.000000	1.000000	0.091965	0.231711	0.061798	0.113332	0.500682
	0.000000	0.000000	0.000000	0.000000	1.000000	0.091380	0.231812	0.060886	0.112035	0.502277
	0.000000	0.000000	0.000000	0.000000	1.000000	0.072330	0.298469	0.044084	0.096423	0.510651
	0.000000	0.000000	0.000000	0.000000	1.000000	0.070711	0.305019	0.030276	0.087782	0.556326
	0.000000	0.000000	0.000000	0.000000	1.000000	0.095294	0.217352	0.056838	0.113749	0.536315
	0.000000	0.000000	0.000000	0.000000	1.000000	0.051636	0.363849	0.006658	0.066551	0.583750
	0.000000	0.000000	0.000000	0.000000	1.000000	0.080562	0.263721	0.043661	0.098827	0.537950
	0.000000	0.000000	0.000000	0.000000	1.000000	0.071588	0.278794	0.031132	0.090590	0.560896
	0.000000	0.000000	0.000000	0.000000	1.000000	0.074519	0.265112	0.033038	0.092641	0.559549
	0.000000	0.000000	0.000000	0.000000	1.000000	0.076628	0.241262	0.029215	0.086351	0.571262
	0.000000	0.000000	0.000000	0.000000	1.000000	0.050242	0.390184	0.019290	0.072702	0.530250
	0.000000	0.000000	0.000000	0.000000	1.000000	0.107333	0.145597	0.071219	0.124225	0.522169
	0.000000	0.000000	0.000000	0.000000	1.000000	0.127332	0.073337	0.095314	0.152367	0.506041
	0.000000	0.000000	0.000000	0.000000	1.000000	0.078368	0.271088	0.041995	0.097988	0.538207
	0.000000	0.000000	0.000000	0.000000	1.000000	0.082068	0.216009	0.031241	0.095180	0.581613
	0.000000	0.000000	0.000000	0.000000	1.000000	0.052177	0.321308	0.000404	0.062832	0.608619
	0.000000	0.000000	0.000000	0.000000	1.000000	0.056979	0.349639	0.018832	0.075719	0.553513
	0.000000	0.000000	0.000000	0.000000	1.000000	0.101771	0.212486	0.078672	0.127873	0.480170
	0.000000	0.000000	0.000000	0.000000	1.000000	0.064335	0.361861	0.039549	0.087957	0.509790
	0.000000	0.000000	0.000000	0.000000	1.000000	0.073870	0.257323	0.029982	0.089309	0.567386
	0.000000	0.000000	0.000000	0.000000	1.000000	0.056180	0.289842	0.004131	0.069081	0.609462
	0.000000	0.000000	0.000000	0.000000	1.000000	0.062407	0.297622	0.010254	0.074652	0.581715
	0.000000	0.000000	0.000000	0.000000	1.000000	0.072481	0.249337	0.022165	0.086451	0.590861
	0.000000	0.000000	0.000000	0.000000	1.000000	0.052125	0.404786	0.027611	0.076912	0.503969
	0.000000	0.000000	0.000000	0.000000	1.000000	0.061295	0.373961	0.037446	0.087992	0.499902
	0.000000	0.000000	0.000000	0.000000	1.000000	0.067433	0.271971	0.018937	0.080686	0.584499
	0.000000	0.000000	0.000000	0.000000	1.000000	0.064487	0.304028	0.022482	0.080300	0.573056
	0.000000	0.000000	0.000000	0.000000	1.000000	0.059452	0.346546	0.017175	0.077191	0.564402
	0.000000	0.000000	0.000000	0.000000	1.000000	0.077863	0.281445	0.051324	0.101427	0.507890
	0.000000	0.000000	0.000000	0.000000	1.000000	0.056842	0.345593	0.021080	0.076362	0.551621
	0.000000	0.000000	0.000000	0.000000	1.000000	0.095458	0.197282	0.065398	0.119139	0.500321
	0.000000	0.000000	0.000000	0.000000	1.000000	0.066813	0.371325	0.045761	0.094245	0.489025
	0.000000	0.000000	0.000000	0.000000	1.000000	0.052786	0.369116	0.020913	0.074227	0.537813
	0.000000	0.000000	0.000000	0.000000	1.000000	0.056947	0.355241	0.024818	0.078428	0.531135
	0.000000	0.000000	0.000000	0.000000	1.000000	0.121333	0.164064	0.102447	0.146480	0.459489
	0.000000	0.000000	0.000000	0.000000	1.000000	0.133727	0.084759	0.121971	0.165262	0.425171
	0.000000	0.000000	0.000000	0.000000	1.000000	0.132028	0.090529	0.121182	0.163310	0.423635
	0.000000	0.000000	0.000000	0.000000	1.000000	0.074738	0.323992	0.052693	0.103655	0.495366
	0.000000	0.000000	0.000000	0.000000	1.000000	0.141075	0.054344	0.137990	0.177906	0.408662
	0.000000	0.000000	0.000000	0.000000	1.000000	0.100906	0.198776	0.070545	0.120424	0.528570
	0.000000	0.000000	0.000000	0.000000	1.000000	0.060365	0.320194	0.013941	0.076269	0.588693
	0.000000	0.000000	0.000000	0.000000	1.000000	0.133107	0.068541	0.121012	0.162307	0.431235
	0.000000	0.000000	0.000000	0.000000	1.000000	0.074567	0.266511	0.029751	0.091077	0.565893
	0.000000	0.000000	0.000000	0.000000	1.000000	0.102251	0.176906	0.069954	0.123388	0.509932
	0.000000	0.000000	0.000000	0.000000	1.000000	0.045176	0.392710	0.006730	0.063963	0.566894
	0.000000	0.000000	0.000000	0.000000	1.000000	0.092903	0.187474	0.048424	0.106663	0.558483
	0.000000	0.000000	0.000000	0.000000	1.000000	0.100037	0.165098	0.056174	0.113515	0.552367
	0.000000	0.000000	0.000000	0.000000	1.000000	0.126683	0.123700	0.123008	0.160995	0.401253
	1.000000	0.000000	0.000000	0.000000	0.000000	0.125605	0.119050	0.098355	0.148667	0.481243
	1.000000	0.000000	0.000000	0.000000	0.000000	0.143490	0.031807	0.126628	0.174286	0.446180
	1.000000	0.000000	0.000000	0.000000	0.000000	0.113902	0.145839	0.085162	0.136398	0.494357
	1.000000	0.000000	0.000000	0.000000	0.000000	0.129868	0.088172	0.102687	0.152918	0.476872
	1.000000	0.000000	0.000000	0.000000	0.000000	0.137802	0.076452	0.118046	0.165692	0.452393
	1.000000	0.000000	0.000000	0.000000	0.000000	0.129928	0.097932	0.098278	0.149754	0.487441
	1.000000	0.000000	0.000000	0.000000	0.000000	0.140665	0.077510	0.120146	0.166096	0.458262
	1.000000	0.000000	0.000000	0.000000	0.000000	0.147385	0.055870	0.130498	0.174482	0.443090
	1.000000	0.000000	0.000000	0.000000	0.000000	0.135975	0.083685	0.112794	0.159853	0.456254
	1.000000	0.000000	0.000000	0.000000	0.000000	0.101807	0.180099	0.064415	0.122196	0.519824
	1.000000	0.000000	0.000000	0.000000	0.000000	0.088756	0.309339	0.095365	0.128657	0.395865
	1.000000	0.000000	0.000000	0.000000	0.000000	0.125293	0.099863	0.093417	0.145784	0.503347
	1.000000	0.000000	0.000000	0.000000	0.000000	0.125585	0.087997	0.090941	0.142234	0.498199
	1.000000	0.000000	0.000000	0.000000	0.000000	0.120749	0.159788	0.107984	0.147265	0.444755
	1.000000	0.000000	0.000000	0.000000	0.000000	0.150236	0.025793	0.141370	0.184178	0.425985
	1.000000	0.000000	0.000000	0.000000	0.000000	0.176025	-0.027597	0.178010	0.214951	0.387952
	0.000000	1.000000	0.000000	0.000000	0.000000	0.046653	0.587773	0.076630	0.095674	0.343219
	0.000000	1.000000	0.000000	0.000000	0.000000	0.023092	0.552691	0.001281	0.047465	0.502022
	0.000000	1.000000	0.000000	0.000000	0.000000	0.073535	0.459126	0.117087	0.127293	0.308306
	0.000000	1.000000	0.000000	0.000000	0.000000	0.040252	0.582007	0.064413	0.084419	0.362843
	0.000000	1.000000	0.000000	0.000000	0.000000	0.022413	0.557571	0.005947	0.049631	0.482413
	0.000000	1.000000	0.000000	0.000000	0.000000	0.055050	0.482470	0.067365	0.094495	0.398624
	0.000000	1.000000	0.000000	0.000000	0.000000	0.042868	0.462301	0.029052	0.072764	0.479349
	0.000000	1.000000	0.000000	0.000000	0.000000	0.043432	0.390853	0.021058	0.070251	0.510347
	0.000000	1.000000	0.000000	0.000000	0.000000	0.038582	0.555943	0.035660	0.072233	0.433464
	0.000000	1.000000	0.000000	0.000000	0.000000	0.017953	0.651299	0.015318	0.052454	0.434029
	0.000000	1.000000	0.000000	0.000000	0.000000	0.031331	0.662303	0.056333	0.076825	0.361644
	0.000000	1.000000	0.000000	0.000000	0.000000	0.029892	0.543188	0.010424	0.055123	0.489584
	0.000000	1.000000	0.000000	0.000000	0.000000	0.027436	0.595358	0.021704	0.060270	0.445759
	0.000000	1.000000	0.000000	0.000000	0.000000	0.035277	0.547679	0.026630	0.067908	0.452166
	0.000000	1.000000	0.000000	0.000000	0.000000	0.070673	0.378810	0.075874	0.106701	0.385736
	0.000000	1.000000	0.000000	0.000000	0.000000	0.114650	0.205391	0.148911	0.168813	0.317294
	0.000000	1.000000	0.000000	0.000000	0.000000	0.031072	0.624614	0.037836	0.070385	0.408413
	0.000000	1.000000	0.000000	0.000000	0.000000	0.034239	0.479826	0.036303	0.068821	0.428985
	0.000000	1.000000	0.000000	0.000000	0.000000	0.028120	0.651852	0.049145	0.070605	0.372436
	0.000000	1.000000	0.000000	0.000000	0.000000	0.058062	0.453014	0.058472	0.094990	0.419875
	0.000000	1.000000	0.000000	0.000000	0.000000	0.022149	0.635570	0.022579	0.056982	0.426205
	0.000000	1.000000	0.000000	0.000000	0.000000	0.030809	0.578896	0.026440	0.065757	0.444192
	0.000000	1.000000	0.000000	0.000000	0.000000	0.039632	0.459760	0.041328	0.071923	0.428013
	0.000000	1.000000	0.000000	0.000000	0.000000	0.049716	0.503196	0.050348	0.084383	0.430196
	0.000000	1.000000	0.000000	0.000000	0.000000	0.028230	0.655365	0.043987	0.068531	0.383478
	0.000000	1.000000	0.000000	0.000000	0.000000	0.031517	0.558017	0.019533	0.060777	0.477799
	0.000000	1.000000	0.000000	0.000000	0.000000	0.028953	0.484495	0.023497	0.060783	0.456280
	0.000000	1.000000	0.000000	0.000000	0.000000	0.042705	0.544878	0.044276	0.077507	0.425942
	0.000000	1.000000	0.000000	0.000000	0.000000	0.021632	0.633210	0.016290	0.054148	0.444000
	0.000000	1.000000	0.000000	0.000000	0.000000	0.048151	0.492228	0.046961	0.082205	0.435080
	0.000000	1.000000	0.000000	0.000000	0.000000	0.047975	0.486762	0.051128	0.086331	0.409183
	0.000000	1.000000	0.000000	0.000000	0.000000	0.050529	0.511198	0.061526	0.091610	0.392792
	0.000000	1.000000	0.000000	0.000000	0.000000	0.032353	0.595718	0.042619	0.071978	0.397354
	0.000000	1.000000	0.000000	0.000000	0.000000	0.020762	0.673074	0.030061	0.059758	0.390490
	0.000000	1.000000	0.000000	0.000000	0.000000	0.084081	0.354750	0.119860	0.134392	0.314856
	0.000000	0.000000	1.000000	0.000000	0.000000	0.146329	0.133782	0.201690	0.203844	0.265627
	0.000000	0.000000	1.000000	0.000000	0.000000	0.153783	0.091873	0.208040	0.216329	0.256520
	0.000000	0.000000	1.000000	0.000000	0.000000	0.156444	0.129143	0.229832	0.224243	0.228478
	0.000000	0.000000	1.000000	0.000000	0.000000	0.115678	0.253904	0.167847	0.171648	0.274357
	0.000000	0.000000	1.000000	0.000000	0.000000	0.124090	0.245244	0.192018	0.186418	0.244773
	0.000000	0.000000	1.000000	0.000000	0.000000	0.135107	0.186853	0.195171	0.196149	0.244757
	0.000000	0.000000	1.000000	0.000000	0.000000	0.149034	0.104525	0.192861	0.207766	0.281940
	0.000000	0.000000	1.000000	0.000000	0.000000	0.135514	0.213881	0.208987	0.209850	0.226064
	0.000000	0.000000	1.000000	0.000000	0.000000	0.148289	0.126829	0.211883	0.215628	0.247897
	0.000000	0.000000	1.000000	0.000000	0.000000	0.145933	0.140558	0.197379	0.205833	0.271374
	0.000000	0.000000	1.000000	0.000000	0.000000	0.134440	0.194341	0.185954	0.190227	0.279101
	0.000000	0.000000	1.000000	0.000000	0.000000	0.162951	0.070066	0.209997	0.221756	0.281927
	0.000000	0.000000	1.000000	0.000000	0.000000	0.154910	0.127818	0.232380	0.227363	0.212851
	0.000000	0.000000	1.000000	0.000000	0.000000	0.094263	0.294648	0.117514	0.139070	0.331542
	0.000000	0.000000	1.000000	0.000000	0.000000	0.151305	0.134200	0.214360	0.214014	0.247766
	0.000000	0.000000	1.000000	0.000000	0.000000	0.157179	0.110551	0.228197	0.225071	0.238044
	0.000000	0.000000	0.000000	1.000000	0.000000	0.144749	0.086308	0.165655	0.191358	0.326815
	0.000000	0.000000	0.000000	1.000000	0.000000	0.141129	0.088272	0.146844	0.180036	0.370136
	0.000000	0.000000	0.000000	1.000000	0.000000	0.091561	0.264025	0.094107	0.127947	0.399485
	0.000000	0.000000	0.000000	1.000000	0.000000	0.110538	0.221681	0.115302	0.149166	0.373832
	0.000000	0.000000	0.000000	1.000000	0.000000	0.161568	0.019160	0.168875	0.204957	0.370532
	0.000000	0.000000	0.000000	1.000000	0.000000	0.137003	0.092085	0.136840	0.173929	0.384247
	0.000000	0.000000	0.000000	1.000000	0.000000	0.158800	0.018471	0.161353	0.194880	0.398923
	0.000000	0.000000	0.000000	1.000000	0.000000	0.128591	0.142359	0.143302	0.173395	0.349173
	0.000000	0.000000	0.000000	1.000000	0.000000	0.133664	0.116486	0.149098	0.178939	0.359921
	0.000000	0.000000	0.000000	1.000000	0.000000	0.111421	0.184616	0.113454	0.148933	0.383282
	0.000000	0.000000	0.000000	1.000000	0.000000	0.148176	0.082997	0.170974	0.198029	0.332471
	0.000000	0.000000	0.000000	1.000000	0.000000	0.140882	0.098483	0.153673	0.185455	0.344779
	0.000000	0.000000	0.000000	1.000000	0.000000	0.134916	0.110053	0.147260	0.179580	0.363687
	0.000000	0.000000	0.000000	1.000000	0.000000	0.160475	0.061262	0.196269	0.219308	0.287131
	0.000000	0.000000	0.000000	1.000000	0.000000	0.159737	0.050751	0.182152	0.203985	0.324048
	0.000000	0.000000	0.000000	0.000000	1.000000	0.082441	0.263297	0.047549	0.101320	0.533765
	0.000000	0.000000	0.000000	0.000000	1.000000	0.085888	0.251227	0.054479	0.104613	0.524697
	0.000000	0.000000	0.000000	0.000000	1.000000	0.062391	0.299384	0.016759	0.075442	0.582439
	0.000000	0.000000	0.000000	0.000000	1.000000	0.069134	0.312759	0.032009	0.090807	0.537822
	0.000000	0.000000	0.000000	0.000000	1.000000	0.072911	0.306606	0.046018	0.096929	0.507083
	0.000000	0.000000	0.000000	0.000000	1.000000	0.091246	0.195882	0.042785	0.103576	0.572048
	0.000000	0.000000	0.000000	0.000000	1.000000	0.088775	0.237116	0.061390	0.111789	0.500391
	0.000000	0.000000	0.000000	0.000000	1.000000	0.062521	0.325347	0.022302	0.079671	0.563742
	0.000000	0.000000	0.000000	0.000000	1.000000	0.117317	0.146183	0.093285	0.140442	0.478408
	0.000000	0.000000	0.000000	0.000000	1.000000	0.143489	0.049115	0.112712	0.163269	0.487066
	0.000000	0.000000	0.000000	0.000000	1.000000	0.058972	0.337010	0.017843	0.078695	0.555058
	0.000000	0.000000	0.000000	0.000000	1.000000	0.092261	0.213811	0.052609	0.110432	0.550677
	0.000000	0.000000	0.000000	0.000000	1.000000	0.053258	0.339899	0.010519	0.070566	0.574873
	0.000000	0.000000	0.000000	0.000000	1.000000	0.073964	0.244174	0.021239	0.085709	0.594444
	0.000000	0.000000	0.000000	0.000000	1.000000	0.055249	0.345473	0.013637	0.071162	0.569267
	0.000000	0.000000	0.000000	0.000000	1.000000	0.103312	0.151380	0.059599	0.118673	0.540611
	0.000000	0.000000	0.000000	0.000000	1.000000	0.081826	0.255285	0.047713	0.101564	0.533401
	0.000000	0.000000	0.000000	0.000000	1.000000	0.070880	0.293958	0.041592	0.094631	0.512373
	0.000000	0.000000	0.000000	0.000000	1.000000	0.067338	0.288856	0.024213	0.084924	0.565302
	0.000000	0.000000	0.000000	0.000000	1.000000	0.077850	0.298588	0.055484	0.106225	0.485336
	0.000000	0.000000	0.000000	0.000000	1.000000	0.065117	0.308215	0.022603	0.083654	0.558983
	0.000000	0.000000	0.000000	0.000000	1.000000	0.056252	0.324920	0.008377	0.071319	0.587344
	0.000000	0.000000	0.000000	0.000000	1.000000	0.093424	0.191208	0.051552	0.106601	0.557097
	0.000000	0.000000	0.000000	0.000000	1.000000	0.081580	0.258631	0.046992	0.100995	0.532767
	0.000000	0.000000	0.000000	0.000000	1.000000	0.060542	0.315675	0.015648	0.075259	0.578175
	0.000000	0.000000	0.000000	0.000000	1.000000	0.078957	0.228982	0.038042	0.097056	0.557528
	0.000000	0.000000	0.000000	0.000000	1.000000	0.077922	0.240198	0.031504	0.088990	0.593237
	0.000000	0.000000	0.000000	0.000000	1.000000	0.097226	0.223442	0.071978	0.122335	0.485383
	0.000000	0.000000	0.000000	0.000000	1.000000	0.099309	0.165262	0.050493	0.113133	0.570793
	0.000000	0.000000	0.000000	0.000000	1.000000	0.064351	0.308920	0.018733	0.080451	0.573602
	0.000000	0.000000	0.000000	0.000000	1.000000	0.076994	0.249928	0.029637	0.091169	0.573846
	0.000000	0.000000	0.000000	0.000000	1.000000	0.054150	0.350306	0.016742	0.071941	0.555050
	0.000000	0.000000	0.000000	0.000000	1.000000	0.062254	0.330126	0.014205	0.072468	0.590932
	0.000000	0.000000	0.000000	0.000000	1.000000	0.047328	0.333161	-0.006192	0.059276	0.617187
	0.000000	0.000000	0.000000	0.000000	1.000000	0.092823	0.210306	0.055807	0.111312	0.536436
	0.000000	0.000000	0.000000	0.000000	1.000000	0.051462	0.368659	0.020681	0.073670	0.535449
	0.000000	0.000000	0.000000	0.000000	1.000000	0.067167	0.316535	0.026761	0.084951	0.555857
	0.000000	0.000000	0.000000	0.000000	1.000000	0.052935	0.367432	0.021431	0.076037	0.539673
	0.000000	0.000000	0.000000	0.000000	1.000000	0.053468	0.351422	0.017942	0.073675	0.558671
	0.000000	0.000000	0.000000	0.000000	1.000000	0.068209	0.311824	0.040407	0.091078	0.519911
	0.000000	0.000000	0.000000	0.000000	1.000000	0.042309	0.385924	-0.008145	0.054428	0.600713
	0.000000	0.000000	0.000000	0.000000	1.000000	0.061563	0.335496	0.025512	0.081809	0.541886
	0.000000	0.000000	0.000000	0.000000	1.000000	0.078132	0.225818	0.027909	0.091508	0.584466
	0.000000	0.000000	0.000000	0.000000	1.000000	0.082288	0.254362	0.048755	0.105189	0.520600
	0.000000	0.000000	0.000000	0.000000	1.000000	0.069545	0.284518	0.023083	0.085146	0.574142
	0.000000	0.000000	0.000000	0.000000	1.000000	0.062374	0.317556	0.019977	0.080532	0.567654
	0.000000	0.000000	0.000000	0.000000	1.000000	0.078460	0.228313	0.030829	0.089892	0.574204
	0.000000	0.000000	0.000000	0.000000	1.000000	0.070058	0.281037	0.032479	0.089171	0.546040
	0.000000	0.000000	0.000000	0.000000	1.000000	0.056810	0.337938	0.009945	0.068385	0.577492
	0.000000	0.000000	0.000000	0.000000	1.000000	0.079535	0.234817	0.033724	0.093460	0.568800
	0.000000	0.000000	0.000000	0.000000	1.000000	0.085181	0.212915	0.038953	0.098327	0.569614
	0.000000	0.000000	0.000000	0.000000	1.000000	0.054158	0.315787	0.004370	0.066887	0.603413
	0.000000	0.000000	0.000000	0.000000	1.000000	0.050820	0.391790	0.019472	0.071809	0.539412
	0.000000	0.000000	0.000000	0.000000	1.000000	0.048992	0.352531	0.003809	0.063386	0.585102
	0.000000	0.000000	0.000000	0.000000	1.000000	0.131206	0.085900	0.121758	0.161237	0.425434
	0.000000	0.000000	0.000000	0.000000	1.000000	0.077388	0.254058	0.038941	0.095185	0.544103
	0.000000	0.000000	0.000000	0.000000	1.000000	0.068046	0.318773	0.030095	0.087831	0.547743
	0.000000	0.000000	0.000000	0.000000	1.000000	0.081595	0.245758	0.045391	0.100797	0.540742
	0.000000	0.000000	0.000000	0.000000	1.000000	0.099443	0.170277	0.059942	0.115262	0.551210
	0.000000	0.000000	0.000000	0.000000	1.000000	0.084799	0.217877	0.038106	0.097228	0.572644
	0.000000	0.000000	0.000000	0.000000	1.000000	0.078399	0.261246	0.040673	0.096977	0.545520
