	1.000000	0.000000	0.000000	0.000000	0.000000	0.212469	-0.048469	0.162316	0.200253	0.430244
	1.000000	0.000000	0.000000	0.000000	0.000000	0.241804	-0.114856	0.139112	0.205215	0.546868
	1.000000	0.000000	0.000000	0.000000	0.000000	0.305318	-0.186512	0.247022	0.282402	0.396273
	1.000000	0.000000	0.000000	0.000000	0.000000	0.256066	-0.126710	0.162324	0.222450	0.515024
	1.000000	0.000000	0.000000	0.000000	0.000000	0.225728	-0.093367	0.116139	0.188463	0.573187
	1.000000	0.000000	0.000000	0.000000	0.000000	0.245873	-0.121768	0.141557	0.207209	0.551606
	1.000000	0.000000	0.000000	0.000000	0.000000	0.234584	-0.111455	0.121714	0.193617	0.578856
	1.000000	0.000000	0.000000	0.000000	0.000000	0.275264	-0.159495	0.172482	0.236207	0.518803
	1.000000	0.000000	0.000000	0.000000	0.000000	0.226572	-0.112934	0.101567	0.182648	0.610259
	1.000000	0.000000	0.000000	0.000000	0.000000	0.309744	-0.192460	0.237071	0.282463	0.426558
	1.000000	0.000000	0.000000	0.000000	0.000000	0.231541	-0.103389	0.115133	0.191736	0.575890
	1.000000	0.000000	0.000000	0.000000	0.000000	0.299219	-0.184744	0.220282	0.270239	0.450108
	1.000000	0.000000	0.000000	0.000000	0.000000	0.242924	-0.113892	0.149263	0.211824	0.516912
	1.000000	0.000000	0.000000	0.000000	0.000000	0.104699	0.225432	0.101653	0.116888	0.381048
	0.000000	1.000000	0.000000	0.000000	0.000000	-0.038950	0.811395	0.031742	0.003682	0.232851
	0.000000	1.000000	0.000000	0.000000	0.000000	-0.034931	0.814083	0.035187	0.008982	0.230393
	0.000000	1.000000	0.000000	0.000000	0.000000	-0.008893	0.592164	0.021709	0.018570	0.326758
	0.000000	1.000000	0.000000	0.000000	0.000000	-0.023296	0.747162	0.017129	0.010116	0.313882
	0.000000	1.000000	0.000000	0.000000	0.000000	-0.046392	0.894408	0.038601	0.000679	0.199775
	0.000000	1.000000	0.000000	0.000000	0.000000	-0.024814	0.746012	0.025536	0.011917	0.276414
	0.000000	1.000000	0.000000	0.000000	0.000000	-0.022622	0.687938	-0.008166	-0.000032	0.388053
	0.000000	1.000000	0.000000	0.000000	0.000000	-0.005214	0.690317	0.054927	0.035565	0.245918
	0.000000	1.000000	0.000000	0.000000	0.000000	-0.048580	0.928449	0.075172	0.011169	0.103851
	0.000000	1.000000	0.000000	0.000000	0.000000	-0.030656	0.804144	0.044461	0.013703	0.211192
	0.000000	1.000000	0.000000	0.000000	0.000000	0.016576	0.615378	0.088967	0.059988	0.227773
	0.000000	1.000000	0.000000	0.000000	0.000000	-0.057788	0.878572	-0.010924	-0.023439	0.282075
	0.000000	1.000000	0.000000	0.000000	0.000000	0.023727	0.513220	0.041148	0.042066	0.348587
	0.000000	1.000000	0.000000	0.000000	0.000000	-0.049901	0.851118	0.001064	-0.013637	0.278032
	0.000000	1.000000	0.000000	0.000000	0.000000	-0.043241	0.818277	-0.001604	-0.008410	0.309433
	0.000000	1.000000	0.000000	0.000000	0.000000	-0.057999	0.921945	0.030037	-0.010413	0.182538
	0.000000	1.000000	0.000000	0.000000	0.000000	-0.015024	0.667072	0.002929	0.010530	0.369470
	0.000000	1.000000	0.000000	0.000000	0.000000	-0.032691	0.718103	-0.028623	-0.012022	0.414224
	0.000000	1.000000	0.000000	0.000000	0.000000	-0.005652	0.790349	0.148468	0.065389	0.056454
	0.000000	1.000000	0.000000	0.000000	0.000000	-0.040799	0.747475	-0.039590	-0.021303	0.426492
	0.000000	1.000000	0.000000	0.000000	0.000000	-0.047721	0.959438	0.116920	0.024741	0.033140
	0.000000	1.000000	0.000000	0.000000	0.000000	-0.011611	0.646929	-0.012788	0.005555	0.427778
	0.000000	1.000000	0.000000	0.000000	0.000000	-0.006367	0.621979	-0.005679	0.011545	0.429112
	0.000000	1.000000	0.000000	0.000000	0.000000	-0.019389	0.778962	0.089061	0.034835	0.150405
	0.000000	1.000000	0.000000	0.000000	0.000000	-0.077163	1.006115	0.003027	-0.030511	0.196971
	0.000000	1.000000	0.000000	0.000000	0.000000	-0.025254	0.684864	-0.022068	-0.009055	0.418308
	0.000000	1.000000	0.000000	0.000000	0.000000	-0.039911	0.895998	0.098625	0.025265	0.084443
	0.000000	1.000000	0.000000	0.000000	0.000000	0.029662	0.521437	0.094008	0.070806	0.232100
	0.000000	1.000000	0.000000	0.000000	0.000000	0.057591	0.416158	0.092774	0.085769	0.290546
	0.000000	1.000000	0.000000	0.000000	0.000000	-0.010195	0.705139	0.060924	0.032955	0.222355
	0.000000	1.000000	0.000000	0.000000	0.000000	-0.029653	0.850916	0.100842	0.031709	0.098696
	0.000000	1.000000	0.000000	0.000000	0.000000	-0.050152	0.803263	-0.053099	-0.032447	0.443755
	0.000000	1.000000	0.000000	0.000000	0.000000	-0.082663	1.052346	0.037318	-0.023815	0.095357
	0.000000	1.000000	0.000000	0.000000	0.000000	-0.020450	0.805912	0.108247	0.043228	0.107120
	0.000000	1.000000	0.000000	0.000000	0.000000	0.167765	0.076095	0.225028	0.200841	0.212307
	0.000000	1.000000	0.000000	0.000000	0.000000	-0.013636	0.673418	0.003827	0.012436	0.380821
	0.000000	1.000000	0.000000	0.000000	0.000000	-0.022238	0.786534	0.050507	0.020182	0.213130
	0.000000	1.000000	0.000000	0.000000	0.000000	-0.053590	0.922542	0.053050	0.002228	0.136265
	0.000000	1.000000	0.000000	0.000000	0.000000	-0.072487	0.958896	-0.013967	-0.032451	0.243413
	0.000000	0.000000	1.000000	0.000000	0.000000	0.170396	0.239717	0.453822	0.278599	-0.102823
	0.000000	0.000000	1.000000	0.000000	0.000000	0.155591	0.296279	0.472109	0.281067	-0.131903
	0.000000	0.000000	1.000000	0.000000	0.000000	0.195959	0.176790	0.502326	0.318432	-0.123223
	0.000000	0.000000	1.000000	0.000000	0.000000	0.174998	0.174361	0.398020	0.265696	-0.042217
	0.000000	0.000000	1.000000	0.000000	0.000000	0.201553	0.168726	0.510974	0.323005	-0.124437
	0.000000	0.000000	1.000000	0.000000	0.000000	0.184735	0.117351	0.369511	0.261756	0.007391
	0.000000	0.000000	1.000000	0.000000	0.000000	0.211595	0.115773	0.474069	0.316998	-0.082926
	0.000000	0.000000	1.000000	0.000000	0.000000	0.239054	0.022713	0.452720	0.326416	-0.030907
	0.000000	0.000000	1.000000	0.000000	0.000000	0.199954	0.150661	0.477192	0.307806	-0.097772
	0.000000	0.000000	1.000000	0.000000	0.000000	0.203918	0.079705	0.397546	0.284703	-0.005375
	0.000000	0.000000	1.000000	0.000000	0.000000	0.174002	0.204892	0.426131	0.276905	-0.077371
	0.000000	0.000000	1.000000	0.000000	0.000000	0.207023	0.148443	0.511084	0.329138	-0.121862
	0.000000	0.000000	1.000000	0.000000	0.000000	0.235717	0.024684	0.449480	0.322656	-0.024374
	0.000000	0.000000	0.000000	1.000000	0.000000	0.170753	0.051557	0.196981	0.193528	0.269618
	0.000000	0.000000	0.000000	1.000000	0.000000	0.245041	-0.102550	0.238118	0.249060	0.324946
	0.000000	0.000000	0.000000	1.000000	0.000000	0.126489	0.185749	0.130569	0.143468	0.342918
	0.000000	0.000000	0.000000	1.000000	0.000000	0.126457	0.174932	0.134436	0.143105	0.324504
	0.000000	0.000000	0.000000	1.000000	0.000000	0.244019	-0.081197	0.263837	0.257080	0.258558
	0.000000	0.000000	0.000000	1.000000	0.000000	0.277434	-0.143678	0.246891	0.267346	0.364280
	0.000000	0.000000	0.000000	1.000000	0.000000	0.248797	-0.074876	0.307991	0.281804	0.183546
	0.000000	0.000000	0.000000	1.000000	0.000000	0.094949	0.265360	0.100364	0.112310	0.344622
	0.000000	0.000000	0.000000	1.000000	0.000000	0.257571	-0.095250	0.274267	0.268401	0.265624
	0.000000	0.000000	0.000000	1.000000	0.000000	0.227351	-0.089566	0.164409	0.205792	0.447123
	0.000000	0.000000	0.000000	1.000000	0.000000	0.214058	-0.000406	0.289880	0.255274	0.147041
	0.000000	0.000000	0.000000	1.000000	0.000000	0.194706	0.018361	0.260582	0.233831	0.170675
	0.000000	0.000000	0.000000	1.000000	0.000000	0.189730	0.000937	0.202470	0.207962	0.286900
	0.000000	0.000000	0.000000	1.000000	0.000000	0.225162	-0.017231	0.310914	0.269144	0.142032
	0.000000	0.000000	0.000000	1.000000	0.000000	0.167528	0.082410	0.215259	0.199191	0.216992
	0.000000	0.000000	0.000000	1.000000	0.000000	0.194563	0.027023	0.257116	0.231705	0.180624
	0.000000	0.000000	0.000000	0.000000	1.000000	0.097930	0.119136	-0.025906	0.059593	0.737299
	0.000000	0.000000	0.000000	0.000000	1.000000	0.113730	0.084007	-0.009125	0.076961	0.714000
	0.000000	0.000000	0.000000	0.000000	1.000000	0.122036	0.085920	0.021929	0.092772	0.646002
	0.000000	0.000000	0.000000	0.000000	1.000000	0.196793	-0.088011	0.039945	0.139517	0.719975
	0.000000	0.000000	0.000000	0.000000	1.000000	0.132677	0.052407	0.010350	0.095604	0.674538
	0.000000	0.000000	0.000000	0.000000	1.000000	0.076235	0.183456	-0.029362	0.048286	0.701262
	0.000000	0.000000	0.000000	0.000000	1.000000	0.089850	0.104147	-0.056807	0.041868	0.817130
	0.000000	0.000000	0.000000	0.000000	1.000000	0.132650	0.007055	-0.031128	0.074822	0.809843
	0.000000	0.000000	0.000000	0.000000	1.000000	0.075593	0.091668	-0.098020	0.016216	0.917470
	0.000000	0.000000	0.000000	0.000000	1.000000	0.043547	0.233997	-0.083322	0.007295	0.804909
	0.000000	0.000000	0.000000	0.000000	1.000000	0.064483	0.183485	-0.061006	0.028318	0.774788
	0.000000	0.000000	0.000000	0.000000	1.000000	0.056564	0.168561	-0.092491	0.009008	0.866892
	0.000000	0.000000	0.000000	0.000000	1.000000	0.043825	0.244102	-0.087939	0.007038	0.824754
	0.000000	0.000000	0.000000	0.000000	1.000000	0.070825	0.136422	-0.081455	0.021595	0.859526
	0.000000	0.000000	0.000000	0.000000	1.000000	0.074777	0.168065	-0.051121	0.040288	0.762470
	0.000000	0.000000	0.000000	0.000000	1.000000	0.085809	0.156067	-0.029980	0.055229	0.709738
	0.000000	0.000000	0.000000	0.000000	1.000000	0.048226	0.267112	-0.055924	0.022999	0.725841
	0.000000	0.000000	0.000000	0.000000	1.000000	0.125295	0.078248	0.019837	0.095310	0.639511
	0.000000	0.000000	0.000000	0.000000	1.000000	0.123066	0.082829	0.017157	0.092249	0.641965
	0.000000	0.000000	0.000000	0.000000	1.000000	0.080347	0.184770	-0.015077	0.057670	0.661159
	0.000000	0.000000	0.000000	0.000000	1.000000	0.074416	0.174671	-0.055192	0.035980	0.785577
	0.000000	0.000000	0.000000	0.000000	1.000000	0.127296	0.052224	-0.012320	0.082284	0.752438
	0.000000	0.000000	0.000000	0.000000	1.000000	0.043907	0.234436	-0.092585	0.002722	0.842959
	0.000000	0.000000	0.000000	0.000000	1.000000	0.101826	0.105915	-0.029245	0.061177	0.750131
	0.000000	0.000000	0.000000	0.000000	1.000000	0.086906	0.116756	-0.053661	0.044363	0.805979
	0.000000	0.000000	0.000000	0.000000	1.000000	0.094968	0.093181	-0.051005	0.049262	0.809008
	0.000000	0.000000	0.000000	0.000000	1.000000	0.103855	0.053970	-0.062393	0.044218	0.853730
	0.000000	0.000000	0.000000	0.000000	1.000000	0.036284	0.312952	-0.055625	0.016480	0.694864
	0.000000	0.000000	0.000000	0.000000	1.000000	0.165989	-0.037584	0.017827	0.112830	0.733851
	0.000000	0.000000	0.000000	0.000000	1.000000	0.220118	-0.127513	0.057876	0.161414	0.727387
	0.000000	0.000000	0.000000	0.000000	1.000000	0.095841	0.121136	-0.030033	0.058557	0.745621
	0.000000	0.000000	0.000000	0.000000	1.000000	0.120018	0.013187	-0.057193	0.058168	0.866896
	0.000000	0.000000	0.000000	0.000000	1.000000	0.058657	0.140504	-0.105032	0.003653	0.910602
	0.000000	0.000000	0.000000	0.000000	1.000000	0.051755	0.236397	-0.066906	0.019181	0.768889
	0.000000	0.000000	0.000000	0.000000	1.000000	0.142054	0.060185	0.050909	0.118527	0.590213
	0.000000	0.000000	0.000000	0.000000	1.000000	0.053488	0.299718	-0.023732	0.037504	0.636393
	0.000000	0.000000	0.000000	0.000000	1.000000	0.097906	0.074562	-0.057245	0.046495	0.831528
	0.000000	0.000000	0.000000	0.000000	1.000000	0.071140	0.096909	-0.098820	0.014284	0.915084
	0.000000	0.000000	0.000000	0.000000	1.000000	0.066837	0.144028	-0.089390	0.016880	0.863327
	0.000000	0.000000	0.000000	0.000000	1.000000	0.099568	0.052123	-0.071530	0.041868	0.880282
	0.000000	0.000000	0.000000	0.000000	1.000000	0.032900	0.364982	-0.034898	0.022800	0.612662
	0.000000	0.000000	0.000000	0.000000	1.000000	0.051557	0.307882	-0.018645	0.041357	0.607190
	0.000000	0.000000	0.000000	0.000000	1.000000	0.087540	0.083325	-0.076321	0.032621	0.871317
	0.000000	0.000000	0.000000	0.000000	1.000000	0.071672	0.150986	-0.070153	0.027055	0.829822
	0.000000	0.000000	0.000000	0.000000	1.000000	0.054482	0.225703	-0.072804	0.018836	0.795748
	0.000000	0.000000	0.000000	0.000000	1.000000	0.092035	0.154654	-0.005591	0.066765	0.662408
	0.000000	0.000000	0.000000	0.000000	1.000000	0.051306	0.236349	-0.062962	0.020274	0.762313
	0.000000	0.000000	0.000000	0.000000	1.000000	0.138660	0.029500	0.021755	0.104415	0.660508
	0.000000	0.000000	0.000000	0.000000	1.000000	0.051585	0.338679	-0.006304	0.046097	0.572195
	0.000000	0.000000	0.000000	0.000000	1.000000	0.048044	0.251873	-0.057877	0.021461	0.734080
	0.000000	0.000000	0.000000	0.000000	1.000000	0.054614	0.239774	-0.049253	0.028937	0.713825
	0.000000	0.000000	0.000000	0.000000	1.000000	0.177347	0.015144	0.102932	0.156013	0.519038
	0.000000	0.000000	0.000000	0.000000	1.000000	0.216004	-0.072572	0.155293	0.199878	0.448579
	0.000000	0.000000	0.000000	0.000000	1.000000	0.215896	-0.074671	0.149258	0.196301	0.463102
	0.000000	0.000000	0.000000	0.000000	1.000000	0.069875	0.261784	0.003015	0.061878	0.596666
	0.000000	0.000000	0.000000	0.000000	1.000000	0.240714	-0.115668	0.182965	0.224880	0.433335
	0.000000	0.000000	0.000000	0.000000	1.000000	0.141874	0.026482	0.010342	0.097645	0.728740
	0.000000	0.000000	0.000000	0.000000	1.000000	0.059485	0.182399	-0.083175	0.016299	0.849540
	0.000000	0.000000	0.000000	0.000000	1.000000	0.226918	-0.108157	0.140011	0.196966	0.508269
	0.000000	0.000000	0.000000	0.000000	1.000000	0.088852	0.110861	-0.058305	0.042939	0.818132
	0.000000	0.000000	0.000000	0.000000	1.000000	0.151507	0.002613	0.023403	0.110534	0.687076
	0.000000	0.000000	0.000000	0.000000	1.000000	0.031340	0.291045	-0.084123	0.000612	0.791711
	0.000000	0.000000	0.000000	0.000000	1.000000	0.135483	0.000233	-0.028963	0.077020	0.815594
	0.000000	0.000000	0.000000	0.000000	1.000000	0.152673	-0.029038	-0.016348	0.090718	0.807972
	0.000000	0.000000	0.000000	0.000000	1.000000	0.193994	-0.013930	0.169911	0.193576	0.369702
	1.000000	0.000000	0.000000	0.000000	0.000000	0.203850	-0.067246	0.087885	0.165430	0.608896
	1.000000	0.000000	0.000000	0.000000	0.000000	0.259212	-0.155351	0.152763	0.221749	0.539227
	1.000000	0.000000	0.000000	0.000000	0.000000	0.182873	-0.045582	0.056876	0.141222	0.652964
	1.000000	0.000000	0.000000	0.000000	0.000000	0.221739	-0.103969	0.096908	0.177608	0.610955
	1.000000	0.000000	0.000000	0.000000	0.000000	0.236897	-0.112238	0.138318	0.204680	0.534198
	1.000000	0.000000	0.000000	0.000000	0.000000	0.218979	-0.096637	0.085026	0.170715	0.635728
	1.000000	0.000000	0.000000	0.000000	0.000000	0.238137	-0.108062	0.135438	0.201831	0.548202
	1.000000	0.000000	0.000000	0.000000	0.000000	0.253020	-0.126355	0.158165	0.219810	0.514720
	1.000000	0.000000	0.000000	0.000000	0.000000	0.228877	-0.099543	0.124090	0.192461	0.548421
	1.000000	0.000000	0.000000	0.000000	0.000000	0.153412	-0.003515	0.015469	0.109903	0.708795
	1.000000	0.000000	0.000000	0.000000	0.000000	0.091645	0.302905	0.131999	0.122249	0.277078
	1.000000	0.000000	0.000000	0.000000	0.000000	0.213248	-0.100461	0.068213	0.160397	0.680038
	1.000000	0.000000	0.000000	0.000000	0.000000	0.217769	-0.111808	0.068032	0.160202	0.673204
	1.000000	0.000000	0.000000	0.000000	0.000000	0.179947	0.007093	0.113749	0.160030	0.497269
	1.000000	0.000000	0.000000	0.000000	0.000000	0.268816	-0.155281	0.188325	0.240898	0.474416
	1.000000	0.000000	0.000000	0.000000	0.000000	0.310235	-0.183571	0.273794	0.297151	0.359444
	0.000000	1.000000	0.000000	0.000000	0.000000	-0.031522	0.888803	0.124676	0.040396	0.050157
	0.000000	1.000000	0.000000	0.000000	0.000000	-0.030243	0.646312	-0.064841	-0.025823	0.543580
	0.000000	1.000000	0.000000	0.000000	0.000000	0.025211	0.699196	0.231073	0.111423	-0.013003
	0.000000	1.000000	0.000000	0.000000	0.000000	-0.025031	0.811674	0.091930	0.032308	0.123255
	0.000000	1.000000	0.000000	0.000000	0.000000	-0.033944	0.676900	-0.052318	-0.022820	0.486987
	0.000000	1.000000	0.000000	0.000000	0.000000	0.009269	0.629728	0.075580	0.048273	0.242852
	0.000000	1.000000	0.000000	0.000000	0.000000	0.008407	0.497187	-0.019731	0.015730	0.508139
	0.000000	1.000000	0.000000	0.000000	0.000000	0.023255	0.350889	-0.045448	0.013863	0.629513
	0.000000	1.000000	0.000000	0.000000	0.000000	-0.029650	0.773646	0.009687	0.002738	0.308454
	0.000000	1.000000	0.000000	0.000000	0.000000	-0.060887	0.891512	-0.016436	-0.025553	0.290749
	0.000000	1.000000	0.000000	0.000000	0.000000	-0.056514	0.963332	0.076669	0.006433	0.087717
	0.000000	1.000000	0.000000	0.000000	0.000000	-0.027189	0.668920	-0.049526	-0.018463	0.499365
	0.000000	1.000000	0.000000	0.000000	0.000000	-0.043316	0.808061	-0.013832	-0.013902	0.338956
	0.000000	1.000000	0.000000	0.000000	0.000000	-0.027486	0.727431	-0.011367	-0.001995	0.375965
	0.000000	1.000000	0.000000	0.000000	0.000000	0.042886	0.479950	0.104300	0.081704	0.218629
	0.000000	1.000000	0.000000	0.000000	0.000000	0.143130	0.193941	0.279643	0.206604	0.076282
	0.000000	1.000000	0.000000	0.000000	0.000000	-0.049248	0.891060	0.025470	-0.003203	0.216955
	0.000000	1.000000	0.000000	0.000000	0.000000	-0.018844	0.646555	0.019589	0.011488	0.309039
	0.000000	1.000000	0.000000	0.000000	0.000000	-0.059119	0.955934	0.062247	-0.000456	0.107633
	0.000000	1.000000	0.000000	0.000000	0.000000	0.016160	0.578173	0.055562	0.049074	0.300364
	0.000000	1.000000	0.000000	0.000000	0.000000	-0.054586	0.873446	-0.002920	-0.017588	0.271714
	0.000000	1.000000	0.000000	0.000000	0.000000	-0.036017	0.776362	-0.006752	-0.005679	0.342824
	0.000000	1.000000	0.000000	0.000000	0.000000	-0.010504	0.620052	0.027782	0.017591	0.305897
	0.000000	1.000000	0.000000	0.000000	0.000000	-0.008730	0.685753	0.029368	0.022627	0.323159
	0.000000	1.000000	0.000000	0.000000	0.000000	-0.058388	0.949816	0.044672	-0.005473	0.144835
	0.000000	1.000000	0.000000	0.000000	0.000000	-0.028047	0.708798	-0.029772	-0.011385	0.444016
	0.000000	1.000000	0.000000	0.000000	0.000000	-0.020698	0.610117	-0.013721	-0.001253	0.406230
	0.000000	1.000000	0.000000	0.000000	0.000000	-0.021063	0.750076	0.026849	0.013039	0.287045
	0.000000	1.000000	0.000000	0.000000	0.000000	-0.056540	0.873341	-0.018811	-0.024392	0.314220
	0.000000	1.000000	0.000000	0.000000	0.000000	-0.001777	0.632054	0.025546	0.025008	0.342164
	0.000000	1.000000	0.000000	0.000000	0.000000	0.000805	0.631258	0.049593	0.038074	0.270744
	0.000000	1.000000	0.000000	0.000000	0.000000	-0.001675	0.682856	0.070791	0.042888	0.219137
	0.000000	1.000000	0.000000	0.000000	0.000000	-0.040436	0.840349	0.039239	0.005962	0.201792
	0.000000	1.000000	0.000000	0.000000	0.000000	-0.067798	0.967380	0.024212	-0.016514	0.158298
	0.000000	1.000000	0.000000	0.000000	0.000000	0.066973	0.474828	0.232004	0.138785	0.035183
	0.000000	0.000000	1.000000	0.000000	0.000000	0.204953	0.092270	0.417320	0.288654	-0.025185
	0.000000	0.000000	1.000000	0.000000	0.000000	0.226303	0.035654	0.446906	0.319291	-0.043622
	0.000000	0.000000	1.000000	0.000000	0.000000	0.206792	0.145951	0.499876	0.321729	-0.109243
	0.000000	0.000000	1.000000	0.000000	0.000000	0.140740	0.272504	0.356579	0.226578	-0.030915
	0.000000	0.000000	1.000000	0.000000	0.000000	0.147042	0.300957	0.419369	0.251388	-0.088396
	0.000000	0.000000	1.000000	0.000000	0.000000	0.174084	0.205580	0.430922	0.276403	-0.080839
	0.000000	0.000000	1.000000	0.000000	0.000000	0.218183	0.038566	0.392010	0.294185	0.014343
	0.000000	0.000000	1.000000	0.000000	0.000000	0.160334	0.302319	0.487238	0.294342	-0.138322
	0.000000	0.000000	1.000000	0.000000	0.000000	0.209691	0.089816	0.457918	0.313078	-0.065491
	0.000000	0.000000	1.000000	0.000000	0.000000	0.207082	0.084653	0.403048	0.289004	-0.010452
	0.000000	0.000000	1.000000	0.000000	0.000000	0.173894	0.189485	0.385844	0.258327	-0.021827
	0.000000	0.000000	1.000000	0.000000	0.000000	0.249444	-0.025393	0.415198	0.319951	0.028906
	0.000000	0.000000	1.000000	0.000000	0.000000	0.206387	0.146801	0.515595	0.330841	-0.125775
	0.000000	0.000000	1.000000	0.000000	0.000000	0.103027	0.300034	0.208555	0.154900	0.120779
	0.000000	0.000000	1.000000	0.000000	0.000000	0.206941	0.115793	0.457868	0.306824	-0.067737
	0.000000	0.000000	1.000000	0.000000	0.000000	0.217860	0.091687	0.480969	0.322977	-0.077947
	0.000000	0.000000	0.000000	1.000000	0.000000	0.226633	-0.026180	0.312889	0.269121	0.132002
	0.000000	0.000000	0.000000	1.000000	0.000000	0.226285	-0.053419	0.238807	0.238831	0.276264
	0.000000	0.000000	0.000000	1.000000	0.000000	0.113235	0.193838	0.128864	0.132395	0.314190
	0.000000	0.000000	0.000000	1.000000	0.000000	0.147109	0.146374	0.192266	0.178058	0.224253
	0.000000	0.000000	0.000000	1.000000	0.000000	0.279756	-0.143042	0.278575	0.287041	0.296308
	0.000000	0.000000	0.000000	1.000000	0.000000	0.218199	-0.048492	0.215110	0.226269	0.309336
	0.000000	0.000000	0.000000	1.000000	0.000000	0.277772	-0.151026	0.233193	0.261822	0.395141
	0.000000	0.000000	0.000000	1.000000	0.000000	0.198265	0.016779	0.256141	0.232413	0.190765
	0.000000	0.000000	0.000000	1.000000	0.000000	0.211157	-0.018849	0.257838	0.239853	0.218747
	0.000000	0.000000	0.000000	1.000000	0.000000	0.165930	0.053143	0.172849	0.181217	0.303417
	0.000000	0.000000	0.000000	1.000000	0.000000	0.239245	-0.055609	0.311272	0.278152	0.165680
	0.000000	0.000000	0.000000	1.000000	0.000000	0.223894	-0.033092	0.280404	0.257341	0.184297
	0.000000	0.000000	0.000000	1.000000	0.000000	0.212886	-0.022654	0.255818	0.240883	0.222060
	0.000000	0.000000	0.000000	1.000000	0.000000	0.253219	-0.048218	0.394518	0.321421	0.046975
	0.000000	0.000000	0.000000	1.000000	0.000000	0.254456	-0.068508	0.335967	0.290638	0.139524
	0.000000	0.000000	0.000000	0.000000	1.000000	0.102387	0.113762	-0.022378	0.064211	0.735316
	0.000000	0.000000	0.000000	0.000000	1.000000	0.110706	0.095475	-0.011689	0.071713	0.722732
	0.000000	0.000000	0.000000	0.000000	1.000000	0.074010	0.125998	-0.079757	0.022818	0.858892
	0.000000	0.000000	0.000000	0.000000	1.000000	0.073019	0.191380	-0.042064	0.043364	0.730554
	0.000000	0.000000	0.000000	0.000000	1.000000	0.080288	0.193951	-0.011163	0.058856	0.648978
	0.000000	0.000000	0.000000	0.000000	1.000000	0.132935	-0.000861	-0.043954	0.069305	0.854582
	0.000000	0.000000	0.000000	0.000000	1.000000	0.121140	0.081443	0.015971	0.091237	0.647181
	0.000000	0.000000	0.000000	0.000000	1.000000	0.064836	0.188815	-0.065391	0.026040	0.795793
	0.000000	0.000000	0.000000	0.000000	1.000000	0.176618	-0.015216	0.074563	0.143157	0.594780
	0.000000	0.000000	0.000000	0.000000	1.000000	0.251191	-0.141996	0.112488	0.197570	0.630575
	0.000000	0.000000	0.000000	0.000000	1.000000	0.057210	0.213752	-0.065656	0.024850	0.770792
	0.000000	0.000000	0.000000	0.000000	1.000000	0.126606	0.034698	-0.024741	0.076688	0.799889
	0.000000	0.000000	0.000000	0.000000	1.000000	0.051574	0.200729	-0.083070	0.012162	0.827587
	0.000000	0.000000	0.000000	0.000000	1.000000	0.103430	0.039892	-0.076375	0.040647	0.897047
	0.000000	0.000000	0.000000	0.000000	1.000000	0.054981	0.202351	-0.078495	0.014684	0.815961
	0.000000	0.000000	0.000000	0.000000	1.000000	0.167473	-0.051858	0.002883	0.109036	0.770179
	0.000000	0.000000	0.000000	0.000000	1.000000	0.105967	0.095316	-0.020332	0.067432	0.737283
	0.000000	0.000000	0.000000	0.000000	1.000000	0.079399	0.178535	-0.016346	0.057122	0.660842
	0.000000	0.000000	0.000000	0.000000	1.000000	0.075610	0.145260	-0.061289	0.034931	0.802863
	0.000000	0.000000	0.000000	0.000000	1.000000	0.089696	0.190999	0.018595	0.078836	0.574493
	0.000000	0.000000	0.000000	0.000000	1.000000	0.073536	0.160267	-0.059615	0.035297	0.784752
	0.000000	0.000000	0.000000	0.000000	1.000000	0.058518	0.170679	-0.089545	0.012616	0.858235
	0.000000	0.000000	0.000000	0.000000	1.000000	0.134586	0.006579	-0.028227	0.075177	0.814572
	0.000000	0.000000	0.000000	0.000000	1.000000	0.104989	0.100163	-0.021127	0.066450	0.734316
	0.000000	0.000000	0.000000	0.000000	1.000000	0.063022	0.170974	-0.079383	0.018410	0.836366
	0.000000	0.000000	0.000000	0.000000	1.000000	0.111716	0.042060	-0.040726	0.061810	0.807616
	0.000000	0.000000	0.000000	0.000000	1.000000	0.108220	0.037894	-0.067802	0.043719	0.893539
	0.000000	0.000000	0.000000	0.000000	1.000000	0.134296	0.073042	0.044142	0.111749	0.592100
	0.000000	0.000000	0.000000	0.000000	1.000000	0.150480	-0.032447	-0.028386	0.086077	0.843322
	0.000000	0.000000	0.000000	0.000000	1.000000	0.071179	0.153794	-0.073347	0.026938	0.830256
	0.000000	0.000000	0.000000	0.000000	1.000000	0.105291	0.055956	-0.060109	0.049587	0.850943
	0.000000	0.000000	0.000000	0.000000	1.000000	0.052987	0.217566	-0.069418	0.017564	0.781259
	0.000000	0.000000	0.000000	0.000000	1.000000	0.065372	0.165015	-0.089712	0.012661	0.874761
	0.000000	0.000000	0.000000	0.000000	1.000000	0.050765	0.152997	-0.113356	-0.002992	0.924458
	0.000000	0.000000	0.000000	0.000000	1.000000	0.131358	0.032249	-0.009857	0.084899	0.755245
	0.000000	0.000000	0.000000	0.000000	1.000000	0.042720	0.272109	-0.055907	0.019601	0.716597
	0.000000	0.000000	0.000000	0.000000	1.000000	0.068508	0.191118	-0.058335	0.031809	0.777874
	0.000000	0.000000	0.000000	0.000000	1.000000	0.042191	0.278957	-0.056644	0.019825	0.722651
	0.000000	0.000000	0.000000	0.000000	1.000000	0.047422	0.236890	-0.068692	0.016200	0.778215
	0.000000	0.000000	0.000000	0.000000	1.000000	0.073669	0.193844	-0.025631	0.048383	0.687795
	0.000000	0.000000	0.000000	0.000000	1.000000	0.029540	0.256177	-0.113138	-0.013923	0.878540
	0.000000	0.000000	0.000000	0.000000	1.000000	0.056968	0.227576	-0.056001	0.028001	0.746297
	0.000000	0.000000	0.000000	0.000000	1.000000	0.114640	0.019792	-0.060983	0.054021	0.871172
	0.000000	0.000000	0.000000	0.000000	1.000000	0.103164	0.111710	-0.011527	0.072522	0.697082
	0.000000	0.000000	0.000000	0.000000	1.000000	0.079947	0.127904	-0.068460	0.033679	0.833836
	0.000000	0.000000	0.000000	0.000000	1.000000	0.064159	0.180129	-0.070648	0.024821	0.812603
	0.000000	0.000000	0.000000	0.000000	1.000000	0.108657	0.040962	-0.058584	0.049473	0.852063
	0.000000	0.000000	0.000000	0.000000	1.000000	0.082740	0.134549	-0.046157	0.044622	0.767886
	0.000000	0.000000	0.000000	0.000000	1.000000	0.051301	0.210193	-0.089832	0.006395	0.841687
	0.000000	0.000000	0.000000	0.000000	1.000000	0.110192	0.045210	-0.051628	0.055002	0.836194
	0.000000	0.000000	0.000000	0.000000	1.000000	0.118527	0.029896	-0.046777	0.060452	0.837072
	0.000000	0.000000	0.000000	0.000000	1.000000	0.059026	0.146756	-0.098826	0.007273	0.895346
	0.000000	0.000000	0.000000	0.000000	1.000000	0.044898	0.268847	-0.061660	0.017521	0.741665
	0.000000	0.000000	0.000000	0.000000	1.000000	0.048423	0.196563	-0.094028	0.004179	0.854550
	0.000000	0.000000	0.000000	0.000000	1.000000	0.215187	-0.080714	0.143621	0.192302	0.479724
	0.000000	0.000000	0.000000	0.000000	1.000000	0.100074	0.090428	-0.036807	0.057098	0.770848
	0.000000	0.000000	0.000000	0.000000	1.000000	0.068957	0.199342	-0.050744	0.036235	0.755748
	0.000000	0.000000	0.000000	0.000000	1.000000	0.111708	0.065906	-0.027762	0.067120	0.768775
	0.000000	0.000000	0.000000	0.000000	1.000000	0.149513	-0.021382	-0.014427	0.089875	0.806844
	0.000000	0.000000	0.000000	0.000000	1.000000	0.117898	0.031253	-0.049542	0.058491	0.845881
	0.000000	0.000000	0.000000	0.000000	1.000000	0.098397	0.104643	-0.034582	0.057054	0.763987
