	1.000000	0.000000	0.000000	0.000000	0.000000	0.088275	0.218553	0.086356	0.109234	0.481128
	1.000000	0.000000	0.000000	0.000000	0.000000	0.088974	0.211885	0.086547	0.106889	0.482465
	1.000000	0.000000	0.000000	0.000000	0.000000	0.088277	0.193144	0.081664	0.105527	0.464723
	1.000000	0.000000	0.000000	0.000000	0.000000	0.091974	0.210144	0.089750	0.110444	0.479114
	1.000000	0.000000	0.000000	0.000000	0.000000	0.089275	0.215985	0.085488	0.107388	0.485197
	1.000000	0.000000	0.000000	0.000000	0.000000	0.089403	0.210776	0.087422	0.107174	0.482984
	1.000000	0.000000	0.000000	0.000000	0.000000	0.087998	0.213075	0.088025	0.107020	0.484245
	1.000000	0.000000	0.000000	0.000000	0.000000	0.089274	0.201438	0.084959	0.105951	0.478656
	1.000000	0.000000	0.000000	0.000000	0.000000	0.084392	0.212960	0.080474	0.104045	0.486366
	1.000000	0.000000	0.000000	0.000000	0.000000	0.090779	0.188961	0.082978	0.109704	0.469283
	1.000000	0.000000	0.000000	0.000000	0.000000	0.089623	0.217473	0.082621	0.108692	0.480763
	1.000000	0.000000	0.000000	0.000000	0.000000	0.088588	0.192270	0.081150	0.109549	0.472090
	1.000000	0.000000	0.000000	0.000000	0.000000	0.088800	0.211484	0.084333	0.107465	0.482124
	1.000000	0.000000	0.000000	0.000000	0.000000	0.083226	0.244175	0.088744	0.109084	0.486289
	0.000000	1.000000	0.000000	0.000000	0.000000	0.075223	0.279120	0.087499	0.106155	0.492892
	0.000000	1.000000	0.000000	0.000000	0.000000	0.079391	0.277442	0.089543	0.109746	0.490866
	0.000000	1.000000	0.000000	0.000000	0.000000	0.065132	0.245931	0.073225	0.091999	0.493306
	0.000000	1.000000	0.000000	0.000000	0.000000	0.082242	0.272516	0.090721	0.110016	0.493058
	0.000000	1.000000	0.000000	0.000000	0.000000	0.084972	0.284356	0.097115	0.114394	0.489586
	0.000000	1.000000	0.000000	0.000000	0.000000	0.078039	0.274848	0.086793	0.107286	0.491535
	0.000000	1.000000	0.000000	0.000000	0.000000	0.076150	0.273931	0.085520	0.104253	0.496484
	0.000000	1.000000	0.000000	0.000000	0.000000	0.081517	0.268911	0.088563	0.109969	0.488473
	0.000000	1.000000	0.000000	0.000000	0.000000	0.081812	0.287266	0.095531	0.112511	0.484090
	0.000000	1.000000	0.000000	0.000000	0.000000	0.080497	0.278633	0.091254	0.109006	0.490106
	0.000000	1.000000	0.000000	0.000000	0.000000	0.081973	0.259366	0.091141	0.110507	0.486467
	0.000000	1.000000	0.000000	0.000000	0.000000	0.076839	0.287964	0.086460	0.103681	0.493914
	0.000000	1.000000	0.000000	0.000000	0.000000	0.080125	0.251957	0.088561	0.101211	0.488457
	0.000000	1.000000	0.000000	0.000000	0.000000	0.076547	0.282174	0.085837	0.105939	0.491286
	0.000000	1.000000	0.000000	0.000000	0.000000	0.077909	0.281232	0.085451	0.109036	0.493165
	0.000000	1.000000	0.000000	0.000000	0.000000	0.078840	0.288279	0.092308	0.108500	0.490728
	0.000000	1.000000	0.000000	0.000000	0.000000	0.077885	0.273313	0.085053	0.107738	0.494756
	0.000000	1.000000	0.000000	0.000000	0.000000	0.075611	0.276472	0.081563	0.104480	0.496639
	0.000000	1.000000	0.000000	0.000000	0.000000	0.085916	0.271233	0.098129	0.116579	0.481192
	0.000000	1.000000	0.000000	0.000000	0.000000	0.075234	0.277728	0.081386	0.103788	0.496799
	0.000000	1.000000	0.000000	0.000000	0.000000	0.086174	0.287395	0.102028	0.117697	0.482007
	0.000000	1.000000	0.000000	0.000000	0.000000	0.081431	0.270027	0.088452	0.106467	0.495250
	0.000000	1.000000	0.000000	0.000000	0.000000	0.081199	0.270274	0.089581	0.108628	0.495647
	0.000000	1.000000	0.000000	0.000000	0.000000	0.080162	0.279747	0.094890	0.111953	0.491946
	0.000000	1.000000	0.000000	0.000000	0.000000	0.082646	0.298867	0.092813	0.113127	0.490580
	0.000000	1.000000	0.000000	0.000000	0.000000	0.075014	0.264414	0.085906	0.100485	0.493449
	0.000000	1.000000	0.000000	0.000000	0.000000	0.082095	0.282999	0.096867	0.115143	0.485228
	0.000000	1.000000	0.000000	0.000000	0.000000	0.076972	0.259481	0.084998	0.106793	0.483321
	0.000000	1.000000	0.000000	0.000000	0.000000	0.082162	0.248020	0.088378	0.106937	0.488164
	0.000000	1.000000	0.000000	0.000000	0.000000	0.078404	0.272000	0.088475	0.107895	0.490064
	0.000000	1.000000	0.000000	0.000000	0.000000	0.081638	0.282708	0.097910	0.112666	0.487692
	0.000000	1.000000	0.000000	0.000000	0.000000	0.078883	0.282858	0.082958	0.106429	0.495815
	0.000000	1.000000	0.000000	0.000000	0.000000	0.082889	0.299148	0.095873	0.113952	0.483682
	0.000000	1.000000	0.000000	0.000000	0.000000	0.081060	0.277888	0.096178	0.115396	0.488664
	0.000000	1.000000	0.000000	0.000000	0.000000	0.080127	0.227450	0.086877	0.111583	0.476664
	0.000000	1.000000	0.000000	0.000000	0.000000	0.080332	0.267132	0.085887	0.107753	0.491801
	0.000000	1.000000	0.000000	0.000000	0.000000	0.084245	0.272143	0.093846	0.110353	0.484158
	0.000000	1.000000	0.000000	0.000000	0.000000	0.080293	0.286987	0.091731	0.111737	0.488474
	0.000000	1.000000	0.000000	0.000000	0.000000	0.078556	0.291335	0.084875	0.106825	0.491350
	0.000000	0.000000	1.000000	0.000000	0.000000	0.087815	0.234529	0.103028	0.116024	0.462794
	0.000000	0.000000	1.000000	0.000000	0.000000	0.085666	0.234745	0.100583	0.119845	0.462890
	0.000000	0.000000	1.000000	0.000000	0.000000	0.088512	0.221842	0.097673	0.116838	0.457436
	0.000000	0.000000	1.000000	0.000000	0.000000	0.084732	0.229667	0.094910	0.114391	0.463166
	0.000000	0.000000	1.000000	0.000000	0.000000	0.091431	0.227389	0.106413	0.122196	0.455089
	0.000000	0.000000	1.000000	0.000000	0.000000	0.084631	0.230391	0.096474	0.114760	0.469803
	0.000000	0.000000	1.000000	0.000000	0.000000	0.092182	0.221439	0.100960	0.119232	0.457979
	0.000000	0.000000	1.000000	0.000000	0.000000	0.092676	0.211267	0.100532	0.120322	0.457121
	0.000000	0.000000	1.000000	0.000000	0.000000	0.089433	0.219438	0.099089	0.114363	0.454805
	0.000000	0.000000	1.000000	0.000000	0.000000	0.087256	0.228408	0.097424	0.117316	0.464654
	0.000000	0.000000	1.000000	0.000000	0.000000	0.085970	0.223216	0.092591	0.115108	0.460850
	0.000000	0.000000	1.000000	0.000000	0.000000	0.091881	0.218385	0.101920	0.121880	0.453750
	0.000000	0.000000	1.000000	0.000000	0.000000	0.092751	0.211899	0.101694	0.120909	0.460186
	0.000000	0.000000	0.000000	1.000000	0.000000	0.080353	0.231580	0.085752	0.110097	0.483460
	0.000000	0.000000	0.000000	1.000000	0.000000	0.081197	0.214503	0.083300	0.108810	0.474692
	0.000000	0.000000	0.000000	1.000000	0.000000	0.088806	0.238308	0.091347	0.113491	0.486073
	0.000000	0.000000	0.000000	1.000000	0.000000	0.083908	0.236633	0.086247	0.106636	0.485021
	0.000000	0.000000	0.000000	1.000000	0.000000	0.086111	0.209142	0.084716	0.106587	0.469967
	0.000000	0.000000	0.000000	1.000000	0.000000	0.089615	0.205543	0.091110	0.112858	0.471338
	0.000000	0.000000	0.000000	1.000000	0.000000	0.087016	0.210357	0.086536	0.113918	0.470415
	0.000000	0.000000	0.000000	1.000000	0.000000	0.082674	0.245134	0.084831	0.106535	0.487507
	0.000000	0.000000	0.000000	1.000000	0.000000	0.089906	0.206993	0.089181	0.111962	0.463887
	0.000000	0.000000	0.000000	1.000000	0.000000	0.084918	0.210883	0.085341	0.102712	0.474205
	0.000000	0.000000	0.000000	1.000000	0.000000	0.085607	0.218122	0.083778	0.110215	0.470114
	0.000000	0.000000	0.000000	1.000000	0.000000	0.079900	0.218557	0.078636	0.106239	0.474365
	0.000000	0.000000	0.000000	1.000000	0.000000	0.079894	0.225909	0.081684	0.108237	0.479912
	0.000000	0.000000	0.000000	1.000000	0.000000	0.087128	0.218955	0.091766	0.113721	0.469806
	0.000000	0.000000	0.000000	1.000000	0.000000	0.081578	0.231968	0.083536	0.108457	0.479752
	0.000000	0.000000	0.000000	1.000000	0.000000	0.082403	0.224035	0.082885	0.109898	0.475157
	0.000000	0.000000	0.000000	0.000000	1.000000	0.081252	0.242849	0.083594	0.102137	0.498759
	0.000000	0.000000	0.000000	0.000000	1.000000	0.081225	0.239941	0.082006	0.103138	0.498480
	0.000000	0.000000	0.000000	0.000000	1.000000	0.081972	0.238956	0.086219	0.103692	0.492292
	0.000000	0.000000	0.000000	0.000000	1.000000	0.082566	0.217660	0.078026	0.098745	0.495619
	0.000000	0.000000	0.000000	0.000000	1.000000	0.084279	0.230417	0.081357	0.103587	0.493594
	0.000000	0.000000	0.000000	0.000000	1.000000	0.078363	0.246044	0.081473	0.102806	0.497437
	0.000000	0.000000	0.000000	0.000000	1.000000	0.079729	0.240693	0.081244	0.099825	0.508852
	0.000000	0.000000	0.000000	0.000000	1.000000	0.081098	0.229952	0.079233	0.098009	0.497646
	0.000000	0.000000	0.000000	0.000000	1.000000	0.074761	0.244343	0.073882	0.095165	0.510935
	0.000000	0.000000	0.000000	0.000000	1.000000	0.073769	0.255953	0.075472	0.097088	0.506854
	0.000000	0.000000	0.000000	0.000000	1.000000	0.075330	0.252274	0.076942	0.098758	0.503256
	0.000000	0.000000	0.000000	0.000000	1.000000	0.074817	0.252141	0.076868	0.096895	0.508703
	0.000000	0.000000	0.000000	0.000000	1.000000	0.079549	0.253520	0.078789	0.103431	0.507139
	0.000000	0.000000	0.000000	0.000000	1.000000	0.077204	0.247111	0.078808	0.098643	0.507575
	0.000000	0.000000	0.000000	0.000000	1.000000	0.079415	0.247586	0.077659	0.104051	0.502671
	0.000000	0.000000	0.000000	0.000000	1.000000	0.080202	0.242946	0.076958	0.102753	0.499150
	0.000000	0.000000	0.000000	0.000000	1.000000	0.079127	0.249872	0.080279	0.102300	0.504488
	0.000000	0.000000	0.000000	0.000000	1.000000	0.082507	0.235374	0.081344	0.102424	0.495752
	0.000000	0.000000	0.000000	0.000000	1.000000	0.082368	0.234118	0.081662	0.101737	0.495320
	0.000000	0.000000	0.000000	0.000000	1.000000	0.078177	0.244548	0.079736	0.103070	0.495635
	0.000000	0.000000	0.000000	0.000000	1.000000	0.082291	0.247450	0.082389	0.103339	0.501307
	0.000000	0.000000	0.000000	0.000000	1.000000	0.087347	0.234167	0.085346	0.107859	0.498380
	0.000000	0.000000	0.000000	0.000000	1.000000	0.078208	0.254737	0.079853	0.100574	0.506745
	0.000000	0.000000	0.000000	0.000000	1.000000	0.082509	0.241455	0.084275	0.103860	0.498516
	0.000000	0.000000	0.000000	0.000000	1.000000	0.079021	0.244422	0.079246	0.103225	0.504045
	0.000000	0.000000	0.000000	0.000000	1.000000	0.079315	0.242525	0.078823	0.102599	0.503682
	0.000000	0.000000	0.000000	0.000000	1.000000	0.078183	0.237425	0.079837	0.093794	0.499093
	0.000000	0.000000	0.000000	0.000000	1.000000	0.075255	0.257939	0.077743	0.100803	0.502163
	0.000000	0.000000	0.000000	0.000000	1.000000	0.081848	0.220556	0.081539	0.099249	0.491715
	0.000000	0.000000	0.000000	0.000000	1.000000	0.083084	0.218238	0.079503	0.109610	0.488028
	0.000000	0.000000	0.000000	0.000000	1.000000	0.081132	0.243923	0.081342	0.103652	0.499741
	0.000000	0.000000	0.000000	0.000000	1.000000	0.079080	0.234093	0.076188	0.098842	0.505581
	0.000000	0.000000	0.000000	0.000000	1.000000	0.073954	0.247996	0.075765	0.093680	0.511274
	0.000000	0.000000	0.000000	0.000000	1.000000	0.077719	0.250960	0.079257	0.101317	0.502672
	0.000000	0.000000	0.000000	0.000000	1.000000	0.085299	0.236294	0.085813	0.108581	0.490938
	0.000000	0.000000	0.000000	0.000000	1.000000	0.081539	0.253994	0.086315	0.105524	0.497710
	0.000000	0.000000	0.000000	0.000000	1.000000	0.078264	0.240045	0.078490	0.099558	0.503792
	0.000000	0.000000	0.000000	0.000000	1.000000	0.071866	0.243031	0.071779	0.094135	0.512439
	0.000000	0.000000	0.000000	0.000000	1.000000	0.078439	0.239839	0.074198	0.097241	0.500087
	0.000000	0.000000	0.000000	0.000000	1.000000	0.077588	0.239509	0.076131	0.099017	0.508404
	0.000000	0.000000	0.000000	0.000000	1.000000	0.076939	0.259041	0.080061	0.102376	0.498543
	0.000000	0.000000	0.000000	0.000000	1.000000	0.079392	0.258387	0.081420	0.106159	0.498829
	0.000000	0.000000	0.000000	0.000000	1.000000	0.076500	0.242815	0.075938	0.096920	0.506468
	0.000000	0.000000	0.000000	0.000000	1.000000	0.078269	0.246732	0.081518	0.100019	0.505206
	0.000000	0.000000	0.000000	0.000000	1.000000	0.080512	0.252890	0.079998	0.103696	0.504253
	0.000000	0.000000	0.000000	0.000000	1.000000	0.079617	0.243426	0.082089	0.103438	0.495633
	0.000000	0.000000	0.000000	0.000000	1.000000	0.076389	0.250297	0.079082	0.100380	0.502680
	0.000000	0.000000	0.000000	0.000000	1.000000	0.079460	0.230567	0.077971	0.102908	0.492318
	0.000000	0.000000	0.000000	0.000000	1.000000	0.083372	0.256540	0.086123	0.109321	0.494072
	0.000000	0.000000	0.000000	0.000000	1.000000	0.074647	0.258457	0.078669	0.099998	0.503615
	0.000000	0.000000	0.000000	0.000000	1.000000	0.075693	0.254677	0.078064	0.100130	0.502498
	0.000000	0.000000	0.000000	0.000000	1.000000	0.091270	0.227169	0.091358	0.109876	0.486952
	0.000000	0.000000	0.000000	0.000000	1.000000	0.084193	0.209170	0.080403	0.106135	0.477220
	0.000000	0.000000	0.000000	0.000000	1.000000	0.083445	0.212946	0.080915	0.106301	0.474373
	0.000000	0.000000	0.000000	0.000000	1.000000	0.082000	0.251695	0.082931	0.109305	0.495653
	0.000000	0.000000	0.000000	0.000000	1.000000	0.082723	0.205496	0.081518	0.109458	0.473699
	0.000000	0.000000	0.000000	0.000000	1.000000	0.087383	0.235223	0.093851	0.107746	0.499919
	0.000000	0.000000	0.000000	0.000000	1.000000	0.079488	0.246272	0.079472	0.102021	0.508531
	0.000000	0.000000	0.000000	0.000000	1.000000	0.080939	0.205533	0.078873	0.102250	0.475155
	0.000000	0.000000	0.000000	0.000000	1.000000	0.081120	0.238256	0.079471	0.102640	0.501393
	0.000000	0.000000	0.000000	0.000000	1.000000	0.082686	0.227293	0.081734	0.103784	0.493462
	0.000000	0.000000	0.000000	0.000000	1.000000	0.074045	0.259661	0.076991	0.099289	0.505472
	0.000000	0.000000	0.000000	0.000000	1.000000	0.081446	0.226706	0.080365	0.099097	0.499655
	0.000000	0.000000	0.000000	0.000000	1.000000	0.082545	0.224918	0.081607	0.099690	0.497664
	0.000000	0.000000	0.000000	0.000000	1.000000	0.083642	0.216240	0.082282	0.106354	0.474141
	1.000000	0.000000	0.000000	0.000000	0.000000	0.087571	0.221078	0.084866	0.106014	0.489361
	1.000000	0.000000	0.000000	0.000000	0.000000	0.082286	0.204129	0.078206	0.106619	0.481042
	1.000000	0.000000	0.000000	0.000000	0.000000	0.084469	0.226342	0.084452	0.105302	0.490820
	1.000000	0.000000	0.000000	0.000000	0.000000	0.084943	0.214434	0.081457	0.104115	0.486277
	1.000000	0.000000	0.000000	0.000000	0.000000	0.086596	0.214624	0.082577	0.107345	0.484968
	1.000000	0.000000	0.000000	0.000000	0.000000	0.087691	0.217724	0.083967	0.104085	0.488003
	1.000000	0.000000	0.000000	0.000000	0.000000	0.089908	0.214762	0.087828	0.108465	0.483880
	1.000000	0.000000	0.000000	0.000000	0.000000	0.090469	0.208923	0.088418	0.108686	0.479768
	1.000000	0.000000	0.000000	0.000000	0.000000	0.087963	0.212423	0.084513	0.104985	0.481536
	1.000000	0.000000	0.000000	0.000000	0.000000	0.083476	0.228977	0.080159	0.104484	0.495554
	1.000000	0.000000	0.000000	0.000000	0.000000	0.081983	0.247898	0.087736	0.110500	0.483355
	1.000000	0.000000	0.000000	0.000000	0.000000	0.085477	0.218368	0.083825	0.104582	0.492958
	1.000000	0.000000	0.000000	0.000000	0.000000	0.084209	0.214153	0.081497	0.099377	0.489478
	1.000000	0.000000	0.000000	0.000000	0.000000	0.088221	0.227300	0.090659	0.107691	0.482715
	1.000000	0.000000	0.000000	0.000000	0.000000	0.085258	0.204103	0.083466	0.110253	0.478204
	1.000000	0.000000	0.000000	0.000000	0.000000	0.093864	0.187885	0.089072	0.115190	0.466429
	0.000000	1.000000	0.000000	0.000000	0.000000	0.084350	0.279775	0.098220	0.116778	0.483353
	0.000000	1.000000	0.000000	0.000000	0.000000	0.073752	0.276168	0.080014	0.099091	0.501851
	0.000000	1.000000	0.000000	0.000000	0.000000	0.083460	0.264732	0.098041	0.115030	0.480027
	0.000000	1.000000	0.000000	0.000000	0.000000	0.078852	0.284905	0.095105	0.110109	0.488618
	0.000000	1.000000	0.000000	0.000000	0.000000	0.072081	0.275051	0.079197	0.098967	0.497770
	0.000000	1.000000	0.000000	0.000000	0.000000	0.081216	0.267909	0.093907	0.110480	0.488565
	0.000000	1.000000	0.000000	0.000000	0.000000	0.075062	0.267018	0.082661	0.103363	0.498811
	0.000000	1.000000	0.000000	0.000000	0.000000	0.068159	0.251798	0.073773	0.096638	0.501497
	0.000000	1.000000	0.000000	0.000000	0.000000	0.082240	0.273519	0.089556	0.109048	0.490085
	0.000000	1.000000	0.000000	0.000000	0.000000	0.077018	0.288210	0.084237	0.106897	0.493998
	0.000000	1.000000	0.000000	0.000000	0.000000	0.084064	0.291287	0.099190	0.116021	0.487178
	0.000000	1.000000	0.000000	0.000000	0.000000	0.077808	0.272940	0.083078	0.102093	0.497961
	0.000000	1.000000	0.000000	0.000000	0.000000	0.078479	0.279914	0.085708	0.106626	0.493441
	0.000000	1.000000	0.000000	0.000000	0.000000	0.079585	0.273409	0.085255	0.107892	0.492984
	0.000000	1.000000	0.000000	0.000000	0.000000	0.078353	0.246971	0.083670	0.100865	0.483714
	0.000000	1.000000	0.000000	0.000000	0.000000	0.079929	0.228367	0.087798	0.113616	0.471178
	0.000000	1.000000	0.000000	0.000000	0.000000	0.082835	0.284847	0.092122	0.113460	0.490084
	0.000000	1.000000	0.000000	0.000000	0.000000	0.065715	0.252205	0.074527	0.093554	0.493935
	0.000000	1.000000	0.000000	0.000000	0.000000	0.080134	0.286774	0.095267	0.110233	0.488759
	0.000000	1.000000	0.000000	0.000000	0.000000	0.081844	0.262626	0.087883	0.109948	0.489950
	0.000000	1.000000	0.000000	0.000000	0.000000	0.077661	0.286289	0.086489	0.106384	0.493957
	0.000000	1.000000	0.000000	0.000000	0.000000	0.078748	0.279231	0.085703	0.109055	0.494024
	0.000000	1.000000	0.000000	0.000000	0.000000	0.067202	0.248981	0.076685	0.091829	0.493330
	0.000000	1.000000	0.000000	0.000000	0.000000	0.082569	0.270738	0.091995	0.109474	0.489234
	0.000000	1.000000	0.000000	0.000000	0.000000	0.082415	0.288383	0.096651	0.111913	0.486351
	0.000000	1.000000	0.000000	0.000000	0.000000	0.078754	0.279687	0.087010	0.106208	0.500321
	0.000000	1.000000	0.000000	0.000000	0.000000	0.064067	0.254311	0.071909	0.092326	0.496958
	0.000000	1.000000	0.000000	0.000000	0.000000	0.082974	0.273497	0.093136	0.109993	0.491526
	0.000000	1.000000	0.000000	0.000000	0.000000	0.078846	0.284607	0.085732	0.106592	0.494466
	0.000000	1.000000	0.000000	0.000000	0.000000	0.080755	0.267902	0.089999	0.107986	0.492931
	0.000000	1.000000	0.000000	0.000000	0.000000	0.076455	0.266675	0.082674	0.106089	0.489984
	0.000000	1.000000	0.000000	0.000000	0.000000	0.081252	0.272974	0.091329	0.111799	0.489026
	0.000000	1.000000	0.000000	0.000000	0.000000	0.078177	0.280304	0.088275	0.108575	0.490018
	0.000000	1.000000	0.000000	0.000000	0.000000	0.078985	0.289062	0.087543	0.108624	0.487787
	0.000000	1.000000	0.000000	0.000000	0.000000	0.077908	0.246711	0.088560	0.107601	0.476789
	0.000000	0.000000	1.000000	0.000000	0.000000	0.087704	0.221693	0.097594	0.113938	0.462755
	0.000000	0.000000	1.000000	0.000000	0.000000	0.084718	0.211977	0.089521	0.113584	0.461055
	0.000000	0.000000	1.000000	0.000000	0.000000	0.093412	0.219716	0.106772	0.122388	0.457592
	0.000000	0.000000	1.000000	0.000000	0.000000	0.082920	0.242096	0.095913	0.111953	0.471179
	0.000000	0.000000	1.000000	0.000000	0.000000	0.084992	0.242789	0.102071	0.115839	0.466352
	0.000000	0.000000	1.000000	0.000000	0.000000	0.085296	0.228456	0.095065	0.113397	0.461168
	0.000000	0.000000	1.000000	0.000000	0.000000	0.086618	0.215083	0.091492	0.116411	0.461445
	0.000000	0.000000	1.000000	0.000000	0.000000	0.087235	0.234358	0.098255	0.123462	0.466071
	0.000000	0.000000	1.000000	0.000000	0.000000	0.085755	0.222138	0.095409	0.118809	0.464482
	0.000000	0.000000	1.000000	0.000000	0.000000	0.089984	0.226251	0.099618	0.120478	0.463724
	0.000000	0.000000	1.000000	0.000000	0.000000	0.089497	0.232593	0.101616	0.116543	0.468950
	0.000000	0.000000	1.000000	0.000000	0.000000	0.091667	0.214333	0.097773	0.120104	0.461781
	0.000000	0.000000	1.000000	0.000000	0.000000	0.089441	0.217278	0.100545	0.121692	0.453936
	0.000000	0.000000	1.000000	0.000000	0.000000	0.079210	0.242510	0.084833	0.106239	0.474712
	0.000000	0.000000	1.000000	0.000000	0.000000	0.090429	0.222511	0.100602	0.118101	0.461439
	0.000000	0.000000	1.000000	0.000000	0.000000	0.089402	0.218829	0.101851	0.121621	0.458441
	0.000000	0.000000	0.000000	1.000000	0.000000	0.084221	0.208325	0.083941	0.108219	0.467078
	0.000000	0.000000	0.000000	1.000000	0.000000	0.084734	0.212174	0.082359	0.107078	0.470725
	0.000000	0.000000	0.000000	1.000000	0.000000	0.077681	0.239826	0.082506	0.103334	0.483817
	0.000000	0.000000	0.000000	1.000000	0.000000	0.084455	0.233908	0.085113	0.107806	0.480676
	0.000000	0.000000	0.000000	1.000000	0.000000	0.086821	0.204888	0.082445	0.111743	0.471134
	0.000000	0.000000	0.000000	1.000000	0.000000	0.083976	0.210168	0.080670	0.105672	0.472757
	0.000000	0.000000	0.000000	1.000000	0.000000	0.088523	0.202688	0.090333	0.110885	0.472837
	0.000000	0.000000	0.000000	1.000000	0.000000	0.082209	0.224812	0.083344	0.109141	0.474997
	0.000000	0.000000	0.000000	1.000000	0.000000	0.083240	0.220503	0.087189	0.111199	0.478087
	0.000000	0.000000	0.000000	1.000000	0.000000	0.078509	0.231345	0.078676	0.103463	0.477978
	0.000000	0.000000	0.000000	1.000000	0.000000	0.085823	0.217348	0.087401	0.113849	0.470423
	0.000000	0.000000	0.000000	1.000000	0.000000	0.084228	0.214710	0.081497	0.108498	0.471400
	0.000000	0.000000	0.000000	1.000000	0.000000	0.083637	0.218229	0.086041	0.110927	0.477900
	0.000000	0.000000	0.000000	1.000000	0.000000	0.087247	0.210037	0.084886	0.117158	0.461987
	0.000000	0.000000	0.000000	1.000000	0.000000	0.089886	0.202897	0.089360	0.109247	0.462268
	0.000000	0.000000	0.000000	0.000000	1.000000	0.083242	0.242123	0.085292	0.104526	0.498096
	0.000000	0.000000	0.000000	0.000000	1.000000	0.082673	0.242138	0.086573	0.103104	0.496434
	0.000000	0.000000	0.000000	0.000000	1.000000	0.076992	0.246259	0.079844	0.097214	0.506359
	0.000000	0.000000	0.000000	0.000000	1.000000	0.080546	0.248128	0.078159	0.105477	0.500308
	0.000000	0.000000	0.000000	0.000000	1.000000	0.079729	0.247098	0.081837	0.104045	0.497120
	0.000000	0.000000	0.000000	0.000000	1.000000	0.083041	0.230442	0.081649	0.100970	0.500545
	0.000000	0.000000	0.000000	0.000000	1.000000	0.080456	0.238760	0.082098	0.103174	0.494768
	0.000000	0.000000	0.000000	0.000000	1.000000	0.079407	0.249672	0.082329	0.101947	0.504720
	0.000000	0.000000	0.000000	0.000000	1.000000	0.086617	0.222120	0.086561	0.105882	0.486026
	0.000000	0.000000	0.000000	0.000000	1.000000	0.089099	0.206928	0.084299	0.103737	0.488546
	0.000000	0.000000	0.000000	0.000000	1.000000	0.077589	0.249152	0.075275	0.101964	0.504374
	0.000000	0.000000	0.000000	0.000000	1.000000	0.083694	0.238907	0.083647	0.105700	0.498813
	0.000000	0.000000	0.000000	0.000000	1.000000	0.074683	0.249608	0.075214	0.098570	0.506186
	0.000000	0.000000	0.000000	0.000000	1.000000	0.078730	0.238512	0.076894	0.098475	0.507469
	0.000000	0.000000	0.000000	0.000000	1.000000	0.076807	0.253718	0.079505	0.099067	0.505896
	0.000000	0.000000	0.000000	0.000000	1.000000	0.080656	0.223442	0.076759	0.097925	0.499528
	0.000000	0.000000	0.000000	0.000000	1.000000	0.080786	0.241592	0.082880	0.102954	0.499683
	0.000000	0.000000	0.000000	0.000000	1.000000	0.076315	0.242178	0.076610	0.100359	0.497921
	0.000000	0.000000	0.000000	0.000000	1.000000	0.077533	0.241361	0.075392	0.099974	0.504743
	0.000000	0.000000	0.000000	0.000000	1.000000	0.079654	0.247160	0.079913	0.105686	0.496347
	0.000000	0.000000	0.000000	0.000000	1.000000	0.078514	0.245868	0.076654	0.101988	0.505226
	0.000000	0.000000	0.000000	0.000000	1.000000	0.076427	0.247251	0.075070	0.099098	0.507844
	0.000000	0.000000	0.000000	0.000000	1.000000	0.082439	0.229251	0.085760	0.100188	0.498397
	0.000000	0.000000	0.000000	0.000000	1.000000	0.081477	0.241115	0.083297	0.103320	0.499456
	0.000000	0.000000	0.000000	0.000000	1.000000	0.078132	0.245014	0.079094	0.099267	0.505436
	0.000000	0.000000	0.000000	0.000000	1.000000	0.076371	0.235635	0.076208	0.099573	0.503833
	0.000000	0.000000	0.000000	0.000000	1.000000	0.081657	0.241063	0.088658	0.100826	0.507770
	0.000000	0.000000	0.000000	0.000000	1.000000	0.083518	0.236901	0.082381	0.105560	0.494544
	0.000000	0.000000	0.000000	0.000000	1.000000	0.083521	0.225847	0.079545	0.102252	0.502702
	0.000000	0.000000	0.000000	0.000000	1.000000	0.079633	0.246826	0.078267	0.101860	0.505134
	0.000000	0.000000	0.000000	0.000000	1.000000	0.080224	0.240893	0.079392	0.100709	0.504502
	0.000000	0.000000	0.000000	0.000000	1.000000	0.074648	0.253104	0.078140	0.097673	0.503463
	0.000000	0.000000	0.000000	0.000000	1.000000	0.083965	0.254167	0.088580	0.101731	0.507180
	0.000000	0.000000	0.000000	0.000000	1.000000	0.072368	0.249640	0.071869	0.094518	0.513429
	0.000000	0.000000	0.000000	0.000000	1.000000	0.082644	0.235122	0.082656	0.103559	0.498192
	0.000000	0.000000	0.000000	0.000000	1.000000	0.073317	0.254599	0.077394	0.098891	0.502680
	0.000000	0.000000	0.000000	0.000000	1.000000	0.081619	0.247847	0.081425	0.103950	0.502473
	0.000000	0.000000	0.000000	0.000000	1.000000	0.074926	0.254498	0.078119	0.101675	0.502775
	0.000000	0.000000	0.000000	0.000000	1.000000	0.074636	0.252357	0.078815	0.099941	0.505486
	0.000000	0.000000	0.000000	0.000000	1.000000	0.077538	0.246897	0.081451	0.101803	0.499233
	0.000000	0.000000	0.000000	0.000000	1.000000	0.075411	0.256461	0.075601	0.096170	0.508233
	0.000000	0.000000	0.000000	0.000000	1.000000	0.079384	0.246433	0.079444	0.102590	0.500236
	0.000000	0.000000	0.000000	0.000000	1.000000	0.077253	0.236685	0.075521	0.097430	0.507667
	0.000000	0.000000	0.000000	0.000000	1.000000	0.080227	0.238158	0.077890	0.104249	0.497186
	0.000000	0.000000	0.000000	0.000000	1.000000	0.080238	0.242139	0.078238	0.101499	0.504079
	0.000000	0.000000	0.000000	0.000000	1.000000	0.078352	0.247564	0.077077	0.102365	0.504579
	0.000000	0.000000	0.000000	0.000000	1.000000	0.077722	0.232227	0.078131	0.094793	0.501691
	0.000000	0.000000	0.000000	0.000000	1.000000	0.077154	0.240659	0.077943	0.099991	0.499801
	0.000000	0.000000	0.000000	0.000000	1.000000	0.079113	0.247868	0.080508	0.097150	0.499788
	0.000000	0.000000	0.000000	0.000000	1.000000	0.079309	0.236850	0.078795	0.098553	0.503789
	0.000000	0.000000	0.000000	0.000000	1.000000	0.080856	0.229903	0.081065	0.099324	0.501131
	0.000000	0.000000	0.000000	0.000000	1.000000	0.074400	0.246927	0.075327	0.095908	0.510794
	0.000000	0.000000	0.000000	0.000000	1.000000	0.076142	0.267208	0.081966	0.101780	0.504647
	0.000000	0.000000	0.000000	0.000000	1.000000	0.073696	0.253624	0.075580	0.095775	0.508804
	0.000000	0.000000	0.000000	0.000000	1.000000	0.082517	0.208755	0.081485	0.103780	0.475195
	0.000000	0.000000	0.000000	0.000000	1.000000	0.078487	0.238358	0.079439	0.099720	0.499083
	0.000000	0.000000	0.000000	0.000000	1.000000	0.081916	0.248724	0.082177	0.105528	0.501259
	0.000000	0.000000	0.000000	0.000000	1.000000	0.080075	0.241297	0.082126	0.103078	0.500738
	0.000000	0.000000	0.000000	0.000000	1.000000	0.082901	0.227427	0.085303	0.102975	0.497775
	0.000000	0.000000	0.000000	0.000000	1.000000	0.081180	0.232891	0.081649	0.099286	0.502069
	0.000000	0.000000	0.000000	0.000000	1.000000	0.080793	0.239800	0.081808	0.103037	0.500767
