	1.000000	0.000000	0.000000	0.000000	0.000000	-0.084166	1.103061	-0.033836	-0.092987	0.509851
	1.000000	0.000000	0.000000	0.000000	0.000000	0.292608	0.892478	0.094424	0.026226	0.324644
	1.000000	0.000000	0.000000	0.000000	0.000000	0.145873	0.128403	-0.011357	-0.038919	-0.047851
	1.000000	0.000000	0.000000	0.000000	0.000000	0.032881	0.661270	-0.117392	0.076712	-0.069393
	1.000000	0.000000	0.000000	0.000000	0.000000	-0.094468	0.911109	0.075898	-0.027650	-0.019463
	1.000000	0.000000	0.000000	0.000000	0.000000	0.080566	1.117929	0.040896	-0.037892	0.353417
	1.000000	0.000000	0.000000	0.000000	0.000000	0.058060	-0.115869	-0.106383	0.226455	0.936891
	1.000000	0.000000	0.000000	0.000000	0.000000	-0.091919	0.668701	0.272756	-0.056347	0.056206
	1.000000	0.000000	0.000000	0.000000	0.000000	0.268104	1.113193	0.089831	-0.084726	1.124622
	1.000000	0.000000	0.000000	0.000000	0.000000	-0.051796	0.973385	0.165193	0.083480	1.042850
	1.000000	0.000000	0.000000	0.000000	0.000000	-0.090132	0.940577	0.454446	0.171935	1.124608
	1.000000	0.000000	0.000000	0.000000	0.000000	-0.044496	-0.096869	-0.124996	0.115648	0.154246
	1.000000	0.000000	0.000000	0.000000	0.000000	0.003889	0.108199	0.080771	0.349556	0.127239
	1.000000	0.000000	0.000000	0.000000	0.000000	-0.124755	0.474461	-0.089203	0.041184	0.955155
	0.000000	1.000000	0.000000	0.000000	0.000000	0.043216	0.817725	-0.045482	-0.086065	1.123248
	0.000000	1.000000	0.000000	0.000000	0.000000	-0.123579	0.085594	-0.008626	-0.076787	0.971105
	0.000000	1.000000	0.000000	0.000000	0.000000	-0.091800	0.560406	-0.037202	0.295523	1.071011
	0.000000	1.000000	0.000000	0.000000	0.000000	0.169117	0.695876	-0.084309	0.267957	-0.043786
	0.000000	1.000000	0.000000	0.000000	0.000000	-0.124478	-0.026031	0.343590	-0.061780	-0.095229
	0.000000	1.000000	0.000000	0.000000	0.000000	-0.008203	0.466220	0.267562	0.404713	-0.124903
	0.000000	1.000000	0.000000	0.000000	0.000000	-0.026115	-0.058328	-0.120956	0.291558	-0.092451
	0.000000	1.000000	0.000000	0.000000	0.000000	0.046012	0.615322	-0.119274	0.294960	1.124275
	0.000000	1.000000	0.000000	0.000000	0.000000	-0.088180	-0.115362	-0.091802	0.254303	1.123358
	0.000000	1.000000	0.000000	0.000000	0.000000	0.112767	0.304526	-0.122170	0.344199	0.879761
	0.000000	1.000000	0.000000	0.000000	0.000000	-0.016791	-0.081726	0.026914	0.063564	0.285799
	0.000000	1.000000	0.000000	0.000000	0.000000	0.112466	0.131038	0.001468	-0.032523	1.109627
	0.000000	1.000000	0.000000	0.000000	0.000000	-0.107175	0.254981	0.434472	0.086712	0.971567
	0.000000	1.000000	0.000000	0.000000	0.000000	-0.124285	0.015711	0.397122	0.383145	0.383091
	0.000000	1.000000	0.000000	0.000000	0.000000	-0.089411	-0.106705	-0.000908	-0.079724	1.118240
	0.000000	1.000000	0.000000	0.000000	0.000000	-0.053390	-0.067662	0.259437	0.136102	0.670885
	0.000000	1.000000	0.000000	0.000000	0.000000	-0.029090	1.064435	0.115162	-0.075518	0.247300
	0.000000	1.000000	0.000000	0.000000	0.000000	-0.027807	0.408408	0.628031	-0.000980	0.173569
	0.000000	1.000000	0.000000	0.000000	0.000000	-0.124449	0.164471	-0.077975	-0.000675	1.020775
	0.000000	1.000000	0.000000	0.000000	0.000000	-0.115331	0.882704	0.142890	0.022340	0.542417
	0.000000	1.000000	0.000000	0.000000	0.000000	-0.123392	0.567279	-0.027086	0.043033	-0.093506
	0.000000	1.000000	0.000000	0.000000	0.000000	-0.124958	1.119044	-0.105210	0.105942	0.225611
	0.000000	1.000000	0.000000	0.000000	0.000000	-0.031655	0.445521	-0.080764	0.150254	-0.038030
	0.000000	1.000000	0.000000	0.000000	0.000000	-0.124318	0.717647	-0.067249	-0.070052	-0.114736
	0.000000	1.000000	0.000000	0.000000	0.000000	-0.115216	0.552159	0.695787	-0.067321	0.467294
	0.000000	1.000000	0.000000	0.000000	0.000000	-0.069899	0.396519	-0.120174	0.017734	0.266936
	0.000000	1.000000	0.000000	0.000000	0.000000	-0.090964	-0.059547	-0.050146	0.110553	0.048305
	0.000000	1.000000	0.000000	0.000000	0.000000	-0.031519	0.020233	-0.120977	0.318575	0.770160
	0.000000	1.000000	0.000000	0.000000	0.000000	-0.094077	0.071155	-0.104778	0.119323	-0.075298
	0.000000	1.000000	0.000000	0.000000	0.000000	-0.087687	1.114763	0.409001	0.313287	0.523059
	0.000000	1.000000	0.000000	0.000000	0.000000	0.072992	0.835636	0.299050	0.161685	1.122614
	0.000000	1.000000	0.000000	0.000000	0.000000	-0.062199	-0.081293	-0.056913	0.050531	-0.082709
	0.000000	1.000000	0.000000	0.000000	0.000000	-0.028627	-0.123645	0.270857	0.010162	0.283860
	0.000000	1.000000	0.000000	0.000000	0.000000	-0.113141	0.823466	0.447696	0.421866	-0.096413
	0.000000	1.000000	0.000000	0.000000	0.000000	-0.010416	0.450733	-0.050391	0.139176	0.931190
	0.000000	1.000000	0.000000	0.000000	0.000000	-0.029343	0.227410	-0.083676	0.087927	1.098884
	0.000000	1.000000	0.000000	0.000000	0.000000	-0.069295	-0.010224	0.469649	0.000468	1.055979
	0.000000	1.000000	0.000000	0.000000	0.000000	0.069424	0.841475	0.624461	-0.022705	0.122108
	0.000000	1.000000	0.000000	0.000000	0.000000	-0.107812	0.721165	-0.124685	0.120740	0.097794
	0.000000	0.000000	1.000000	0.000000	0.000000	-0.107299	0.899544	-0.124812	0.060444	0.560173
	0.000000	0.000000	1.000000	0.000000	0.000000	-0.107772	-0.059741	-0.119344	-0.095207	-0.017851
	0.000000	0.000000	1.000000	0.000000	0.000000	0.133596	0.383979	0.044985	0.201669	-0.094799
	0.000000	0.000000	1.000000	0.000000	0.000000	-0.112486	1.120993	-0.109534	-0.100170	0.601704
	0.000000	0.000000	1.000000	0.000000	0.000000	0.137445	0.082435	-0.014542	-0.078966	-0.082508
	0.000000	0.000000	1.000000	0.000000	0.000000	-0.071310	1.117043	0.010605	0.277201	1.110101
	0.000000	0.000000	1.000000	0.000000	0.000000	-0.124977	1.069912	-0.092950	0.077437	-0.122982
	0.000000	0.000000	1.000000	0.000000	0.000000	-0.039251	0.475859	-0.013492	0.315536	-0.120343
	0.000000	0.000000	1.000000	0.000000	0.000000	-0.123525	0.514270	0.013065	0.232484	-0.122185
	0.000000	0.000000	1.000000	0.000000	0.000000	-0.073069	1.025095	0.090508	0.198160	1.024552
	0.000000	0.000000	1.000000	0.000000	0.000000	0.015472	0.697187	0.447123	0.210594	1.112977
	0.000000	0.000000	1.000000	0.000000	0.000000	-0.055368	0.439713	-0.085564	-0.076891	1.124099
	0.000000	0.000000	1.000000	0.000000	0.000000	0.018689	1.028109	-0.089433	0.209411	0.050177
	0.000000	0.000000	0.000000	1.000000	0.000000	-0.096717	0.026694	-0.118297	-0.026901	1.065175
	0.000000	0.000000	0.000000	1.000000	0.000000	-0.058467	1.049208	-0.115163	0.028070	0.263184
	0.000000	0.000000	0.000000	1.000000	0.000000	-0.074457	0.001838	-0.073492	-0.076976	0.188386
	0.000000	0.000000	0.000000	1.000000	0.000000	-0.090558	0.528055	0.712435	0.204223	1.119575
	0.000000	0.000000	0.000000	1.000000	0.000000	-0.042925	-0.042537	0.359667	0.046899	0.261626
	0.000000	0.000000	0.000000	1.000000	0.000000	-0.070352	0.449724	0.566977	0.125709	0.165392
	0.000000	0.000000	0.000000	1.000000	0.000000	-0.122608	1.090177	0.087496	0.229639	0.049909
	0.000000	0.000000	0.000000	1.000000	0.000000	0.227162	-0.117814	-0.064968	0.146036	-0.001128
	0.000000	0.000000	0.000000	1.000000	0.000000	0.071333	-0.112585	-0.026373	0.025100	0.544979
	0.000000	0.000000	0.000000	1.000000	0.000000	-0.091377	1.120081	0.255325	0.237763	0.127582
	0.000000	0.000000	0.000000	1.000000	0.000000	-0.116194	0.212767	0.033862	0.098056	0.045438
	0.000000	0.000000	0.000000	1.000000	0.000000	-0.055706	-0.123232	-0.066041	0.318518	0.122379
	0.000000	0.000000	0.000000	1.000000	0.000000	-0.086821	0.686681	-0.122789	0.180647	1.061400
	0.000000	0.000000	0.000000	1.000000	0.000000	0.019733	0.383875	-0.058427	0.236502	1.120720
	0.000000	0.000000	0.000000	1.000000	0.000000	-0.118553	0.525863	0.231352	0.049036	1.123564
	0.000000	0.000000	0.000000	1.000000	0.000000	-0.066599	-0.049449	0.561911	0.032946	0.915483
	0.000000	0.000000	0.000000	0.000000	1.000000	0.079008	1.112449	0.098173	0.203275	1.123177
	0.000000	0.000000	0.000000	0.000000	1.000000	-0.054616	0.842194	0.407548	0.036019	0.267232
	0.000000	0.000000	0.000000	0.000000	1.000000	-0.120992	0.225693	-0.066423	0.218283	0.029113
	0.000000	0.000000	0.000000	0.000000	1.000000	-0.070658	0.867006	0.064101	0.356023	1.120006
	0.000000	0.000000	0.000000	0.000000	1.000000	-0.091353	0.654553	-0.079930	0.147130	1.087957
	0.000000	0.000000	0.000000	0.000000	1.000000	-0.114555	-0.076273	0.145448	-0.047953	0.115108
	0.000000	0.000000	0.000000	0.000000	1.000000	-0.004942	0.655526	0.008463	0.264707	0.169163
	0.000000	0.000000	0.000000	0.000000	1.000000	-0.124556	0.074266	0.098600	0.236365	0.707055
	0.000000	0.000000	0.000000	0.000000	1.000000	0.191334	-0.044154	0.012364	0.017204	1.100279
	0.000000	0.000000	0.000000	0.000000	1.000000	-0.122765	0.685121	0.312291	0.193603	0.305720
	0.000000	0.000000	0.000000	0.000000	1.000000	-0.101847	1.094584	0.182995	0.012059	0.705493
	0.000000	0.000000	0.000000	0.000000	1.000000	-0.123077	0.154609	-0.101397	0.009313	0.999554
	0.000000	0.000000	0.000000	0.000000	1.000000	0.027096	-0.101790	0.111625	-0.088028	0.295198
	0.000000	0.000000	0.000000	0.000000	1.000000	-0.118354	0.353816	0.179992	-0.089309	0.983064
	0.000000	0.000000	0.000000	0.000000	1.000000	-0.069413	1.120603	-0.124738	-0.028744	0.996966
	0.000000	0.000000	0.000000	0.000000	1.000000	-0.094211	-0.026027	0.011467	0.285577	0.597617
	0.000000	0.000000	0.000000	0.000000	1.000000	0.062994	1.002848	0.011614	0.023983	0.382602
	0.000000	0.000000	0.000000	0.000000	1.000000	-0.031226	0.986151	0.214391	-0.004027	0.747707
	0.000000	0.000000	0.000000	0.000000	1.000000	-0.107195	0.544962	0.390115	0.137074	1.106486
	0.000000	0.000000	0.000000	0.000000	1.000000	-0.124494	0.192133	0.229224	0.273633	0.675259
	0.000000	0.000000	0.000000	0.000000	1.000000	-0.124995	-0.004318	-0.113790	0.086306	1.088187
	0.000000	0.000000	0.000000	0.000000	1.000000	-0.043750	0.636310	-0.074454	-0.075079	0.531787
	0.000000	0.000000	0.000000	0.000000	1.000000	-0.124894	0.951559	-0.063042	0.037194	0.495130
	0.000000	0.000000	0.000000	0.000000	1.000000	-0.116921	1.082758	-0.053590	-0.083939	0.850123
	0.000000	0.000000	0.000000	0.000000	1.000000	-0.051070	0.379923	0.106425	0.061384	-0.011996
	0.000000	0.000000	0.000000	0.000000	1.000000	-0.075500	0.022501	-0.073978	0.084992	0.157607
	0.000000	0.000000	0.000000	0.000000	1.000000	0.311432	0.469376	0.092759	0.045951	0.467944
	0.000000	0.000000	0.000000	0.000000	1.000000	-0.101070	-0.112288	0.200936	0.231823	1.026121
	0.000000	0.000000	0.000000	0.000000	1.000000	-0.066835	0.857518	-0.034077	-0.055036	0.121921
	0.000000	0.000000	0.000000	0.000000	1.000000	0.166516	0.520049	-0.016000	0.127661	0.048286
	0.000000	0.000000	0.000000	0.000000	1.000000	0.170331	0.451212	-0.036566	0.296881	1.035449
	0.000000	0.000000	0.000000	0.000000	1.000000	0.056333	1.099167	0.072878	-0.007766	0.111732
	0.000000	0.000000	0.000000	0.000000	1.000000	-0.095686	0.065733	-0.078655	0.171118	1.099798
	0.000000	0.000000	0.000000	0.000000	1.000000	-0.122873	1.119209	-0.124772	0.264889	0.457308
	0.000000	0.000000	0.000000	0.000000	1.000000	-0.036709	0.030632	0.222874	0.389465	-0.122961
	0.000000	0.000000	0.000000	0.000000	1.000000	0.006124	0.865069	-0.085849	0.103825	-0.051999
	0.000000	0.000000	0.000000	0.000000	1.000000	-0.105552	1.080805	-0.060464	0.301893	1.079078
	0.000000	0.000000	0.000000	0.000000	1.000000	0.143518	0.331363	-0.020445	0.174853	0.895303
	0.000000	0.000000	0.000000	0.000000	1.000000	-0.031729	0.892714	0.064594	0.052523	0.536064
	0.000000	0.000000	0.000000	0.000000	1.000000	0.006212	-0.124946	-0.069568	0.285046	-0.086425
	0.000000	0.000000	0.000000	0.000000	1.000000	-0.123307	0.003000	0.681849	0.057967	-0.047208
	0.000000	0.000000	0.000000	0.000000	1.000000	-0.119662	0.815564	-0.076277	-0.100322	1.006284
	0.000000	0.000000	0.000000	0.000000	1.000000	0.171534	0.002793	0.455238	0.008427	1.088055
	0.000000	0.000000	0.000000	0.000000	1.000000	-0.066572	0.432020	-0.118365	0.076116	1.081794
	0.000000	0.000000	0.000000	0.000000	1.000000	0.125359	0.779339	0.038290	0.260171	0.300921
	0.000000	0.000000	0.000000	0.000000	1.000000	-0.074632	-0.019245	-0.102059	0.287471	0.671454
	0.000000	0.000000	0.000000	0.000000	1.000000	-0.099701	-0.119079	-0.124935	-0.096950	-0.055583
	0.000000	0.000000	0.000000	0.000000	1.000000	-0.122985	-0.082368	-0.114475	0.082006	0.072051
	0.000000	0.000000	0.000000	0.000000	1.000000	0.026812	-0.122293	-0.088628	0.234059	0.144631
	0.000000	0.000000	0.000000	0.000000	1.000000	-0.068772	0.572125	0.066247	-0.089943	1.107373
	0.000000	0.000000	0.000000	0.000000	1.000000	-0.102720	0.338826	0.624684	0.129918	0.126434
	0.000000	0.000000	0.000000	0.000000	1.000000	-0.046708	0.486266	0.507016	0.105026	1.124917
	0.000000	0.000000	0.000000	0.000000	1.000000	-0.083933	-0.122968	-0.062205	-0.040039	1.079238
	0.000000	0.000000	0.000000	0.000000	1.000000	-0.095091	-0.092798	-0.124052	0.053254	0.849694
	0.000000	0.000000	0.000000	0.000000	1.000000	-0.036442	0.621397	0.148604	0.022615	0.137420
	0.000000	0.000000	0.000000	0.000000	1.000000	-0.124905	0.801480	0.379752	0.144188	0.669435
	0.000000	0.000000	0.000000	0.000000	1.000000	-0.109049	-0.057036	0.038316	0.220951	0.437264
	0.000000	0.000000	0.000000	0.000000	1.000000	-0.017943	0.450522	-0.086840	0.318406	1.030354
	0.000000	0.000000	0.000000	0.000000	1.000000	-0.058060	-0.104200	0.150497	0.226223	0.717196
	0.000000	0.000000	0.000000	0.000000	1.000000	-0.088328	1.121570	-0.120935	0.155119	1.075853
	0.000000	0.000000	0.000000	0.000000	1.000000	-0.106575	0.155128	-0.122811	0.027425	0.937633
	0.000000	0.000000	0.000000	0.000000	1.000000	-0.097819	0.167616	0.563708	0.130818	0.720685
	0.000000	0.000000	0.000000	0.000000	1.000000	-0.058563	0.598327	0.202769	0.444257	0.409909
	0.000000	0.000000	0.000000	0.000000	1.000000	0.018008	-0.090315	-0.007605	0.308734	0.911919
	0.000000	0.000000	0.000000	0.000000	1.000000	-0.110030	0.084314	0.272675	-0.045826	1.124219
	1.000000	0.000000	0.000000	0.000000	0.000000	-0.112544	0.230515	-0.123381	0.281536	0.451019
	1.000000	0.000000	0.000000	0.000000	0.000000	-0.115003	0.553443	-0.061017	0.047067	0.091592
	1.000000	0.000000	0.000000	0.000000	0.000000	-0.119316	0.853107	0.199003	0.201826	0.167816
	1.000000	0.000000	0.000000	0.000000	0.000000	-0.042001	1.085706	-0.108763	-0.032831	0.056873
	1.000000	0.000000	0.000000	0.000000	0.000000	-0.065806	0.963187	0.292459	0.010585	0.303956
	1.000000	0.000000	0.000000	0.000000	0.000000	-0.064076	0.745622	0.158009	0.269337	1.120590
	1.000000	0.000000	0.000000	0.000000	0.000000	-0.074129	-0.088701	-0.114652	0.095954	-0.024550
	1.000000	0.000000	0.000000	0.000000	0.000000	-0.121558	0.695171	0.200148	0.120290	0.806782
	1.000000	0.000000	0.000000	0.000000	0.000000	0.038647	-0.101532	0.079604	0.221511	0.450644
	1.000000	0.000000	0.000000	0.000000	0.000000	0.093401	0.825464	0.161109	0.259624	0.113293
	1.000000	0.000000	0.000000	0.000000	0.000000	-0.121559	-0.006950	-0.031155	-0.055289	0.334529
	1.000000	0.000000	0.000000	0.000000	0.000000	0.089949	0.156695	-0.068138	-0.023776	0.124809
	1.000000	0.000000	0.000000	0.000000	0.000000	-0.050370	0.800077	-0.085393	0.358215	-0.073994
	1.000000	0.000000	0.000000	0.000000	0.000000	0.120849	0.486766	-0.054632	-0.008007	-0.099666
	1.000000	0.000000	0.000000	0.000000	0.000000	-0.019911	1.085306	0.053534	-0.054880	0.383132
	1.000000	0.000000	0.000000	0.000000	0.000000	-0.009963	1.074048	-0.054071	0.046389	-0.124996
	0.000000	1.000000	0.000000	0.000000	0.000000	-0.124964	0.339581	0.065315	-0.042358	0.547096
	0.000000	1.000000	0.000000	0.000000	0.000000	0.032567	0.969324	0.104726	0.125834	0.727619
	0.000000	1.000000	0.000000	0.000000	0.000000	0.095930	1.115693	0.121355	-0.004363	0.441723
	0.000000	1.000000	0.000000	0.000000	0.000000	-0.107881	1.007273	0.394338	0.090016	0.152449
	0.000000	1.000000	0.000000	0.000000	0.000000	0.195090	-0.091288	0.141499	0.074761	0.793351
	0.000000	1.000000	0.000000	0.000000	0.000000	-0.036152	1.113243	0.589910	-0.043734	0.941828
	0.000000	1.000000	0.000000	0.000000	0.000000	0.003495	0.856128	0.032110	-0.002194	-0.108469
	0.000000	1.000000	0.000000	0.000000	0.000000	-0.117843	-0.029821	-0.030966	0.118059	1.108055
	0.000000	1.000000	0.000000	0.000000	0.000000	-0.076479	0.919269	-0.075493	0.298394	-0.011227
	0.000000	1.000000	0.000000	0.000000	0.000000	-0.116359	1.124372	-0.085698	-0.029506	0.868677
	0.000000	1.000000	0.000000	0.000000	0.000000	-0.108558	0.431417	0.320272	0.289711	1.016012
	0.000000	1.000000	0.000000	0.000000	0.000000	-0.124288	0.584459	-0.123219	0.039426	0.518400
	0.000000	1.000000	0.000000	0.000000	0.000000	-0.062475	0.386900	0.097107	0.295584	0.179200
	0.000000	1.000000	0.000000	0.000000	0.000000	-0.061332	0.463033	0.004572	-0.057059	0.370456
	0.000000	1.000000	0.000000	0.000000	0.000000	-0.106443	0.967570	0.371147	-0.014484	0.628417
	0.000000	1.000000	0.000000	0.000000	0.000000	-0.034208	0.878604	0.048364	0.384145	1.054309
	0.000000	1.000000	0.000000	0.000000	0.000000	-0.108766	1.123923	0.158450	0.118995	0.837950
	0.000000	1.000000	0.000000	0.000000	0.000000	0.040484	0.791319	-0.053526	0.268322	1.094315
	0.000000	1.000000	0.000000	0.000000	0.000000	-0.118662	0.539783	-0.120388	-0.023114	1.092084
	0.000000	1.000000	0.000000	0.000000	0.000000	-0.031398	0.516007	0.019787	-0.020614	1.107408
	0.000000	1.000000	0.000000	0.000000	0.000000	0.002731	0.683513	-0.123221	0.073267	1.100849
	0.000000	1.000000	0.000000	0.000000	0.000000	-0.026231	-0.066128	0.013363	0.023255	1.091724
	0.000000	1.000000	0.000000	0.000000	0.000000	-0.073522	0.787232	-0.069361	0.016300	-0.086544
	0.000000	1.000000	0.000000	0.000000	0.000000	-0.068147	0.718078	-0.056332	-0.017881	0.976194
	0.000000	1.000000	0.000000	0.000000	0.000000	-0.014369	0.253528	-0.040916	0.046285	-0.110364
	0.000000	1.000000	0.000000	0.000000	0.000000	-0.124456	0.044938	-0.104803	0.043531	0.138089
	0.000000	1.000000	0.000000	0.000000	0.000000	-0.116488	1.124341	0.378114	-0.012793	1.124971
	0.000000	1.000000	0.000000	0.000000	0.000000	-0.087142	1.107020	-0.095461	0.009883	1.071819
	0.000000	1.000000	0.000000	0.000000	0.000000	0.011979	0.988272	-0.091505	0.187222	0.646912
	0.000000	1.000000	0.000000	0.000000	0.000000	-0.000204	0.593045	-0.017589	0.024218	0.989784
	0.000000	1.000000	0.000000	0.000000	0.000000	-0.101161	0.210017	0.315284	0.381516	1.124727
	0.000000	1.000000	0.000000	0.000000	0.000000	-0.119389	0.723425	-0.094909	0.128634	1.119699
	0.000000	1.000000	0.000000	0.000000	0.000000	-0.091439	-0.076092	-0.108975	-0.097513	1.083435
	0.000000	1.000000	0.000000	0.000000	0.000000	-0.121419	0.965070	0.075920	0.146174	-0.063053
	0.000000	1.000000	0.000000	0.000000	0.000000	-0.123246	0.816438	0.277267	0.066556	1.059970
	0.000000	0.000000	1.000000	0.000000	0.000000	-0.069519	-0.080379	-0.118342	-0.090863	-0.063265
	0.000000	0.000000	1.000000	0.000000	0.000000	-0.124341	0.738908	0.506546	0.335323	0.152362
	0.000000	0.000000	1.000000	0.000000	0.000000	0.332565	-0.100242	-0.057564	0.263329	0.145442
	0.000000	0.000000	1.000000	0.000000	0.000000	-0.112967	0.266952	0.022695	0.003105	1.041328
	0.000000	0.000000	1.000000	0.000000	0.000000	-0.118973	-0.106658	0.076878	0.067241	1.093360
	0.000000	0.000000	1.000000	0.000000	0.000000	-0.108055	0.763439	-0.102845	0.160558	0.945396
	0.000000	0.000000	1.000000	0.000000	0.000000	-0.076021	-0.110606	-0.023252	-0.008619	1.119092
	0.000000	0.000000	1.000000	0.000000	0.000000	-0.040602	0.038677	0.483732	0.141212	-0.107973
	0.000000	0.000000	1.000000	0.000000	0.000000	-0.110132	0.923225	-0.008101	-0.063034	1.070915
	0.000000	0.000000	1.000000	0.000000	0.000000	-0.118409	0.045846	-0.102946	-0.090799	-0.021936
	0.000000	0.000000	1.000000	0.000000	0.000000	-0.066692	0.913083	0.099074	-0.095210	0.747058
	0.000000	0.000000	1.000000	0.000000	0.000000	-0.039351	1.123752	0.037521	-0.030799	1.011632
	0.000000	0.000000	1.000000	0.000000	0.000000	-0.057472	0.776430	0.557005	0.231551	-0.117351
	0.000000	0.000000	1.000000	0.000000	0.000000	-0.102280	-0.123853	0.180817	0.132127	0.907307
	0.000000	0.000000	1.000000	0.000000	0.000000	-0.050682	0.700009	-0.054412	0.184267	1.046425
	0.000000	0.000000	1.000000	0.000000	0.000000	0.015472	0.404240	-0.120298	-0.059014	0.953401
	0.000000	0.000000	0.000000	1.000000	0.000000	-0.116742	-0.124069	-0.054487	0.309461	0.517693
	0.000000	0.000000	0.000000	1.000000	0.000000	0.209522	0.292934	-0.021918	0.167017	0.691435
	0.000000	0.000000	0.000000	1.000000	0.000000	-0.110457	-0.009587	0.237454	0.234089	0.280138
	0.000000	0.000000	0.000000	1.000000	0.000000	-0.124510	0.219444	0.009675	0.141827	0.866354
	0.000000	0.000000	0.000000	1.000000	0.000000	-0.111219	0.446494	0.120776	0.158162	0.291630
	0.000000	0.000000	0.000000	1.000000	0.000000	0.007377	0.530359	-0.000704	0.063976	0.855551
	0.000000	0.000000	0.000000	1.000000	0.000000	-0.122265	1.124008	-0.118867	0.117800	0.844621
	0.000000	0.000000	0.000000	1.000000	0.000000	0.071559	-0.054371	0.136277	-0.066815	0.778821
	0.000000	0.000000	0.000000	1.000000	0.000000	-0.063835	0.984204	-0.116701	0.069357	1.084364
	0.000000	0.000000	0.000000	1.000000	0.000000	0.194324	1.118146	0.026750	0.036571	0.320955
	0.000000	0.000000	0.000000	1.000000	0.000000	-0.106659	0.500761	0.526229	0.108634	0.924541
	0.000000	0.000000	0.000000	1.000000	0.000000	-0.113438	0.039937	0.254715	0.190912	1.106094
	0.000000	0.000000	0.000000	1.000000	0.000000	-0.003368	1.021352	0.683077	-0.003183	0.863001
	0.000000	0.000000	0.000000	1.000000	0.000000	-0.109735	-0.124903	-0.108884	-0.097153	0.488775
	0.000000	0.000000	0.000000	1.000000	0.000000	-0.117600	0.409183	0.363087	0.088724	1.124360
	0.000000	0.000000	0.000000	0.000000	1.000000	-0.124113	1.001064	0.245278	0.162850	1.124581
	0.000000	0.000000	0.000000	0.000000	1.000000	-0.087855	0.016401	0.015303	-0.078827	0.708567
	0.000000	0.000000	0.000000	0.000000	1.000000	-0.098963	-0.075405	0.386103	-0.012721	0.442463
	0.000000	0.000000	0.000000	0.000000	1.000000	-0.115580	0.185474	-0.100864	0.118608	1.009259
	0.000000	0.000000	0.000000	0.000000	1.000000	-0.079038	0.488643	0.101668	0.251861	-0.124777
	0.000000	0.000000	0.000000	0.000000	1.000000	-0.026673	0.472979	-0.123135	0.192670	1.090403
	0.000000	0.000000	0.000000	0.000000	1.000000	-0.123459	0.944081	-0.063852	0.016411	0.995304
	0.000000	0.000000	0.000000	0.000000	1.000000	0.112770	0.985049	0.468856	-0.015774	0.320693
	0.000000	0.000000	0.000000	0.000000	1.000000	-0.059211	-0.075578	-0.085378	0.138727	1.039218
	0.000000	0.000000	0.000000	0.000000	1.000000	0.011491	1.101248	0.543220	0.179598	0.946132
	0.000000	0.000000	0.000000	0.000000	1.000000	0.226139	0.224157	0.010691	0.080640	1.120753
	0.000000	0.000000	0.000000	0.000000	1.000000	-0.117394	0.004614	-0.119925	-0.097131	-0.110569
	0.000000	0.000000	0.000000	0.000000	1.000000	-0.015206	0.084061	0.093754	0.061675	0.916592
	0.000000	0.000000	0.000000	0.000000	1.000000	-0.086386	0.250737	-0.122469	0.131357	1.100260
	0.000000	0.000000	0.000000	0.000000	1.000000	-0.082583	0.856168	-0.122255	0.093023	1.056734
	0.000000	0.000000	0.000000	0.000000	1.000000	-0.029556	0.193646	-0.101650	0.144741	-0.106058
	0.000000	0.000000	0.000000	0.000000	1.000000	-0.067515	1.124490	0.022293	0.115607	-0.118949
	0.000000	0.000000	0.000000	0.000000	1.000000	-0.003403	0.493286	-0.080757	0.266370	-0.087039
	0.000000	0.000000	0.000000	0.000000	1.000000	0.126255	0.627550	-0.013046	0.295935	0.774096
	0.000000	0.000000	0.000000	0.000000	1.000000	-0.122924	-0.119667	0.423378	0.308350	0.431353
	0.000000	0.000000	0.000000	0.000000	1.000000	-0.024349	0.181833	0.110590	0.284832	-0.084894
	0.000000	0.000000	0.000000	0.000000	1.000000	-0.100270	0.201158	-0.121356	0.133949	0.275775
	0.000000	0.000000	0.000000	0.000000	1.000000	-0.124997	0.005248	-0.026324	-0.030588	0.896496
	0.000000	0.000000	0.000000	0.000000	1.000000	-0.100968	0.772410	0.305603	0.084790	0.582562
	0.000000	0.000000	0.000000	0.000000	1.000000	-0.094023	-0.023267	0.047461	-0.000802	0.040068
	0.000000	0.000000	0.000000	0.000000	1.000000	-0.124997	1.115030	0.617524	-0.075194	0.622815
	0.000000	0.000000	0.000000	0.000000	1.000000	-0.090318	0.950371	0.453127	0.134953	1.100981
	0.000000	0.000000	0.000000	0.000000	1.000000	-0.119490	1.037559	-0.119072	0.184182	0.328245
	0.000000	0.000000	0.000000	0.000000	1.000000	-0.083696	0.813948	0.468009	0.083813	0.213890
	0.000000	0.000000	0.000000	0.000000	1.000000	-0.109053	0.597390	-0.091385	0.003321	1.086975
	0.000000	0.000000	0.000000	0.000000	1.000000	-0.118684	0.688125	-0.122890	-0.055477	-0.110577
	0.000000	0.000000	0.000000	0.000000	1.000000	-0.034941	0.081304	0.483036	-0.046078	1.077119
	0.000000	0.000000	0.000000	0.000000	1.000000	-0.090214	0.399872	0.025935	0.233572	0.105266
	0.000000	0.000000	0.000000	0.000000	1.000000	-0.025917	0.993737	0.213443	0.135782	0.001978
	0.000000	0.000000	0.000000	0.000000	1.000000	-0.031351	1.020874	-0.037154	0.088917	1.118031
	0.000000	0.000000	0.000000	0.000000	1.000000	-0.124829	0.997424	-0.123185	-0.052094	0.125857
	0.000000	0.000000	0.000000	0.000000	1.000000	-0.064175	0.790133	0.100398	-0.073681	1.049613
	0.000000	0.000000	0.000000	0.000000	1.000000	-0.084792	1.125000	-0.027684	0.177279	0.811263
	0.000000	0.000000	0.000000	0.000000	1.000000	0.140180	0.886752	-0.055395	0.119032	1.097478
	0.000000	0.000000	0.000000	0.000000	1.000000	-0.100288	0.295072	-0.093058	0.279716	0.086069
	0.000000	0.000000	0.000000	0.000000	1.000000	-0.123436	0.537414	0.728504	0.020955	-0.026275
	0.000000	0.000000	0.000000	0.000000	1.000000	-0.074532	0.687356	-0.118500	-0.102364	0.742145
	0.000000	0.000000	0.000000	0.000000	1.000000	0.113014	-0.004594	0.088808	-0.115365	0.557606
	0.000000	0.000000	0.000000	0.000000	1.000000	-0.120230	-0.123187	-0.124544	-0.036980	0.672719
	0.000000	0.000000	0.000000	0.000000	1.000000	-0.124104	0.647190	0.330989	0.480625	-0.124889
	0.000000	0.000000	0.000000	0.000000	1.000000	-0.099490	-0.123445	-0.109696	0.009768	1.124651
	0.000000	0.000000	0.000000	0.000000	1.000000	0.026681	0.996244	-0.081467	0.390603	0.130491
	0.000000	0.000000	0.000000	0.000000	1.000000	-0.025571	0.741553	0.408682	0.331982	-0.109133
	0.000000	0.000000	0.000000	0.000000	1.000000	-0.038313	0.130768	-0.097833	0.008131	0.088622
	0.000000	0.000000	0.000000	0.000000	1.000000	-0.061936	-0.018118	0.405435	-0.040717	0.100257
	0.000000	0.000000	0.000000	0.000000	1.000000	-0.047957	0.276553	0.368947	0.037104	-0.025372
	0.000000	0.000000	0.000000	0.000000	1.000000	-0.093243	1.071216	-0.009137	0.169826	0.332660
	0.000000	0.000000	0.000000	0.000000	1.000000	-0.118494	0.932789	-0.114935	-0.111784	-0.122927
	0.000000	0.000000	0.000000	0.000000	1.000000	-0.083898	0.091684	0.188960	0.058579	1.067323
	0.000000	0.000000	0.000000	0.000000	1.000000	0.024569	0.862747	-0.048215	0.163557	1.107396
	0.000000	0.000000	0.000000	0.000000	1.000000	0.170978	0.874990	0.024522	0.236564	0.669761
	0.000000	0.000000	0.000000	0.000000	1.000000	-0.010158	0.086965	-0.113424	0.176451	0.160500
	0.000000	0.000000	0.000000	0.000000	1.000000	0.065610	0.116124	0.049734	-0.035659	0.714094
	0.000000	0.000000	0.000000	0.000000	1.000000	-0.021099	0.153419	-0.089418	-0.106696	1.113635
	0.000000	0.000000	0.000000	0.000000	1.000000	-0.124069	-0.086129	-0.060102	-0.036491	-0.040335
	0.000000	0.000000	0.000000	0.000000	1.000000	-0.050314	0.661931	-0.123475	0.194582	0.187242
