	1.000000	0.000000	0.000000	0.000000	0.000000	0.290769	-0.115553	-0.029400	-0.122971	1.059187
	1.000000	0.000000	0.000000	0.000000	0.000000	0.242360	0.356068	-0.095505	-0.124500	1.056010
	1.000000	0.000000	0.000000	0.000000	0.000000	0.082548	0.079602	0.173698	-0.113220	0.032297
	1.000000	0.000000	0.000000	0.000000	0.000000	-0.088192	1.057026	-0.104447	-0.016129	0.858414
	1.000000	0.000000	0.000000	0.000000	0.000000	0.502621	0.412004	-0.084134	-0.113373	-0.017681
	1.000000	0.000000	0.000000	0.000000	0.000000	-0.083029	1.104697	-0.058515	-0.084701	0.403988
	1.000000	0.000000	0.000000	0.000000	0.000000	-0.017184	0.397691	0.170020	-0.116330	1.122690
	1.000000	0.000000	0.000000	0.000000	0.000000	0.125557	0.904788	-0.116262	-0.122450	0.337618
	1.000000	0.000000	0.000000	0.000000	0.000000	0.021531	0.629381	0.012650	-0.090263	-0.016294
	1.000000	0.000000	0.000000	0.000000	0.000000	0.025011	-0.008041	-0.122054	0.119856	0.844926
	1.000000	0.000000	0.000000	0.000000	0.000000	0.253332	1.030247	-0.119268	-0.107341	0.758292
	1.000000	0.000000	0.000000	0.000000	0.000000	0.015637	0.414105	-0.103237	-0.035576	0.968003
	1.000000	0.000000	0.000000	0.000000	0.000000	0.004972	0.449420	-0.120012	0.236841	1.104635
	1.000000	0.000000	0.000000	0.000000	0.000000	0.413592	0.413742	0.076582	0.104084	1.110397
	0.000000	1.000000	0.000000	0.000000	0.000000	0.153591	0.137062	0.034521	-0.089386	0.422403
	0.000000	1.000000	0.000000	0.000000	0.000000	0.070122	1.119290	-0.053174	-0.053750	1.072163
	0.000000	1.000000	0.000000	0.000000	0.000000	-0.100457	-0.123108	0.187176	0.054016	0.370645
	0.000000	1.000000	0.000000	0.000000	0.000000	-0.014005	0.530753	-0.036575	-0.116011	0.194395
	0.000000	1.000000	0.000000	0.000000	0.000000	0.401648	0.629104	-0.124020	-0.104651	0.737425
	0.000000	1.000000	0.000000	0.000000	0.000000	-0.101965	1.071204	-0.124197	-0.082050	0.286671
	0.000000	1.000000	0.000000	0.000000	0.000000	0.395088	1.124963	-0.111583	-0.123248	-0.022221
	0.000000	1.000000	0.000000	0.000000	0.000000	0.392692	0.153678	0.048450	-0.042144	-0.111975
	0.000000	1.000000	0.000000	0.000000	0.000000	-0.074348	0.439583	0.054663	-0.109813	0.308933
	0.000000	1.000000	0.000000	0.000000	0.000000	0.286939	0.031116	0.298720	-0.073699	0.408478
	0.000000	1.000000	0.000000	0.000000	0.000000	0.023138	1.084118	-0.091727	-0.110843	1.124781
	0.000000	1.000000	0.000000	0.000000	0.000000	0.311413	0.146368	0.121593	0.107073	0.894935
	0.000000	1.000000	0.000000	0.000000	0.000000	-0.017856	0.922105	0.087119	-0.013956	0.938409
	0.000000	1.000000	0.000000	0.000000	0.000000	-0.037609	1.002154	-0.124999	-0.123945	-0.054735
	0.000000	1.000000	0.000000	0.000000	0.000000	-0.053486	-0.023115	-0.099392	-0.045497	0.241495
	0.000000	1.000000	0.000000	0.000000	0.000000	0.042435	1.122904	-0.074949	0.011020	-0.124953
	0.000000	1.000000	0.000000	0.000000	0.000000	0.132272	1.082796	-0.107428	0.047030	-0.074955
	0.000000	1.000000	0.000000	0.000000	0.000000	0.507689	0.967938	-0.094114	-0.047255	0.046810
	0.000000	1.000000	0.000000	0.000000	0.000000	-0.010596	0.839045	-0.121589	0.174015	1.072005
	0.000000	1.000000	0.000000	0.000000	0.000000	-0.121248	1.016629	-0.124590	-0.059654	-0.074484
	0.000000	1.000000	0.000000	0.000000	0.000000	0.143967	0.211031	-0.099127	0.133592	0.145994
	0.000000	1.000000	0.000000	0.000000	0.000000	-0.107163	1.070928	-0.048676	-0.045670	1.106920
	0.000000	1.000000	0.000000	0.000000	0.000000	0.398347	1.078140	-0.078363	-0.018082	0.942368
	0.000000	1.000000	0.000000	0.000000	0.000000	0.127907	0.563673	-0.069148	-0.088720	0.684764
	0.000000	1.000000	0.000000	0.000000	0.000000	0.107298	1.057784	0.143440	-0.120287	-0.094814
	0.000000	1.000000	0.000000	0.000000	0.000000	0.290554	0.837659	0.234120	-0.121711	-0.054270
	0.000000	1.000000	0.000000	0.000000	0.000000	-0.007083	0.226957	-0.124750	-0.003168	-0.056693
	0.000000	1.000000	0.000000	0.000000	0.000000	0.030391	-0.103188	-0.110774	0.030089	0.108172
	0.000000	1.000000	0.000000	0.000000	0.000000	0.516318	-0.109551	0.011105	0.064227	1.110963
	0.000000	1.000000	0.000000	0.000000	0.000000	0.230149	0.514526	0.082869	-0.005541	1.030219
	0.000000	1.000000	0.000000	0.000000	0.000000	-0.008659	0.972197	0.031289	-0.101201	0.609575
	0.000000	1.000000	0.000000	0.000000	0.000000	0.456274	0.600139	-0.075273	0.198198	0.467854
	0.000000	1.000000	0.000000	0.000000	0.000000	0.249207	0.939228	-0.118269	-0.115973	0.203134
	0.000000	1.000000	0.000000	0.000000	0.000000	0.276179	0.956324	0.133797	-0.012411	0.083428
	0.000000	1.000000	0.000000	0.000000	0.000000	0.042535	0.076870	-0.095222	0.002845	0.896810
	0.000000	1.000000	0.000000	0.000000	0.000000	0.208975	0.156056	-0.116118	0.173257	0.409790
	0.000000	1.000000	0.000000	0.000000	0.000000	0.000910	0.070238	-0.049334	-0.000350	0.728266
	0.000000	1.000000	0.000000	0.000000	0.000000	-0.032075	0.092619	0.501821	0.024096	0.820980
	0.000000	1.000000	0.000000	0.000000	0.000000	0.248199	-0.121481	-0.124931	0.017361	-0.087672
	0.000000	0.000000	1.000000	0.000000	0.000000	0.458202	1.096261	0.364814	0.280868	0.075155
	0.000000	0.000000	1.000000	0.000000	0.000000	0.352037	0.435403	-0.053316	0.044130	1.030454
	0.000000	0.000000	1.000000	0.000000	0.000000	-0.106583	0.347948	-0.097975	0.071431	0.202996
	0.000000	0.000000	1.000000	0.000000	0.000000	-0.024205	-0.102063	-0.124999	0.002548	-0.055379
	0.000000	0.000000	1.000000	0.000000	0.000000	0.267352	0.234937	0.121702	-0.122463	1.093123
	0.000000	0.000000	1.000000	0.000000	0.000000	0.316412	0.900925	0.159208	-0.123650	0.778767
	0.000000	0.000000	1.000000	0.000000	0.000000	0.308145	0.258322	-0.001316	0.400914	-0.122375
	0.000000	0.000000	1.000000	0.000000	0.000000	0.030400	0.706711	0.034002	-0.115894	1.116182
	0.000000	0.000000	1.000000	0.000000	0.000000	0.154776	0.948608	0.019823	-0.124631	0.732164
	0.000000	0.000000	1.000000	0.000000	0.000000	-0.036606	0.154019	-0.062860	-0.101137	-0.114018
	0.000000	0.000000	1.000000	0.000000	0.000000	0.222311	1.071437	-0.119360	-0.053989	-0.111537
	0.000000	0.000000	1.000000	0.000000	0.000000	0.416372	0.189396	-0.042144	-0.109882	0.987633
	0.000000	0.000000	1.000000	0.000000	0.000000	-0.096006	0.223624	-0.119954	0.098396	1.120159
	0.000000	0.000000	0.000000	1.000000	0.000000	-0.019911	-0.028557	-0.122679	-0.040341	1.040819
	0.000000	0.000000	0.000000	1.000000	0.000000	0.338190	1.122933	-0.067926	0.053515	0.957881
	0.000000	0.000000	0.000000	1.000000	0.000000	0.502252	1.080867	0.070203	0.058088	0.876916
	0.000000	0.000000	0.000000	1.000000	0.000000	0.051021	1.123743	-0.058838	-0.044256	0.772450
	0.000000	0.000000	0.000000	1.000000	0.000000	-0.100385	0.114144	-0.116089	0.033909	0.974224
	0.000000	0.000000	0.000000	1.000000	0.000000	0.206540	0.904687	0.270758	-0.069509	0.628805
	0.000000	0.000000	0.000000	1.000000	0.000000	0.134860	0.971403	-0.122537	-0.081445	1.086891
	0.000000	0.000000	0.000000	1.000000	0.000000	0.245085	0.251817	-0.083464	-0.071675	1.089786
	0.000000	0.000000	0.000000	1.000000	0.000000	0.337713	0.903256	-0.041054	0.062762	0.803041
	0.000000	0.000000	0.000000	1.000000	0.000000	0.004440	-0.122928	-0.081696	-0.124955	1.122069
	0.000000	0.000000	0.000000	1.000000	0.000000	0.079279	0.435415	-0.079657	-0.110389	1.044312
	0.000000	0.000000	0.000000	1.000000	0.000000	0.001757	1.046658	-0.105935	-0.123282	0.210951
	0.000000	0.000000	0.000000	1.000000	0.000000	0.527201	0.449090	-0.093586	-0.088386	0.668600
	0.000000	0.000000	0.000000	1.000000	0.000000	0.092256	0.207702	-0.103501	-0.062566	-0.089943
	0.000000	0.000000	0.000000	1.000000	0.000000	0.117125	0.638509	-0.113847	-0.070560	0.114943
	0.000000	0.000000	0.000000	1.000000	0.000000	0.000094	1.008068	-0.124852	-0.121109	0.233471
	0.000000	0.000000	0.000000	0.000000	1.000000	0.513955	0.992815	0.287339	0.125300	0.613293
	0.000000	0.000000	0.000000	0.000000	1.000000	0.103934	0.284459	0.129240	-0.090341	-0.065138
	0.000000	0.000000	0.000000	0.000000	1.000000	0.045123	0.081856	0.075340	-0.096281	0.579994
	0.000000	0.000000	0.000000	0.000000	1.000000	0.181951	-0.055619	-0.103227	0.109954	-0.110162
	0.000000	0.000000	0.000000	0.000000	1.000000	-0.110901	1.124070	-0.123325	-0.088893	0.317038
	0.000000	0.000000	0.000000	0.000000	1.000000	0.004203	0.017835	-0.124790	-0.046604	1.005121
	0.000000	0.000000	0.000000	0.000000	1.000000	0.042901	-0.085465	-0.049153	-0.088998	0.071746
	0.000000	0.000000	0.000000	0.000000	1.000000	0.222792	0.873993	-0.124610	-0.123107	-0.093874
	0.000000	0.000000	0.000000	0.000000	1.000000	0.510231	0.616044	0.010126	-0.121094	0.272830
	0.000000	0.000000	0.000000	0.000000	1.000000	-0.038629	1.124909	-0.112035	-0.073845	0.793171
	0.000000	0.000000	0.000000	0.000000	1.000000	0.406156	0.430271	-0.091602	-0.115554	0.447623
	0.000000	0.000000	0.000000	0.000000	1.000000	0.058677	0.681062	-0.073183	-0.124712	0.624797
	0.000000	0.000000	0.000000	0.000000	1.000000	0.231321	0.665016	0.005516	-0.053952	-0.112453
	0.000000	0.000000	0.000000	0.000000	1.000000	0.229049	0.925021	-0.060019	-0.101969	0.509600
	0.000000	0.000000	0.000000	0.000000	1.000000	0.353131	-0.000636	-0.072969	-0.094514	1.087663
	0.000000	0.000000	0.000000	0.000000	1.000000	0.433872	0.194688	-0.041345	-0.087347	0.169944
	0.000000	0.000000	0.000000	0.000000	1.000000	0.417448	0.372654	-0.114837	0.109521	0.206375
	0.000000	0.000000	0.000000	0.000000	1.000000	0.379580	0.007456	0.270833	0.523542	0.805077
	0.000000	0.000000	0.000000	0.000000	1.000000	-0.073353	-0.081003	-0.008769	-0.041278	-0.036162
	0.000000	0.000000	0.000000	0.000000	1.000000	0.114120	0.906860	0.032155	0.171546	0.052214
	0.000000	0.000000	0.000000	0.000000	1.000000	0.246194	0.035934	0.677464	0.054217	1.111445
	0.000000	0.000000	0.000000	0.000000	1.000000	0.324844	0.939423	-0.090657	-0.122203	0.187981
	0.000000	0.000000	0.000000	0.000000	1.000000	-0.015470	1.022629	-0.071602	-0.124937	0.662583
	0.000000	0.000000	0.000000	0.000000	1.000000	-0.040299	-0.106623	0.310733	-0.114714	0.734187
	0.000000	0.000000	0.000000	0.000000	1.000000	0.100968	0.081286	-0.087896	-0.120908	0.593265
	0.000000	0.000000	0.000000	0.000000	1.000000	0.355249	0.153066	-0.115515	-0.078226	0.875309
	0.000000	0.000000	0.000000	0.000000	1.000000	0.291202	0.465474	-0.119794	-0.123746	0.661544
	0.000000	0.000000	0.000000	0.000000	1.000000	-0.063776	0.188528	-0.124996	-0.114248	-0.119451
	0.000000	0.000000	0.000000	0.000000	1.000000	0.032616	1.035590	0.169969	-0.040760	0.075567
	0.000000	0.000000	0.000000	0.000000	1.000000	0.042850	-0.055188	-0.088891	-0.084365	0.924982
	0.000000	0.000000	0.000000	0.000000	1.000000	0.056794	0.091776	0.312466	-0.016581	0.924437
	0.000000	0.000000	0.000000	0.000000	1.000000	-0.008559	-0.076052	-0.108677	0.067302	-0.121819
	0.000000	0.000000	0.000000	0.000000	1.000000	-0.038903	0.764029	-0.123902	0.001892	0.042499
	0.000000	0.000000	0.000000	0.000000	1.000000	-0.039008	0.412390	-0.109447	-0.121744	0.814853
	0.000000	0.000000	0.000000	0.000000	1.000000	0.396485	-0.057508	-0.118188	0.339323	1.122233
	0.000000	0.000000	0.000000	0.000000	1.000000	-0.074314	-0.097339	-0.121545	-0.096954	-0.016624
	0.000000	0.000000	0.000000	0.000000	1.000000	0.076349	0.968126	0.018462	-0.003687	0.187255
	0.000000	0.000000	0.000000	0.000000	1.000000	0.538714	1.096565	-0.053161	0.008081	-0.123793
	0.000000	0.000000	0.000000	0.000000	1.000000	0.026810	-0.007525	-0.123912	0.035493	-0.026885
	0.000000	0.000000	0.000000	0.000000	1.000000	0.020136	0.753502	-0.124916	0.196889	0.448712
	0.000000	0.000000	0.000000	0.000000	1.000000	0.306840	-0.069201	0.114945	0.000011	0.901430
	0.000000	0.000000	0.000000	0.000000	1.000000	0.471631	1.106865	-0.102784	-0.124995	0.087737
	0.000000	0.000000	0.000000	0.000000	1.000000	0.111470	1.120504	-0.117373	-0.117638	1.109898
	0.000000	0.000000	0.000000	0.000000	1.000000	0.419390	1.016302	-0.121746	-0.120719	-0.091947
	0.000000	0.000000	0.000000	0.000000	1.000000	0.181378	-0.016303	-0.100151	-0.094252	-0.118835
	0.000000	0.000000	0.000000	0.000000	1.000000	-0.019716	0.004243	-0.125000	-0.109562	-0.050148
	0.000000	0.000000	0.000000	0.000000	1.000000	0.587755	-0.124594	0.411336	-0.021969	0.206177
	0.000000	0.000000	0.000000	0.000000	1.000000	0.031532	0.735120	-0.095669	-0.040271	-0.125000
	0.000000	0.000000	0.000000	0.000000	1.000000	0.392848	0.365285	0.003686	-0.124223	1.119275
	0.000000	0.000000	0.000000	0.000000	1.000000	0.528643	0.935254	0.230469	-0.121471	0.803619
	0.000000	0.000000	0.000000	0.000000	1.000000	0.525917	0.352674	-0.083823	-0.042389	0.724802
	0.000000	0.000000	0.000000	0.000000	1.000000	0.248564	0.894613	0.327895	-0.124473	0.915878
	0.000000	0.000000	0.000000	0.000000	1.000000	-0.069724	0.422420	-0.110424	0.403513	1.076180
	0.000000	0.000000	0.000000	0.000000	1.000000	0.404038	0.776591	-0.037649	0.136509	1.124469
	0.000000	0.000000	0.000000	0.000000	1.000000	0.088331	0.408048	0.210902	-0.042038	0.417546
	0.000000	0.000000	0.000000	0.000000	1.000000	-0.046559	-0.094438	0.078270	-0.091140	-0.069571
	0.000000	0.000000	0.000000	0.000000	1.000000	-0.020151	0.644961	-0.124907	-0.123042	-0.122164
	0.000000	0.000000	0.000000	0.000000	1.000000	0.028310	0.297689	-0.069223	0.146852	0.030700
	0.000000	0.000000	0.000000	0.000000	1.000000	0.029608	0.391804	0.260474	-0.110107	0.449859
	0.000000	0.000000	0.000000	0.000000	1.000000	0.014754	0.632079	-0.119918	-0.084003	1.083846
	0.000000	0.000000	0.000000	0.000000	1.000000	0.235817	-0.047221	0.231638	-0.114130	-0.124751
	0.000000	0.000000	0.000000	0.000000	1.000000	0.323887	0.520669	-0.015951	-0.012764	0.012518
	0.000000	0.000000	0.000000	0.000000	1.000000	0.159495	1.091389	-0.124796	-0.063502	0.530760
	0.000000	0.000000	0.000000	0.000000	1.000000	-0.078753	1.124353	-0.124743	-0.124934	-0.124144
	0.000000	0.000000	0.000000	0.000000	1.000000	0.216573	0.309727	0.163362	-0.092452	0.737571
	1.000000	0.000000	0.000000	0.000000	0.000000	0.408232	0.795579	-0.038341	-0.032538	0.974208
	1.000000	0.000000	0.000000	0.000000	0.000000	0.334599	0.846673	0.210543	-0.099674	0.876944
	1.000000	0.000000	0.000000	0.000000	0.000000	0.442799	0.110864	-0.011373	0.056338	0.075221
	1.000000	0.000000	0.000000	0.000000	0.000000	0.487758	0.061565	-0.120998	-0.075597	1.007307
	1.000000	0.000000	0.000000	0.000000	0.000000	0.113119	0.740466	-0.014786	-0.079854	0.446893
	1.000000	0.000000	0.000000	0.000000	0.000000	0.166643	0.234907	-0.061532	0.278018	1.097268
	1.000000	0.000000	0.000000	0.000000	0.000000	0.118958	0.757580	-0.114567	-0.071322	-0.079405
	1.000000	0.000000	0.000000	0.000000	0.000000	0.420629	1.036894	-0.101783	0.102614	1.119723
	1.000000	0.000000	0.000000	0.000000	0.000000	0.004942	-0.064043	-0.114436	-0.032300	-0.112300
	1.000000	0.000000	0.000000	0.000000	0.000000	-0.072666	0.234375	0.019199	0.030079	0.296869
	1.000000	0.000000	0.000000	0.000000	0.000000	0.245579	-0.124820	0.024779	0.121427	-0.122993
	1.000000	0.000000	0.000000	0.000000	0.000000	0.064850	0.014133	0.233052	-0.040030	1.114580
	1.000000	0.000000	0.000000	0.000000	0.000000	0.373323	1.124807	0.256512	0.155023	1.068391
	1.000000	0.000000	0.000000	0.000000	0.000000	0.076790	0.518581	-0.013318	-0.026244	0.719841
	1.000000	0.000000	0.000000	0.000000	0.000000	0.072188	0.960789	-0.064192	0.029859	0.422426
	1.000000	0.000000	0.000000	0.000000	0.000000	0.004050	1.124843	-0.016092	-0.077043	0.431613
	0.000000	1.000000	0.000000	0.000000	0.000000	-0.027608	0.274596	-0.104604	-0.086497	0.963615
	0.000000	1.000000	0.000000	0.000000	0.000000	0.266858	-0.118435	-0.124247	-0.078648	0.361423
	0.000000	1.000000	0.000000	0.000000	0.000000	0.098059	0.918825	-0.109257	-0.106124	0.420853
	0.000000	1.000000	0.000000	0.000000	0.000000	0.043045	0.974265	0.102131	0.330543	0.474831
	0.000000	1.000000	0.000000	0.000000	0.000000	0.150330	0.307594	-0.124881	-0.113326	0.643251
	0.000000	1.000000	0.000000	0.000000	0.000000	0.080329	-0.038426	0.074912	-0.048406	1.073660
	0.000000	1.000000	0.000000	0.000000	0.000000	0.609292	0.324519	-0.020829	-0.108067	0.028847
	0.000000	1.000000	0.000000	0.000000	0.000000	0.284512	0.570747	0.184172	-0.123029	1.114690
	0.000000	1.000000	0.000000	0.000000	0.000000	-0.080127	1.124972	-0.019589	-0.118947	0.848857
	0.000000	1.000000	0.000000	0.000000	0.000000	0.119651	-0.029992	-0.106199	0.069777	1.122953
	0.000000	1.000000	0.000000	0.000000	0.000000	0.454087	0.482615	0.059106	-0.103743	0.086972
	0.000000	1.000000	0.000000	0.000000	0.000000	0.002329	1.124259	-0.100348	0.270855	-0.124555
	0.000000	1.000000	0.000000	0.000000	0.000000	-0.070105	1.093403	0.067795	0.615921	1.115104
	0.000000	1.000000	0.000000	0.000000	0.000000	0.477626	0.207487	0.027342	-0.123438	0.064503
	0.000000	1.000000	0.000000	0.000000	0.000000	-0.101839	1.091993	-0.073175	0.165973	1.094387
	0.000000	1.000000	0.000000	0.000000	0.000000	-0.029344	0.162703	-0.062777	-0.049112	1.124577
	0.000000	1.000000	0.000000	0.000000	0.000000	0.470043	0.133387	-0.097017	-0.102871	0.160653
	0.000000	1.000000	0.000000	0.000000	0.000000	0.386972	-0.111001	-0.041482	-0.064254	-0.037435
	0.000000	1.000000	0.000000	0.000000	0.000000	0.239640	-0.046948	-0.099484	-0.053534	0.937551
	0.000000	1.000000	0.000000	0.000000	0.000000	0.187713	0.681154	-0.112074	-0.060621	0.216103
	0.000000	1.000000	0.000000	0.000000	0.000000	-0.094378	0.200542	-0.124343	0.139687	-0.119029
	0.000000	1.000000	0.000000	0.000000	0.000000	0.226636	-0.081727	-0.119025	0.050163	0.710697
	0.000000	1.000000	0.000000	0.000000	0.000000	-0.114039	0.007874	-0.084724	-0.123486	-0.102191
	0.000000	1.000000	0.000000	0.000000	0.000000	0.112672	0.334648	0.337580	-0.030842	0.896899
	0.000000	1.000000	0.000000	0.000000	0.000000	0.100961	0.091015	0.207640	-0.111174	0.019608
	0.000000	1.000000	0.000000	0.000000	0.000000	0.237755	0.785804	0.085431	-0.041567	-0.087975
	0.000000	1.000000	0.000000	0.000000	0.000000	0.270414	0.172719	0.411596	-0.089102	0.570955
	0.000000	1.000000	0.000000	0.000000	0.000000	0.365560	1.075371	0.429570	-0.098674	1.083770
	0.000000	1.000000	0.000000	0.000000	0.000000	-0.063622	1.082674	0.218065	-0.088671	-0.069838
	0.000000	1.000000	0.000000	0.000000	0.000000	-0.019117	-0.071260	0.053975	-0.004193	-0.054013
	0.000000	1.000000	0.000000	0.000000	0.000000	0.168383	1.113895	-0.123475	-0.113340	1.124921
	0.000000	1.000000	0.000000	0.000000	0.000000	-0.061408	0.140640	-0.113087	-0.089364	-0.100580
	0.000000	1.000000	0.000000	0.000000	0.000000	0.159836	0.299264	-0.124999	-0.118391	1.108357
	0.000000	1.000000	0.000000	0.000000	0.000000	0.050302	1.034482	-0.106542	-0.099371	-0.073679
	0.000000	1.000000	0.000000	0.000000	0.000000	0.231159	-0.057634	0.029898	-0.122283	0.519912
	0.000000	0.000000	1.000000	0.000000	0.000000	-0.054533	0.757270	-0.121972	0.064700	1.003372
	0.000000	0.000000	1.000000	0.000000	0.000000	0.150050	0.307210	-0.039992	-0.094063	0.052826
	0.000000	0.000000	1.000000	0.000000	0.000000	0.267769	0.409975	0.009738	-0.100454	-0.069052
	0.000000	0.000000	1.000000	0.000000	0.000000	0.104076	0.800040	-0.013255	-0.121692	-0.020706
	0.000000	0.000000	1.000000	0.000000	0.000000	0.279708	0.274445	-0.111517	-0.120114	-0.099623
	0.000000	0.000000	1.000000	0.000000	0.000000	-0.074802	1.054408	-0.081435	-0.104969	0.106624
	0.000000	0.000000	1.000000	0.000000	0.000000	0.442553	-0.062036	0.039469	-0.116727	1.124831
	0.000000	0.000000	1.000000	0.000000	0.000000	0.098272	1.041577	-0.110060	-0.073423	1.026215
	0.000000	0.000000	1.000000	0.000000	0.000000	0.022360	1.119579	-0.096481	-0.100109	-0.084414
	0.000000	0.000000	1.000000	0.000000	0.000000	0.236746	-0.014833	-0.118517	0.019085	0.635623
	0.000000	0.000000	1.000000	0.000000	0.000000	0.350554	0.739283	-0.079812	0.076310	0.760025
	0.000000	0.000000	1.000000	0.000000	0.000000	0.023585	-0.075365	-0.122220	-0.065626	0.726236
	0.000000	0.000000	1.000000	0.000000	0.000000	-0.042365	0.279018	-0.080302	-0.002631	-0.115237
	0.000000	0.000000	1.000000	0.000000	0.000000	0.093442	0.894290	-0.101872	-0.059668	0.282860
	0.000000	0.000000	1.000000	0.000000	0.000000	0.309955	1.044119	0.362172	0.102411	0.234896
	0.000000	0.000000	1.000000	0.000000	0.000000	0.133051	0.286457	0.001735	-0.121122	-0.121279
	0.000000	0.000000	0.000000	1.000000	0.000000	0.186706	0.120433	0.010958	0.212801	0.049758
	0.000000	0.000000	0.000000	1.000000	0.000000	0.283751	1.118089	0.004848	-0.124907	1.035435
	0.000000	0.000000	0.000000	1.000000	0.000000	0.512642	-0.046728	-0.076500	-0.115142	0.426140
	0.000000	0.000000	0.000000	1.000000	0.000000	0.040996	-0.016559	-0.007823	-0.082635	-0.068648
	0.000000	0.000000	0.000000	1.000000	0.000000	-0.026768	0.867445	-0.110722	-0.024299	1.096841
	0.000000	0.000000	0.000000	1.000000	0.000000	0.516532	0.397223	0.317623	0.152371	-0.124720
	0.000000	0.000000	0.000000	1.000000	0.000000	0.088115	1.101891	0.043990	-0.100894	0.161566
	0.000000	0.000000	0.000000	1.000000	0.000000	0.138757	1.117809	-0.122502	-0.124706	-0.115859
	0.000000	0.000000	0.000000	1.000000	0.000000	-0.075038	0.642325	-0.030676	-0.124729	0.150270
	0.000000	0.000000	0.000000	1.000000	0.000000	0.213136	0.881341	-0.061488	0.012400	1.113900
	0.000000	0.000000	0.000000	1.000000	0.000000	0.143107	-0.021262	0.154109	-0.072297	0.733455
	0.000000	0.000000	0.000000	1.000000	0.000000	0.465499	0.970002	-0.097989	-0.080728	0.692769
	0.000000	0.000000	0.000000	1.000000	0.000000	0.198151	0.819057	-0.030326	-0.015496	1.123320
	0.000000	0.000000	0.000000	1.000000	0.000000	0.684560	-0.112570	-0.061757	-0.043792	0.254533
	0.000000	0.000000	0.000000	1.000000	0.000000	-0.118639	-0.109562	0.212963	0.200710	0.742700
	0.000000	0.000000	0.000000	0.000000	1.000000	0.069286	0.029153	0.082537	0.166132	0.385192
	0.000000	0.000000	0.000000	0.000000	1.000000	0.082540	-0.081970	-0.094908	0.208766	0.991039
	0.000000	0.000000	0.000000	0.000000	1.000000	-0.035762	-0.066440	0.071138	-0.074556	-0.083651
	0.000000	0.000000	0.000000	0.000000	1.000000	0.219812	1.039715	0.032805	-0.046101	0.699911
	0.000000	0.000000	0.000000	0.000000	1.000000	0.174769	0.628406	-0.051280	-0.061554	-0.043934
	0.000000	0.000000	0.000000	0.000000	1.000000	0.364684	0.463815	-0.023031	-0.115310	0.991287
	0.000000	0.000000	0.000000	0.000000	1.000000	0.000441	0.097246	0.114405	-0.105138	0.966958
	0.000000	0.000000	0.000000	0.000000	1.000000	0.159809	1.019246	-0.124707	0.155949	1.076634
	0.000000	0.000000	0.000000	0.000000	1.000000	0.331343	1.119081	0.001553	0.045770	1.124962
	0.000000	0.000000	0.000000	0.000000	1.000000	0.143315	0.572603	0.031876	-0.025161	-0.105984
	0.000000	0.000000	0.000000	0.000000	1.000000	0.033215	0.448370	-0.073149	-0.076749	0.200494
	0.000000	0.000000	0.000000	0.000000	1.000000	0.148132	0.553237	0.091642	-0.121740	0.141412
	0.000000	0.000000	0.000000	0.000000	1.000000	0.333800	0.955370	0.125362	0.058484	-0.061576
	0.000000	0.000000	0.000000	0.000000	1.000000	0.531791	0.745907	-0.108495	-0.027515	0.348016
	0.000000	0.000000	0.000000	0.000000	1.000000	0.318014	0.416736	0.321636	-0.067723	1.111034
	0.000000	0.000000	0.000000	0.000000	1.000000	0.157174	0.166744	-0.027636	-0.124499	0.478547
	0.000000	0.000000	0.000000	0.000000	1.000000	-0.087567	0.913894	-0.087051	0.028095	0.698256
	0.000000	0.000000	0.000000	0.000000	1.000000	-0.048221	0.638162	-0.124875	-0.124723	1.043213
	0.000000	0.000000	0.000000	0.000000	1.000000	0.035798	1.124328	-0.102887	-0.022830	0.828921
	0.000000	0.000000	0.000000	0.000000	1.000000	0.017759	0.601228	-0.104704	-0.053624	1.084306
	0.000000	0.000000	0.000000	0.000000	1.000000	0.169125	0.954496	0.048955	0.307382	-0.123476
	0.000000	0.000000	0.000000	0.000000	1.000000	0.358772	1.068181	-0.100739	-0.083692	0.100061
	0.000000	0.000000	0.000000	0.000000	1.000000	-0.083578	0.916190	0.072860	0.163336	1.120467
	0.000000	0.000000	0.000000	0.000000	1.000000	0.018892	0.111144	-0.049255	-0.086943	0.709583
	0.000000	0.000000	0.000000	0.000000	1.000000	0.017616	1.042365	0.134089	0.096609	0.498612
	0.000000	0.000000	0.000000	0.000000	1.000000	0.338686	-0.027288	-0.075242	-0.096629	-0.034442
	0.000000	0.000000	0.000000	0.000000	1.000000	0.214728	0.728589	0.052768	-0.122969	0.293083
	0.000000	0.000000	0.000000	0.000000	1.000000	0.202585	-0.111783	-0.121332	-0.123917	0.658708
	0.000000	0.000000	0.000000	0.000000	1.000000	0.227245	-0.120985	0.347306	-0.055847	0.607126
	0.000000	0.000000	0.000000	0.000000	1.000000	0.209991	0.508922	-0.123143	0.086151	0.195419
	0.000000	0.000000	0.000000	0.000000	1.000000	0.164030	1.070883	-0.051352	-0.115552	1.117804
	0.000000	0.000000	0.000000	0.000000	1.000000	0.005726	0.108339	0.109273	-0.122312	-0.019519
	0.000000	0.000000	0.000000	0.000000	1.000000	0.480288	-0.033464	-0.091010	-0.106323	0.360667
	0.000000	0.000000	0.000000	0.000000	1.000000	0.017827	0.133002	-0.076136	-0.122213	0.363408
	0.000000	0.000000	0.000000	0.000000	1.000000	0.315173	0.038718	0.001009	-0.055854	0.839252
	0.000000	0.000000	0.000000	0.000000	1.000000	0.002700	0.860835	-0.119321	-0.033169	0.602388
	0.000000	0.000000	0.000000	0.000000	1.000000	0.180647	0.508804	-0.108416	-0.116985	0.185992
	0.000000	0.000000	0.000000	0.000000	1.000000	0.179807	0.047074	0.105789	0.001840	-0.121147
	0.000000	0.000000	0.000000	0.000000	1.000000	-0.103476	0.260999	-0.124315	0.203784	0.168951
	0.000000	0.000000	0.000000	0.000000	1.000000	0.011378	0.662581	0.338885	-0.117485	0.981264
	0.000000	0.000000	0.000000	0.000000	1.000000	-0.046777	1.088881	-0.098665	-0.123937	1.122363
	0.000000	0.000000	0.000000	0.000000	1.000000	0.421989	-0.079218	-0.123729	-0.075453	0.829358
	0.000000	0.000000	0.000000	0.000000	1.000000	0.120282	0.443463	-0.067469	-0.022198	0.912933
	0.000000	0.000000	0.000000	0.000000	1.000000	0.166412	0.039009	-0.019231	-0.122362	0.720007
	0.000000	0.000000	0.000000	0.000000	1.000000	0.171635	1.116863	-0.087264	0.205450	1.122611
	0.000000	0.000000	0.000000	0.000000	1.000000	-0.028838	0.952290	-0.093358	-0.124999	-0.079809
	0.000000	0.000000	0.000000	0.000000	1.000000	0.145269	-0.093898	-0.083117	-0.062279	0.330193
	0.000000	0.000000	0.000000	0.000000	1.000000	0.021549	0.795960	0.418433	0.037294	0.456987
	0.000000	0.000000	0.000000	0.000000	1.000000	-0.079169	1.025478	-0.122735	-0.003967	0.982119
	0.000000	0.000000	0.000000	0.000000	1.000000	0.296336	-0.034701	0.443860	-0.123825	-0.075742
	0.000000	0.000000	0.000000	0.000000	1.000000	0.204457	0.109284	-0.074235	0.004946	1.043746
	0.000000	0.000000	0.000000	0.000000	1.000000	0.046015	0.783818	-0.077246	0.096907	1.113801
	0.000000	0.000000	0.000000	0.000000	1.000000	0.436255	1.050640	-0.097404	-0.118452	1.040343
	0.000000	0.000000	0.000000	0.000000	1.000000	0.011048	-0.073554	-0.072316	-0.066700	0.286093
	0.000000	0.000000	0.000000	0.000000	1.000000	0.047086	1.055133	0.005085	-0.064336	0.680883
	0.000000	0.000000	0.000000	0.000000	1.000000	0.370041	0.001144	0.269012	-0.063495	-0.098306
	0.000000	0.000000	0.000000	0.000000	1.000000	0.031129	0.551195	-0.076508	0.075498	1.124428
	0.000000	0.000000	0.000000	0.000000	1.000000	0.542976	-0.068607	0.192749	-0.108168	-0.124873
	0.000000	0.000000	0.000000	0.000000	1.000000	0.484611	1.121295	0.064280	0.052684	0.807098
	0.000000	0.000000	0.000000	0.000000	1.000000	0.020157	1.124796	-0.098741	0.175681	0.823652
	0.000000	0.000000	0.000000	0.000000	1.000000	-0.010902	-0.114824	-0.080273	0.023082	0.869475
