	1.000000	0.000000	0.000000	0.000000	0.000000	0.143233	0.270172	0.089062	0.065015	0.045001
	1.000000	0.000000	0.000000	0.000000	0.000000	-0.062390	0.027044	-0.099904	-0.111545	0.318712
	1.000000	0.000000	0.000000	0.000000	0.000000	0.452219	0.191209	0.113972	-0.028343	1.108561
	1.000000	0.000000	0.000000	0.000000	0.000000	-0.111442	1.097911	-0.107869	-0.017790	1.092630
	1.000000	0.000000	0.000000	0.000000	0.000000	0.105890	0.214861	-0.101143	-0.093462	0.986231
	1.000000	0.000000	0.000000	0.000000	0.000000	0.071472	-0.088976	-0.049748	-0.063652	0.681965
	1.000000	0.000000	0.000000	0.000000	0.000000	0.195195	0.639747	0.029293	0.003913	0.621687
	1.000000	0.000000	0.000000	0.000000	0.000000	-0.123610	1.099641	-0.103902	0.068793	-0.016925
	1.000000	0.000000	0.000000	0.000000	0.000000	-0.059454	1.097125	-0.045230	-0.094906	0.892336
	1.000000	0.000000	0.000000	0.000000	0.000000	0.174995	0.635606	-0.015165	-0.124424	-0.124352
	1.000000	0.000000	0.000000	0.000000	0.000000	0.192807	-0.007019	-0.105048	0.000650	0.807885
	1.000000	0.000000	0.000000	0.000000	0.000000	0.071191	-0.124863	-0.092473	0.071587	0.902829
	1.000000	0.000000	0.000000	0.000000	0.000000	0.183926	-0.065501	-0.031888	0.013739	0.613981
	1.000000	0.000000	0.000000	0.000000	0.000000	-0.104762	0.418879	0.137688	0.055185	0.259865
	0.000000	1.000000	0.000000	0.000000	0.000000	0.140409	1.067153	-0.006485	-0.076211	0.653654
	0.000000	1.000000	0.000000	0.000000	0.000000	0.164515	0.690065	0.250703	-0.091708	-0.124558
	0.000000	1.000000	0.000000	0.000000	0.000000	-0.108566	1.121078	-0.122807	-0.007930	0.914342
	0.000000	1.000000	0.000000	0.000000	0.000000	-0.120083	1.077693	-0.101614	-0.082521	0.747422
	0.000000	1.000000	0.000000	0.000000	0.000000	-0.093135	0.953928	-0.048247	-0.103109	0.065079
	0.000000	1.000000	0.000000	0.000000	0.000000	-0.120168	0.767079	-0.076453	-0.012048	1.121478
	0.000000	1.000000	0.000000	0.000000	0.000000	-0.113820	0.458061	0.017991	0.051322	0.406624
	0.000000	1.000000	0.000000	0.000000	0.000000	0.345986	0.946056	0.116162	-0.115140	-0.098657
	0.000000	1.000000	0.000000	0.000000	0.000000	-0.090883	0.528965	0.056167	0.049802	0.631239
	0.000000	1.000000	0.000000	0.000000	0.000000	-0.067080	1.058848	-0.121325	0.177800	1.124541
	0.000000	1.000000	0.000000	0.000000	0.000000	-0.123907	-0.071035	0.204316	-0.075014	0.453400
	0.000000	1.000000	0.000000	0.000000	0.000000	-0.040005	0.077196	-0.070951	-0.111523	0.438455
	0.000000	1.000000	0.000000	0.000000	0.000000	0.002282	-0.120270	0.156374	-0.099896	0.309342
	0.000000	1.000000	0.000000	0.000000	0.000000	0.101677	1.079707	-0.055230	0.082716	0.597703
	0.000000	1.000000	0.000000	0.000000	0.000000	0.100320	0.147258	0.145116	-0.079106	1.117856
	0.000000	1.000000	0.000000	0.000000	0.000000	-0.114077	0.813847	-0.121279	-0.123109	0.591890
	0.000000	1.000000	0.000000	0.000000	0.000000	0.412852	1.118699	-0.056078	-0.102458	0.670163
	0.000000	1.000000	0.000000	0.000000	0.000000	0.084756	1.120113	-0.020674	-0.102231	0.408419
	0.000000	1.000000	0.000000	0.000000	0.000000	0.003101	0.941000	0.132104	0.081700	0.523971
	0.000000	1.000000	0.000000	0.000000	0.000000	-0.099948	0.216028	-0.036004	-0.098769	1.114298
	0.000000	1.000000	0.000000	0.000000	0.000000	-0.097363	0.306434	-0.061772	0.011697	0.470157
	0.000000	1.000000	0.000000	0.000000	0.000000	0.032514	0.871817	0.196803	0.139058	0.123046
	0.000000	1.000000	0.000000	0.000000	0.000000	0.018241	0.707156	-0.029826	-0.066060	0.225315
	0.000000	1.000000	0.000000	0.000000	0.000000	0.108488	0.047134	0.064238	-0.093014	1.039143
	0.000000	1.000000	0.000000	0.000000	0.000000	0.461464	0.053440	0.004839	-0.124946	-0.047644
	0.000000	1.000000	0.000000	0.000000	0.000000	-0.097097	1.122939	0.013921	0.084147	1.080980
	0.000000	1.000000	0.000000	0.000000	0.000000	-0.104098	0.772145	-0.062606	-0.042830	0.093422
	0.000000	1.000000	0.000000	0.000000	0.000000	0.069971	1.124709	-0.049753	0.076533	0.088470
	0.000000	1.000000	0.000000	0.000000	0.000000	0.181395	0.084132	0.019501	-0.036465	-0.123167
	0.000000	1.000000	0.000000	0.000000	0.000000	0.045892	-0.099336	0.106366	0.360656	0.481380
	0.000000	1.000000	0.000000	0.000000	0.000000	0.036806	0.033825	0.292337	-0.118018	0.039870
	0.000000	1.000000	0.000000	0.000000	0.000000	-0.008389	0.285364	0.014261	-0.115142	1.108655
	0.000000	1.000000	0.000000	0.000000	0.000000	-0.110572	-0.046506	-0.108853	0.608421	1.114425
	0.000000	1.000000	0.000000	0.000000	0.000000	0.282439	1.030042	0.226627	0.369108	0.315289
	0.000000	1.000000	0.000000	0.000000	0.000000	0.316963	0.698541	0.009664	-0.067274	0.073036
	0.000000	1.000000	0.000000	0.000000	0.000000	0.019024	0.430305	-0.044728	0.432020	1.037319
	0.000000	1.000000	0.000000	0.000000	0.000000	-0.111437	-0.067723	0.006929	-0.120764	-0.121390
	0.000000	1.000000	0.000000	0.000000	0.000000	-0.124859	0.495327	0.178866	-0.124755	0.484595
	0.000000	1.000000	0.000000	0.000000	0.000000	-0.084367	0.707275	0.038209	-0.124735	0.215511
	0.000000	0.000000	1.000000	0.000000	0.000000	-0.083263	0.779803	0.017780	-0.015632	0.471518
	0.000000	0.000000	1.000000	0.000000	0.000000	-0.118410	0.712378	-0.119268	-0.120203	0.246574
	0.000000	0.000000	1.000000	0.000000	0.000000	-0.124108	0.141629	0.322429	-0.097781	1.081861
	0.000000	0.000000	1.000000	0.000000	0.000000	0.055445	0.638784	-0.122246	-0.088678	0.565410
	0.000000	0.000000	1.000000	0.000000	0.000000	0.145762	-0.099608	0.061169	-0.124408	0.853234
	0.000000	0.000000	1.000000	0.000000	0.000000	0.059083	-0.002080	0.025081	-0.047717	0.948517
	0.000000	0.000000	1.000000	0.000000	0.000000	-0.083292	0.614166	0.174030	0.401893	0.854397
	0.000000	0.000000	1.000000	0.000000	0.000000	0.129894	0.253758	0.284073	-0.121966	0.365285
	0.000000	0.000000	1.000000	0.000000	0.000000	0.137470	-0.069935	0.078368	-0.124896	0.528164
	0.000000	0.000000	1.000000	0.000000	0.000000	0.041102	0.213644	0.088049	0.596131	-0.123261
	0.000000	0.000000	1.000000	0.000000	0.000000	-0.057704	0.922843	0.041177	-0.108035	0.717748
	0.000000	0.000000	1.000000	0.000000	0.000000	-0.098089	0.270257	-0.119371	0.111527	0.423369
	0.000000	0.000000	1.000000	0.000000	0.000000	-0.081425	0.931696	-0.124792	-0.124036	-0.100813
	0.000000	0.000000	0.000000	1.000000	0.000000	-0.097045	-0.089281	0.176255	-0.039858	1.052401
	0.000000	0.000000	0.000000	1.000000	0.000000	-0.116496	-0.123680	-0.042504	-0.039052	1.050912
	0.000000	0.000000	0.000000	1.000000	0.000000	0.269666	0.332263	0.070896	-0.082343	-0.112148
	0.000000	0.000000	0.000000	1.000000	0.000000	-0.058473	0.901201	-0.086284	0.410184	-0.069020
	0.000000	0.000000	0.000000	1.000000	0.000000	-0.124105	1.112016	0.025963	0.209528	1.036291
	0.000000	0.000000	0.000000	1.000000	0.000000	0.123779	0.122637	0.424001	0.049236	0.188275
	0.000000	0.000000	0.000000	1.000000	0.000000	0.315317	-0.115833	0.017868	-0.117602	0.125011
	0.000000	0.000000	0.000000	1.000000	0.000000	-0.060490	0.716285	-0.118829	0.208380	0.824124
	0.000000	0.000000	0.000000	1.000000	0.000000	-0.044777	-0.122306	0.053385	-0.124723	0.720592
	0.000000	0.000000	0.000000	1.000000	0.000000	0.238133	1.118838	-0.122692	-0.067685	-0.051126
	0.000000	0.000000	0.000000	1.000000	0.000000	0.127557	-0.092111	0.030565	0.157344	1.124689
	0.000000	0.000000	0.000000	1.000000	0.000000	0.067694	1.036594	0.039761	0.002879	0.116501
	0.000000	0.000000	0.000000	1.000000	0.000000	-0.025009	1.099611	0.277283	-0.023457	0.720785
	0.000000	0.000000	0.000000	1.000000	0.000000	-0.103148	1.086763	0.122146	0.409518	1.124959
	0.000000	0.000000	0.000000	1.000000	0.000000	-0.124471	-0.124277	-0.053343	-0.122226	0.484848
	0.000000	0.000000	0.000000	1.000000	0.000000	-0.110786	0.059517	-0.072232	-0.123819	0.015190
	0.000000	0.000000	0.000000	0.000000	1.000000	0.150183	0.791460	0.011903	0.094535	0.921126
	0.000000	0.000000	0.000000	0.000000	1.000000	-0.120512	1.048328	-0.108820	0.385731	0.470323
	0.000000	0.000000	0.000000	0.000000	1.000000	0.043200	1.081474	-0.011448	0.048311	0.207904
	0.000000	0.000000	0.000000	0.000000	1.000000	0.221459	1.062791	-0.049380	-0.012615	0.095534
	0.000000	0.000000	0.000000	0.000000	1.000000	0.357323	0.029678	0.041230	0.015510	-0.014035
	0.000000	0.000000	0.000000	0.000000	1.000000	-0.061865	0.893296	0.313623	0.115902	1.118831
	0.000000	0.000000	0.000000	0.000000	1.000000	-0.116189	1.115522	0.353506	0.031531	1.124954
	0.000000	0.000000	0.000000	0.000000	1.000000	-0.093038	0.256568	-0.108627	-0.107418	-0.086800
	0.000000	0.000000	0.000000	0.000000	1.000000	-0.072159	1.068376	-0.116580	-0.047518	-0.052722
	0.000000	0.000000	0.000000	0.000000	1.000000	-0.124956	1.056172	0.335295	0.130379	-0.093962
	0.000000	0.000000	0.000000	0.000000	1.000000	-0.124980	0.481861	-0.103700	-0.118402	0.006879
	0.000000	0.000000	0.000000	0.000000	1.000000	-0.096243	0.996555	0.100955	-0.119058	0.962491
	0.000000	0.000000	0.000000	0.000000	1.000000	-0.032076	0.294223	-0.122770	-0.051441	0.446197
	0.000000	0.000000	0.000000	0.000000	1.000000	-0.117043	0.534701	0.125995	-0.062665	-0.063983
	0.000000	0.000000	0.000000	0.000000	1.000000	-0.119038	0.154257	0.206449	-0.066641	0.679387
	0.000000	0.000000	0.000000	0.000000	1.000000	-0.118448	-0.105348	0.194665	-0.103145	0.388494
	0.000000	0.000000	0.000000	0.000000	1.000000	-0.061199	0.589642	0.331879	-0.053561	-0.010679
	0.000000	0.000000	0.000000	0.000000	1.000000	0.169223	-0.080437	0.088062	-0.116948	0.426378
	0.000000	0.000000	0.000000	0.000000	1.000000	0.260045	-0.091060	0.289075	0.036225	-0.097544
	0.000000	0.000000	0.000000	0.000000	1.000000	0.484052	-0.006239	0.398548	-0.111912	-0.105980
	0.000000	0.000000	0.000000	0.000000	1.000000	-0.097737	0.147983	-0.090759	-0.119419	1.106986
	0.000000	0.000000	0.000000	0.000000	1.000000	0.331194	1.048834	0.169573	-0.023108	-0.123635
	0.000000	0.000000	0.000000	0.000000	1.000000	-0.019393	1.007938	0.217088	-0.124282	-0.046048
	0.000000	0.000000	0.000000	0.000000	1.000000	-0.101754	1.026934	-0.020495	0.076724	0.646920
	0.000000	0.000000	0.000000	0.000000	1.000000	-0.121605	1.035579	-0.038416	-0.113662	1.124425
	0.000000	0.000000	0.000000	0.000000	1.000000	0.003875	1.077097	-0.116783	-0.089531	0.030506
	0.000000	0.000000	0.000000	0.000000	1.000000	-0.120466	0.355622	0.098212	-0.124880	0.940987
	0.000000	0.000000	0.000000	0.000000	1.000000	0.171073	-0.011683	-0.035102	-0.098987	1.031259
	0.000000	0.000000	0.000000	0.000000	1.000000	-0.076549	0.794567	-0.102679	-0.074892	1.086724
	0.000000	0.000000	0.000000	0.000000	1.000000	-0.112594	0.403936	-0.056424	0.101394	0.141577
	0.000000	0.000000	0.000000	0.000000	1.000000	-0.002883	-0.097221	0.217701	-0.113681	0.955803
	0.000000	0.000000	0.000000	0.000000	1.000000	-0.111268	0.490265	-0.057804	-0.119444	1.116753
	0.000000	0.000000	0.000000	0.000000	1.000000	-0.076696	1.122043	0.307034	-0.098872	-0.009751
	0.000000	0.000000	0.000000	0.000000	1.000000	-0.045725	0.990682	0.031753	0.112753	1.115541
	0.000000	0.000000	0.000000	0.000000	1.000000	0.134203	-0.116380	-0.062576	0.024280	1.120000
	0.000000	0.000000	0.000000	0.000000	1.000000	0.015183	-0.124706	-0.043287	0.252944	1.103973
	0.000000	0.000000	0.000000	0.000000	1.000000	0.031512	0.089254	0.238972	-0.123360	0.963891
	0.000000	0.000000	0.000000	0.000000	1.000000	0.003256	0.387071	0.227770	0.077535	0.114169
	0.000000	0.000000	0.000000	0.000000	1.000000	0.003131	1.090658	0.206735	-0.006593	0.616126
	0.000000	0.000000	0.000000	0.000000	1.000000	0.227140	0.263897	0.026580	-0.103511	1.022682
	0.000000	0.000000	0.000000	0.000000	1.000000	-0.124738	-0.031636	0.018889	-0.110816	0.895902
	0.000000	0.000000	0.000000	0.000000	1.000000	-0.116236	0.919044	-0.088098	0.064930	0.750761
	0.000000	0.000000	0.000000	0.000000	1.000000	-0.025580	-0.015310	0.037252	0.127183	1.117429
	0.000000	0.000000	0.000000	0.000000	1.000000	0.135335	1.098532	-0.097634	0.356528	1.120730
	0.000000	0.000000	0.000000	0.000000	1.000000	-0.117277	0.610524	-0.099792	-0.084542	1.124923
	0.000000	0.000000	0.000000	0.000000	1.000000	-0.123013	1.106390	-0.089950	-0.098469	-0.113382
	0.000000	0.000000	0.000000	0.000000	1.000000	0.293324	0.964182	-0.031268	0.176743	-0.124988
	0.000000	0.000000	0.000000	0.000000	1.000000	-0.080309	0.949972	0.500487	-0.124209	0.919045
	0.000000	0.000000	0.000000	0.000000	1.000000	-0.107120	0.160524	-0.020049	0.334044	0.844666
	0.000000	0.000000	0.000000	0.000000	1.000000	-0.020640	0.806812	0.260567	-0.042881	0.556135
	0.000000	0.000000	0.000000	0.000000	1.000000	-0.031054	1.105000	-0.104706	-0.114938	1.002349
	0.000000	0.000000	0.000000	0.000000	1.000000	0.059163	1.045663	0.173940	-0.117402	1.099762
	0.000000	0.000000	0.000000	0.000000	1.000000	0.001908	0.844625	-0.029998	-0.124995	1.057029
	0.000000	0.000000	0.000000	0.000000	1.000000	-0.111853	-0.012837	-0.102479	-0.080738	0.925322
	0.000000	0.000000	0.000000	0.000000	1.000000	0.105363	0.509310	0.112607	-0.097547	0.450460
	0.000000	0.000000	0.000000	0.000000	1.000000	-0.050958	-0.070443	-0.119581	-0.079156	-0.114255
	0.000000	0.000000	0.000000	0.000000	1.000000	0.032162	-0.059709	0.159128	-0.021951	0.774421
	0.000000	0.000000	0.000000	0.000000	1.000000	0.032813	0.728751	0.296448	0.136547	0.871321
	0.000000	0.000000	0.000000	0.000000	1.000000	0.056959	0.245819	-0.121111	-0.020011	-0.041392
	0.000000	0.000000	0.000000	0.000000	1.000000	-0.113476	0.538807	-0.124257	0.044209	0.008229
	0.000000	0.000000	0.000000	0.000000	1.000000	0.192997	0.159202	-0.114779	-0.052946	1.043661
	0.000000	0.000000	0.000000	0.000000	1.000000	-0.117366	1.091391	-0.068527	-0.124514	0.297172
	0.000000	0.000000	0.000000	0.000000	1.000000	0.213977	0.864238	0.460258	0.021270	0.408830
	0.000000	0.000000	0.000000	0.000000	1.000000	-0.113259	0.944771	-0.115608	-0.113388	0.358345
	0.000000	0.000000	0.000000	0.000000	1.000000	-0.093305	-0.007802	-0.084216	-0.083833	0.529597
	1.000000	0.000000	0.000000	0.000000	0.000000	-0.076836	-0.112341	0.209198	-0.112193	0.905545
	1.000000	0.000000	0.000000	0.000000	0.000000	-0.124571	0.061413	-0.106917	0.038221	0.064252
	1.000000	0.000000	0.000000	0.000000	0.000000	-0.082884	-0.124632	0.005839	-0.076808	0.138554
	1.000000	0.000000	0.000000	0.000000	0.000000	0.201282	0.995139	0.154388	-0.083648	-0.046533
	1.000000	0.000000	0.000000	0.000000	0.000000	0.022307	1.121863	0.177653	-0.001091	-0.124686
	1.000000	0.000000	0.000000	0.000000	0.000000	-0.120952	-0.034490	-0.122829	0.282764	0.962212
	1.000000	0.000000	0.000000	0.000000	0.000000	-0.093281	0.662088	0.178141	0.201340	0.850588
	1.000000	0.000000	0.000000	0.000000	0.000000	0.337179	0.257364	0.023749	0.201957	0.965271
	1.000000	0.000000	0.000000	0.000000	0.000000	0.055395	0.062907	0.007620	-0.086870	0.751478
	1.000000	0.000000	0.000000	0.000000	0.000000	0.088025	0.128775	0.017417	0.089233	-0.107162
	1.000000	0.000000	0.000000	0.000000	0.000000	0.343178	-0.064361	0.108930	-0.106053	0.184300
	1.000000	0.000000	0.000000	0.000000	0.000000	0.050857	0.847871	0.183340	-0.110107	0.185835
	1.000000	0.000000	0.000000	0.000000	0.000000	0.084176	0.023270	0.096642	-0.080663	0.167501
	1.000000	0.000000	0.000000	0.000000	0.000000	0.155067	-0.094167	-0.048337	-0.120779	1.031558
	1.000000	0.000000	0.000000	0.000000	0.000000	0.391408	0.018775	0.223586	-0.071446	0.504253
	1.000000	0.000000	0.000000	0.000000	0.000000	0.158855	0.948082	0.000630	-0.124991	0.099367
	0.000000	1.000000	0.000000	0.000000	0.000000	0.336564	0.766777	0.028293	-0.101512	-0.034838
	0.000000	1.000000	0.000000	0.000000	0.000000	-0.121783	0.178389	0.313654	-0.112293	0.738266
	0.000000	1.000000	0.000000	0.000000	0.000000	0.077234	0.469648	0.119541	-0.051915	-0.092482
	0.000000	1.000000	0.000000	0.000000	0.000000	-0.091888	1.071726	-0.077843	-0.112143	0.616085
	0.000000	1.000000	0.000000	0.000000	0.000000	0.002442	1.034026	-0.009079	-0.080970	0.628678
	0.000000	1.000000	0.000000	0.000000	0.000000	-0.014670	0.117767	0.012513	-0.120814	1.016429
	0.000000	1.000000	0.000000	0.000000	0.000000	0.189721	0.033963	-0.124400	-0.114562	-0.083120
	0.000000	1.000000	0.000000	0.000000	0.000000	-0.056822	0.347048	0.071789	-0.090435	0.678581
	0.000000	1.000000	0.000000	0.000000	0.000000	0.162471	0.871197	0.096888	-0.111172	0.886907
	0.000000	1.000000	0.000000	0.000000	0.000000	0.289000	1.031144	-0.124470	0.006031	-0.048461
	0.000000	1.000000	0.000000	0.000000	0.000000	0.286602	0.093164	-0.119476	-0.085986	0.128080
	0.000000	1.000000	0.000000	0.000000	0.000000	0.069598	-0.004071	-0.111605	0.054593	1.023589
	0.000000	1.000000	0.000000	0.000000	0.000000	-0.067130	0.218531	0.038967	0.390997	1.082861
	0.000000	1.000000	0.000000	0.000000	0.000000	-0.057246	1.122962	-0.063000	-0.051228	-0.108903
	0.000000	1.000000	0.000000	0.000000	0.000000	-0.112243	1.005592	-0.108271	-0.023881	0.203172
	0.000000	1.000000	0.000000	0.000000	0.000000	-0.121537	0.088515	0.676412	-0.124720	0.068434
	0.000000	1.000000	0.000000	0.000000	0.000000	0.058459	1.078570	-0.030746	0.044351	1.027342
	0.000000	1.000000	0.000000	0.000000	0.000000	-0.070732	-0.078690	0.217086	-0.119481	0.040083
	0.000000	1.000000	0.000000	0.000000	0.000000	-0.061590	1.019453	-0.104667	0.487105	1.032878
	0.000000	1.000000	0.000000	0.000000	0.000000	0.147209	0.000544	-0.069923	0.005980	0.943942
	0.000000	1.000000	0.000000	0.000000	0.000000	0.024696	0.040169	-0.122796	0.634919	1.024586
	0.000000	1.000000	0.000000	0.000000	0.000000	0.035278	0.518530	-0.085593	0.132950	1.009365
	0.000000	1.000000	0.000000	0.000000	0.000000	-0.124975	0.289011	0.169604	-0.103214	0.821116
	0.000000	1.000000	0.000000	0.000000	0.000000	-0.036598	0.491026	0.219796	-0.093674	1.124691
	0.000000	1.000000	0.000000	0.000000	0.000000	-0.089548	1.105412	-0.049553	-0.124418	1.096006
	0.000000	1.000000	0.000000	0.000000	0.000000	-0.095084	1.099121	0.357636	0.076911	0.068307
	0.000000	1.000000	0.000000	0.000000	0.000000	0.094488	0.239707	0.251967	-0.124782	0.118685
	0.000000	1.000000	0.000000	0.000000	0.000000	-0.122708	0.964219	0.079322	0.113895	0.123628
	0.000000	1.000000	0.000000	0.000000	0.000000	-0.121607	0.010004	0.045675	-0.124989	0.772133
	0.000000	1.000000	0.000000	0.000000	0.000000	-0.031385	0.243364	0.040267	-0.123183	0.057367
	0.000000	1.000000	0.000000	0.000000	0.000000	-0.120991	0.883136	-0.107552	-0.118461	0.353281
	0.000000	1.000000	0.000000	0.000000	0.000000	0.065680	0.181596	-0.124792	-0.120490	0.374107
	0.000000	1.000000	0.000000	0.000000	0.000000	-0.020488	0.110600	0.120066	0.116670	0.658807
	0.000000	1.000000	0.000000	0.000000	0.000000	-0.072702	1.087253	-0.060808	-0.038910	0.845914
	0.000000	1.000000	0.000000	0.000000	0.000000	-0.087350	0.577575	-0.098074	-0.052777	0.487832
	0.000000	0.000000	1.000000	0.000000	0.000000	0.119857	0.741913	-0.018760	-0.121902	0.865835
	0.000000	0.000000	1.000000	0.000000	0.000000	0.118253	0.503038	-0.007056	-0.083597	1.098397
	0.000000	0.000000	1.000000	0.000000	0.000000	0.011349	0.787485	0.297633	-0.092222	0.500685
	0.000000	0.000000	1.000000	0.000000	0.000000	-0.124798	1.033499	-0.072371	0.284288	0.592269
	0.000000	0.000000	1.000000	0.000000	0.000000	-0.111647	0.192410	-0.096384	0.052879	0.069002
	0.000000	0.000000	1.000000	0.000000	0.000000	-0.124998	0.899248	-0.124537	-0.092985	0.597684
	0.000000	0.000000	1.000000	0.000000	0.000000	-0.029745	1.093843	0.059808	0.258189	-0.020583
	0.000000	0.000000	1.000000	0.000000	0.000000	-0.039110	-0.068412	-0.088649	-0.124480	0.140834
	0.000000	0.000000	1.000000	0.000000	0.000000	-0.124716	0.899495	-0.074830	-0.086266	-0.019891
	0.000000	0.000000	1.000000	0.000000	0.000000	-0.077529	0.838857	0.121439	0.228000	0.891297
	0.000000	0.000000	1.000000	0.000000	0.000000	0.054278	0.066038	-0.043590	0.095566	0.087719
	0.000000	0.000000	1.000000	0.000000	0.000000	0.217905	0.870266	0.139562	-0.036867	0.180014
	0.000000	0.000000	1.000000	0.000000	0.000000	-0.119607	0.583650	-0.099291	0.099399	0.759021
	0.000000	0.000000	1.000000	0.000000	0.000000	-0.108089	-0.120041	0.195906	-0.098562	1.048731
	0.000000	0.000000	1.000000	0.000000	0.000000	-0.123241	0.069218	-0.124629	-0.003255	0.156758
	0.000000	0.000000	1.000000	0.000000	0.000000	-0.097740	1.098075	0.149426	0.022730	-0.055850
	0.000000	0.000000	0.000000	1.000000	0.000000	-0.124073	0.834339	-0.120952	0.237559	0.000690
	0.000000	0.000000	0.000000	1.000000	0.000000	-0.033846	0.244102	0.268062	-0.104674	-0.103227
	0.000000	0.000000	0.000000	1.000000	0.000000	-0.124084	0.188724	-0.124675	0.566210	0.906464
	0.000000	0.000000	0.000000	1.000000	0.000000	-0.060134	0.241173	-0.082533	-0.116163	0.364401
	0.000000	0.000000	0.000000	1.000000	0.000000	0.048785	1.098614	-0.004912	0.125817	-0.012223
	0.000000	0.000000	0.000000	1.000000	0.000000	-0.117892	0.811774	0.193422	0.043441	-0.037037
	0.000000	0.000000	0.000000	1.000000	0.000000	-0.081920	-0.087161	0.071923	-0.113849	-0.063351
	0.000000	0.000000	0.000000	1.000000	0.000000	-0.074487	0.750367	0.100618	0.459577	-0.065709
	0.000000	0.000000	0.000000	1.000000	0.000000	0.173561	1.080385	-0.094071	-0.099129	0.317325
	0.000000	0.000000	0.000000	1.000000	0.000000	0.252322	0.497806	0.289027	0.357016	1.111019
	0.000000	0.000000	0.000000	1.000000	0.000000	-0.003130	1.098406	-0.118324	-0.124753	0.592242
	0.000000	0.000000	0.000000	1.000000	0.000000	0.096606	-0.110688	0.400931	-0.121221	0.353893
	0.000000	0.000000	0.000000	1.000000	0.000000	0.094050	-0.111396	0.301014	-0.115978	1.124890
	0.000000	0.000000	0.000000	1.000000	0.000000	-0.084443	1.044460	0.029442	-0.109175	0.663081
	0.000000	0.000000	0.000000	1.000000	0.000000	-0.054480	0.264247	0.202643	-0.119742	-0.117630
	0.000000	0.000000	0.000000	0.000000	1.000000	0.196708	-0.097346	0.004117	-0.106034	0.195904
	0.000000	0.000000	0.000000	0.000000	1.000000	0.161345	0.843532	0.010713	-0.123773	0.093289
	0.000000	0.000000	0.000000	0.000000	1.000000	0.036531	1.114373	-0.122332	0.098174	0.647863
	0.000000	0.000000	0.000000	0.000000	1.000000	-0.104493	0.457715	-0.080538	-0.009706	1.092458
	0.000000	0.000000	0.000000	0.000000	1.000000	-0.074151	1.121595	0.136950	-0.068316	-0.073955
	0.000000	0.000000	0.000000	0.000000	1.000000	0.009946	0.341676	-0.021737	-0.094297	0.812304
	0.000000	0.000000	0.000000	0.000000	1.000000	-0.091918	0.948112	0.019727	-0.092257	0.536184
	0.000000	0.000000	0.000000	0.000000	1.000000	-0.109291	-0.088654	-0.011167	0.069118	1.070837
	0.000000	0.000000	0.000000	0.000000	1.000000	-0.121791	0.849705	-0.119940	-0.061354	0.687103
	0.000000	0.000000	0.000000	0.000000	1.000000	-0.103422	1.123639	-0.111193	-0.124680	0.331288
	0.000000	0.000000	0.000000	0.000000	1.000000	-0.029047	-0.063242	-0.052214	-0.115663	0.037746
	0.000000	0.000000	0.000000	0.000000	1.000000	0.011251	0.506417	0.121107	-0.069872	0.881308
	0.000000	0.000000	0.000000	0.000000	1.000000	0.000916	-0.074791	0.239966	-0.090093	0.238433
	0.000000	0.000000	0.000000	0.000000	1.000000	-0.116480	0.208757	0.137622	-0.123737	0.475792
	0.000000	0.000000	0.000000	0.000000	1.000000	0.094782	0.304666	-0.066613	-0.102091	0.170247
	0.000000	0.000000	0.000000	0.000000	1.000000	-0.067836	0.149528	-0.124933	0.034147	0.709094
	0.000000	0.000000	0.000000	0.000000	1.000000	-0.048721	0.254729	0.143302	-0.044581	1.119747
	0.000000	0.000000	0.000000	0.000000	1.000000	0.252220	0.582125	0.288805	-0.101645	0.089460
	0.000000	0.000000	0.000000	0.000000	1.000000	-0.112526	0.176977	0.119376	-0.122428	-0.056453
	0.000000	0.000000	0.000000	0.000000	1.000000	-0.112156	0.899117	-0.047497	0.025151	0.427735
	0.000000	0.000000	0.000000	0.000000	1.000000	-0.047129	1.084353	-0.006684	0.028101	0.165879
	0.000000	0.000000	0.000000	0.000000	1.000000	0.022366	0.212777	0.237080	0.143757	0.509165
	0.000000	0.000000	0.000000	0.000000	1.000000	-0.080641	1.111357	0.232889	-0.115105	-0.105247
	0.000000	0.000000	0.000000	0.000000	1.000000	-0.102504	1.001982	0.172711	-0.096181	-0.124360
	0.000000	0.000000	0.000000	0.000000	1.000000	-0.120604	1.103921	0.503359	-0.086175	0.270404
	0.000000	0.000000	0.000000	0.000000	1.000000	0.025918	0.244642	0.207807	-0.051512	0.003856
	0.000000	0.000000	0.000000	0.000000	1.000000	0.178191	0.492076	0.025931	-0.060776	1.087606
	0.000000	0.000000	0.000000	0.000000	1.000000	-0.107984	1.119318	-0.123699	0.221034	-0.114348
	0.000000	0.000000	0.000000	0.000000	1.000000	0.356068	-0.021664	-0.102754	-0.021015	0.811629
	0.000000	0.000000	0.000000	0.000000	1.000000	-0.067351	1.004862	-0.018721	0.031699	0.076390
	0.000000	0.000000	0.000000	0.000000	1.000000	-0.112773	0.905165	-0.123824	0.281570	0.483098
	0.000000	0.000000	0.000000	0.000000	1.000000	0.092757	-0.063400	-0.105882	-0.068324	-0.064873
	0.000000	0.000000	0.000000	0.000000	1.000000	0.230125	0.111370	0.161680	-0.099653	-0.056601
	0.000000	0.000000	0.000000	0.000000	1.000000	-0.097237	1.120404	0.111006	-0.069635	0.088514
	0.000000	0.000000	0.000000	0.000000	1.000000	0.293734	0.698736	0.009790	0.210383	0.842202
	0.000000	0.000000	0.000000	0.000000	1.000000	-0.035217	0.086046	0.121128	-0.120383	0.202208
	0.000000	0.000000	0.000000	0.000000	1.000000	0.071794	0.169209	0.046883	-0.119059	0.695905
	0.000000	0.000000	0.000000	0.000000	1.000000	-0.102797	0.101636	0.014473	0.430831	0.290720
	0.000000	0.000000	0.000000	0.000000	1.000000	0.182489	0.943896	0.025720	0.031096	1.109339
	0.000000	0.000000	0.000000	0.000000	1.000000	0.357360	1.009678	-0.031734	-0.082175	-0.027876
	0.000000	0.000000	0.000000	0.000000	1.000000	-0.037104	0.188886	-0.070339	-0.122988	0.100913
	0.000000	0.000000	0.000000	0.000000	1.000000	0.314360	0.639096	-0.106983	-0.112680	-0.097697
	0.000000	0.000000	0.000000	0.000000	1.000000	-0.111083	0.570653	0.009481	-0.114558	0.893648
	0.000000	0.000000	0.000000	0.000000	1.000000	-0.095218	-0.088510	-0.123219	0.064275	-0.013394
	0.000000	0.000000	0.000000	0.000000	1.000000	-0.060599	0.188824	-0.059836	-0.088407	0.322747
	0.000000	0.000000	0.000000	0.000000	1.000000	0.055111	0.410659	-0.040790	-0.102948	-0.120826
	0.000000	0.000000	0.000000	0.000000	1.000000	0.273076	1.049645	-0.120521	-0.123350	0.725078
	0.000000	0.000000	0.000000	0.000000	1.000000	-0.116868	0.455194	-0.047639	0.201346	0.829335
	0.000000	0.000000	0.000000	0.000000	1.000000	-0.040491	1.076847	-0.099599	-0.122698	0.888997
	0.000000	0.000000	0.000000	0.000000	1.000000	0.133290	0.189400	-0.121137	0.105850	0.095540
	0.000000	0.000000	0.000000	0.000000	1.000000	-0.113514	-0.036956	-0.054264	-0.121976	0.682120
	0.000000	0.000000	0.000000	0.000000	1.000000	0.066798	0.566683	-0.107671	-0.053886	0.151955
	0.000000	0.000000	0.000000	0.000000	1.000000	-0.123540	0.604355	0.558972	-0.043376	1.122157
	0.000000	0.000000	0.000000	0.000000	1.000000	0.063292	0.080944	-0.084870	0.199130	-0.076489
	0.000000	0.000000	0.000000	0.000000	1.000000	-0.124681	1.118973	-0.120665	-0.076747	0.873984
	0.000000	0.000000	0.000000	0.000000	1.000000	-0.042532	0.308597	0.169921	-0.029226	-0.124031
	0.000000	0.000000	0.000000	0.000000	1.000000	-0.115951	-0.123597	-0.069716	0.051126	0.527931
	0.000000	0.000000	0.000000	0.000000	1.000000	-0.123169	0.561115	-0.056240	-0.116556	-0.117151
	0.000000	0.000000	0.000000	0.000000	1.000000	-0.091303	0.656727	0.087796	-0.109421	-0.123590
	0.000000	0.000000	0.000000	0.000000	1.000000	-0.077088	0.568914	0.167315	-0.124690	1.119952
	0.000000	0.000000	0.000000	0.000000	1.000000	0.137701	1.119976	0.149601	-0.093087	0.783357
