	1.000000	0.000000	0.000000	0.000000	0.000000	-0.095904	-0.116868	-0.061425	-0.042522	0.510882
	1.000000	0.000000	0.000000	0.000000	0.000000	-0.058077	0.654293	0.099709	-0.054064	0.207759
	1.000000	0.000000	0.000000	0.000000	0.000000	0.061445	-0.124593	-0.061805	-0.096391	-0.109719
	1.000000	0.000000	0.000000	0.000000	0.000000	-0.041125	1.022943	0.057004	0.006505	-0.073831
	1.000000	0.000000	0.000000	0.000000	0.000000	-0.033567	-0.103414	-0.037475	0.000882	0.989909
	1.000000	0.000000	0.000000	0.000000	0.000000	-0.100113	0.813195	-0.124840	-0.019331	1.116602
	1.000000	0.000000	0.000000	0.000000	0.000000	-0.041601	0.080407	-0.059701	-0.026890	0.364141
	1.000000	0.000000	0.000000	0.000000	0.000000	0.026970	0.743545	-0.068195	0.123962	0.801452
	1.000000	0.000000	0.000000	0.000000	0.000000	-0.106669	0.008953	-0.068437	0.132324	0.867491
	1.000000	0.000000	0.000000	0.000000	0.000000	-0.124932	1.102306	-0.124427	-0.093539	0.547087
	1.000000	0.000000	0.000000	0.000000	0.000000	0.011366	0.779832	0.117352	-0.038154	0.751190
	1.000000	0.000000	0.000000	0.000000	0.000000	-0.113205	1.124994	-0.057794	-0.049084	-0.105171
	1.000000	0.000000	0.000000	0.000000	0.000000	-0.095695	-0.104064	-0.120644	0.249323	0.230391
	1.000000	0.000000	0.000000	0.000000	0.000000	0.116578	0.591527	0.009840	-0.056153	1.013716
	0.000000	1.000000	0.000000	0.000000	0.000000	0.171922	0.075134	-0.124098	-0.082091	0.791018
	0.000000	1.000000	0.000000	0.000000	0.000000	-0.048856	1.040525	-0.114768	0.222553	1.121297
	0.000000	1.000000	0.000000	0.000000	0.000000	-0.105004	0.474070	0.037907	0.129808	1.045332
	0.000000	1.000000	0.000000	0.000000	0.000000	0.069827	0.010710	-0.086102	0.179351	0.999986
	0.000000	1.000000	0.000000	0.000000	0.000000	0.132884	0.059672	-0.007960	0.027048	0.294224
	0.000000	1.000000	0.000000	0.000000	0.000000	-0.061578	-0.102333	0.042853	0.389422	1.063017
	0.000000	1.000000	0.000000	0.000000	0.000000	0.216320	0.556853	-0.094981	0.369711	0.576445
	0.000000	1.000000	0.000000	0.000000	0.000000	-0.043127	1.021982	0.109201	0.460742	1.036083
	0.000000	1.000000	0.000000	0.000000	0.000000	-0.102780	0.443632	-0.064270	0.124180	0.949299
	0.000000	1.000000	0.000000	0.000000	0.000000	-0.066758	-0.124049	-0.124841	0.239282	0.123953
	0.000000	1.000000	0.000000	0.000000	0.000000	0.184983	0.889904	-0.033716	0.297669	-0.066961
	0.000000	1.000000	0.000000	0.000000	0.000000	0.100563	0.521259	-0.121917	0.457555	0.333905
	0.000000	1.000000	0.000000	0.000000	0.000000	-0.059766	-0.119627	0.051399	0.186637	0.924271
	0.000000	1.000000	0.000000	0.000000	0.000000	0.249336	0.639667	-0.112660	0.173482	0.982695
	0.000000	1.000000	0.000000	0.000000	0.000000	-0.119075	0.407683	0.192379	-0.025160	-0.061734
	0.000000	1.000000	0.000000	0.000000	0.000000	0.259616	0.666753	-0.123215	0.138503	1.118602
	0.000000	1.000000	0.000000	0.000000	0.000000	0.110027	1.121364	0.222340	0.305474	-0.124999
	0.000000	1.000000	0.000000	0.000000	0.000000	0.201603	0.970948	-0.087247	0.048866	0.426099
	0.000000	1.000000	0.000000	0.000000	0.000000	-0.007804	0.190871	-0.036520	0.114959	-0.118597
	0.000000	1.000000	0.000000	0.000000	0.000000	0.113030	0.850316	-0.123735	0.265494	0.998537
	0.000000	1.000000	0.000000	0.000000	0.000000	-0.124160	-0.124979	0.069038	-0.067146	-0.110787
	0.000000	1.000000	0.000000	0.000000	0.000000	0.073843	0.719574	-0.122861	0.104038	0.564351
	0.000000	1.000000	0.000000	0.000000	0.000000	-0.066230	0.097435	-0.010371	0.165894	0.582080
	0.000000	1.000000	0.000000	0.000000	0.000000	-0.057749	0.443133	-0.116979	-0.061143	0.014501
	0.000000	1.000000	0.000000	0.000000	0.000000	0.179455	0.287810	-0.112392	0.449880	0.917345
	0.000000	1.000000	0.000000	0.000000	0.000000	-0.014018	1.090791	0.187754	-0.005609	-0.115539
	0.000000	1.000000	0.000000	0.000000	0.000000	0.202929	1.081226	-0.103957	0.177046	1.051425
	0.000000	1.000000	0.000000	0.000000	0.000000	-0.024314	-0.117192	0.057611	-0.124978	0.710543
	0.000000	1.000000	0.000000	0.000000	0.000000	0.105769	0.493258	-0.074135	-0.069071	0.962113
	0.000000	1.000000	0.000000	0.000000	0.000000	-0.088313	0.802453	-0.119790	-0.093679	0.979852
	0.000000	1.000000	0.000000	0.000000	0.000000	0.029682	0.144464	-0.109439	0.052919	0.061406
	0.000000	1.000000	0.000000	0.000000	0.000000	0.064176	0.609433	-0.124304	-0.038709	-0.069910
	0.000000	1.000000	0.000000	0.000000	0.000000	-0.124698	0.086849	-0.113250	0.002507	-0.085834
	0.000000	1.000000	0.000000	0.000000	0.000000	-0.098307	1.123568	-0.001165	-0.120248	-0.124949
	0.000000	1.000000	0.000000	0.000000	0.000000	0.024135	1.094046	-0.002521	0.106647	0.697714
	0.000000	1.000000	0.000000	0.000000	0.000000	0.057100	-0.121012	-0.002812	0.103097	0.659733
	0.000000	1.000000	0.000000	0.000000	0.000000	-0.085005	0.913512	-0.108273	-0.053326	0.687753
	0.000000	1.000000	0.000000	0.000000	0.000000	-0.111237	-0.063159	0.182225	0.242471	0.844044
	0.000000	1.000000	0.000000	0.000000	0.000000	0.020663	1.021020	-0.026402	0.073495	0.545455
	0.000000	0.000000	1.000000	0.000000	0.000000	-0.002248	0.049876	-0.096774	0.020629	1.027192
	0.000000	0.000000	1.000000	0.000000	0.000000	-0.118485	-0.111075	-0.060263	0.217598	0.301593
	0.000000	0.000000	1.000000	0.000000	0.000000	-0.093403	1.005705	-0.056038	-0.070849	0.049577
	0.000000	0.000000	1.000000	0.000000	0.000000	0.060540	0.540848	-0.094667	0.011673	-0.119869
	0.000000	0.000000	1.000000	0.000000	0.000000	0.241355	-0.116444	-0.121111	0.127619	-0.113626
	0.000000	0.000000	1.000000	0.000000	0.000000	0.246550	-0.040179	-0.111071	0.335698	0.912192
	0.000000	0.000000	1.000000	0.000000	0.000000	0.021655	-0.103765	-0.003003	0.258591	0.778119
	0.000000	0.000000	1.000000	0.000000	0.000000	-0.098609	0.016874	-0.110154	-0.098336	-0.037886
	0.000000	0.000000	1.000000	0.000000	0.000000	-0.101148	0.819502	0.166169	-0.048430	1.106840
	0.000000	0.000000	1.000000	0.000000	0.000000	-0.124198	0.947373	0.086378	-0.112604	0.399144
	0.000000	0.000000	1.000000	0.000000	0.000000	-0.019968	0.783449	-0.111982	-0.076683	0.961195
	0.000000	0.000000	1.000000	0.000000	0.000000	-0.078102	-0.121406	-0.031987	0.010469	0.187835
	0.000000	0.000000	1.000000	0.000000	0.000000	-0.046742	0.665658	-0.103966	-0.036712	0.225970
	0.000000	0.000000	0.000000	1.000000	0.000000	0.126701	-0.089750	0.045411	0.160492	0.739618
	0.000000	0.000000	0.000000	1.000000	0.000000	-0.121370	0.797862	0.022816	-0.114182	0.900862
	0.000000	0.000000	0.000000	1.000000	0.000000	-0.113955	1.003619	0.011616	-0.059461	0.233620
	0.000000	0.000000	0.000000	1.000000	0.000000	-0.050107	0.773231	-0.019281	-0.104294	0.650431
	0.000000	0.000000	0.000000	1.000000	0.000000	-0.123264	1.110812	-0.035880	-0.066057	-0.103173
	0.000000	0.000000	0.000000	1.000000	0.000000	-0.036620	1.064144	-0.091527	0.396758	0.041011
	0.000000	0.000000	0.000000	1.000000	0.000000	-0.124832	1.051801	-0.120632	-0.089056	-0.010401
	0.000000	0.000000	0.000000	1.000000	0.000000	-0.104903	0.051216	-0.026046	-0.096723	1.020663
	0.000000	0.000000	0.000000	1.000000	0.000000	0.053119	1.082386	0.109879	0.429630	0.996725
	0.000000	0.000000	0.000000	1.000000	0.000000	-0.045037	0.658164	0.001250	0.124770	0.877137
	0.000000	0.000000	0.000000	1.000000	0.000000	-0.008552	0.994631	-0.124976	-0.013239	0.361606
	0.000000	0.000000	0.000000	1.000000	0.000000	-0.017153	0.631704	-0.093465	0.236807	1.031962
	0.000000	0.000000	0.000000	1.000000	0.000000	0.231183	0.076669	0.010801	0.338612	0.584409
	0.000000	0.000000	0.000000	1.000000	0.000000	-0.111287	-0.124730	0.318996	0.124126	0.064068
	0.000000	0.000000	0.000000	1.000000	0.000000	-0.009759	0.769620	0.028937	0.248017	0.891532
	0.000000	0.000000	0.000000	1.000000	0.000000	-0.014107	0.280875	-0.110420	0.004656	0.554901
	0.000000	0.000000	0.000000	0.000000	1.000000	0.063037	1.094260	0.313987	0.007065	0.815720
	0.000000	0.000000	0.000000	0.000000	1.000000	-0.122307	0.972287	-0.093608	-0.108378	0.467763
	0.000000	0.000000	0.000000	0.000000	1.000000	-0.036823	0.028077	-0.056532	-0.105064	0.531772
	0.000000	0.000000	0.000000	0.000000	1.000000	-0.123475	1.124556	0.127460	-0.074876	0.637768
	0.000000	0.000000	0.000000	0.000000	1.000000	-0.118473	1.038588	-0.108074	-0.075632	1.061763
	0.000000	0.000000	0.000000	0.000000	1.000000	0.071788	1.038372	-0.103979	0.047971	0.823354
	0.000000	0.000000	0.000000	0.000000	1.000000	-0.033285	0.174305	-0.124781	0.203049	0.189092
	0.000000	0.000000	0.000000	0.000000	1.000000	-0.049872	0.529189	-0.034124	0.020870	0.162724
	0.000000	0.000000	0.000000	0.000000	1.000000	0.013787	1.012485	-0.078614	-0.047276	1.060510
	0.000000	0.000000	0.000000	0.000000	1.000000	0.048892	0.447234	-0.076654	0.178230	0.173406
	0.000000	0.000000	0.000000	0.000000	1.000000	0.140831	0.011708	-0.046941	0.366119	0.748197
	0.000000	0.000000	0.000000	0.000000	1.000000	0.508337	0.025959	-0.055432	0.297752	0.357847
	0.000000	0.000000	0.000000	0.000000	1.000000	-0.117996	-0.008026	-0.031350	0.127171	0.164428
	0.000000	0.000000	0.000000	0.000000	1.000000	0.011323	1.121898	-0.115017	0.184703	0.348633
	0.000000	0.000000	0.000000	0.000000	1.000000	-0.043285	-0.114667	0.001029	-0.001232	0.653869
	0.000000	0.000000	0.000000	0.000000	1.000000	0.041971	-0.119956	-0.124866	0.107842	1.006229
	0.000000	0.000000	0.000000	0.000000	1.000000	0.184233	0.292129	-0.121630	0.428238	0.304182
	0.000000	0.000000	0.000000	0.000000	1.000000	0.144326	-0.093987	-0.082001	0.127300	0.477026
	0.000000	0.000000	0.000000	0.000000	1.000000	0.034241	0.584397	-0.104048	-0.034114	0.795851
	0.000000	0.000000	0.000000	0.000000	1.000000	-0.096934	0.038581	-0.099651	0.025366	1.124629
	0.000000	0.000000	0.000000	0.000000	1.000000	0.524502	0.176748	-0.100674	0.385866	0.628664
	0.000000	0.000000	0.000000	0.000000	1.000000	-0.077352	0.329522	-0.124940	-0.091763	-0.004109
	0.000000	0.000000	0.000000	0.000000	1.000000	-0.011346	0.836498	-0.120577	-0.109478	0.175249
	0.000000	0.000000	0.000000	0.000000	1.000000	-0.005057	1.122751	-0.068506	-0.076316	1.056976
	0.000000	0.000000	0.000000	0.000000	1.000000	0.041121	1.122155	-0.124131	0.329788	1.124900
	0.000000	0.000000	0.000000	0.000000	1.000000	0.025361	0.787460	-0.123349	0.062502	0.144613
	0.000000	0.000000	0.000000	0.000000	1.000000	0.258924	0.901788	-0.080668	0.157089	0.953394
	0.000000	0.000000	0.000000	0.000000	1.000000	0.063644	0.205418	-0.122194	0.165839	1.120470
	0.000000	0.000000	0.000000	0.000000	1.000000	0.045647	0.469936	-0.030447	0.090117	0.871997
	0.000000	0.000000	0.000000	0.000000	1.000000	0.094899	1.060349	-0.120563	-0.022273	1.092188
	0.000000	0.000000	0.000000	0.000000	1.000000	-0.117087	0.421548	-0.113592	-0.011829	0.965514
	0.000000	0.000000	0.000000	0.000000	1.000000	-0.006960	0.947669	-0.096036	0.136796	0.967809
	0.000000	0.000000	0.000000	0.000000	1.000000	0.038033	0.153415	-0.113227	0.202225	0.848168
	0.000000	0.000000	0.000000	0.000000	1.000000	0.310670	-0.107434	-0.101176	0.490392	0.268291
	0.000000	0.000000	0.000000	0.000000	1.000000	-0.089587	1.060214	-0.037529	0.199370	0.718959
	0.000000	0.000000	0.000000	0.000000	1.000000	0.185042	0.691257	-0.050997	0.081095	0.948152
	0.000000	0.000000	0.000000	0.000000	1.000000	-0.091491	0.744101	-0.092450	-0.104576	-0.124636
	0.000000	0.000000	0.000000	0.000000	1.000000	-0.070321	0.490013	-0.123890	-0.069384	-0.026337
	0.000000	0.000000	0.000000	0.000000	1.000000	-0.123886	-0.102709	-0.115999	0.041968	-0.115182
	0.000000	0.000000	0.000000	0.000000	1.000000	0.081156	0.744777	-0.082868	0.550724	1.087922
	0.000000	0.000000	0.000000	0.000000	1.000000	-0.000911	1.080333	0.176911	-0.040057	0.010441
	0.000000	0.000000	0.000000	0.000000	1.000000	0.212375	0.806120	-0.080164	0.187192	-0.122955
	0.000000	0.000000	0.000000	0.000000	1.000000	0.164604	-0.123028	-0.123151	0.146655	0.060858
	0.000000	0.000000	0.000000	0.000000	1.000000	0.142839	1.106986	0.092992	0.305137	0.760365
	0.000000	0.000000	0.000000	0.000000	1.000000	-0.050435	1.090017	-0.115535	-0.064764	0.637659
	0.000000	0.000000	0.000000	0.000000	1.000000	-0.080976	0.244330	-0.026655	0.179631	0.838618
	0.000000	0.000000	0.000000	0.000000	1.000000	-0.016797	0.942707	-0.051866	0.215113	0.524655
	0.000000	0.000000	0.000000	0.000000	1.000000	0.038712	-0.019693	-0.124870	-0.102810	-0.059033
	0.000000	0.000000	0.000000	0.000000	1.000000	0.062398	0.125526	0.050570	0.144409	-0.049593
	0.000000	0.000000	0.000000	0.000000	1.000000	0.020264	0.279014	0.026231	0.063342	0.017515
	0.000000	0.000000	0.000000	0.000000	1.000000	0.197828	1.068403	-0.091959	0.162436	0.050907
	0.000000	0.000000	0.000000	0.000000	1.000000	0.060871	0.545551	-0.003079	0.133259	1.102131
	0.000000	0.000000	0.000000	0.000000	1.000000	0.005313	0.537181	-0.055362	0.324983	0.653715
	0.000000	0.000000	0.000000	0.000000	1.000000	0.227359	0.017995	-0.011854	0.279159	0.964362
	0.000000	0.000000	0.000000	0.000000	1.000000	0.093064	0.690187	-0.059741	0.232837	0.888973
	0.000000	0.000000	0.000000	0.000000	1.000000	-0.005994	0.356548	0.177816	0.426355	0.321790
	0.000000	0.000000	0.000000	0.000000	1.000000	-0.116312	-0.088736	-0.051097	-0.081143	1.114028
	0.000000	0.000000	0.000000	0.000000	1.000000	-0.124995	0.676456	-0.062508	-0.087367	0.122814
	0.000000	0.000000	0.000000	0.000000	1.000000	-0.116227	0.860779	-0.064537	0.029664	0.922592
	0.000000	0.000000	0.000000	0.000000	1.000000	0.155406	-0.012768	-0.110481	-0.052835	0.289475
	0.000000	0.000000	0.000000	0.000000	1.000000	-0.047847	0.822360	-0.122865	0.048775	0.823117
	0.000000	0.000000	0.000000	0.000000	1.000000	0.172683	0.381260	-0.060734	0.116917	0.825589
	0.000000	0.000000	0.000000	0.000000	1.000000	0.006213	-0.042636	-0.123584	-0.076066	-0.124089
	0.000000	0.000000	0.000000	0.000000	1.000000	0.012753	1.077876	0.039800	0.306785	-0.014008
	0.000000	0.000000	0.000000	0.000000	1.000000	-0.107481	0.136941	0.241560	0.267260	-0.080022
	1.000000	0.000000	0.000000	0.000000	0.000000	-0.123184	0.483238	-0.035878	0.010637	0.597903
	1.000000	0.000000	0.000000	0.000000	0.000000	-0.070295	0.541988	-0.091849	0.001395	0.306163
	1.000000	0.000000	0.000000	0.000000	0.000000	-0.106167	0.603326	-0.080019	0.008086	-0.017356
	1.000000	0.000000	0.000000	0.000000	0.000000	-0.112910	0.613972	-0.080090	0.082716	0.551594
	1.000000	0.000000	0.000000	0.000000	0.000000	0.004196	0.842956	-0.117843	-0.095622	0.785196
	1.000000	0.000000	0.000000	0.000000	0.000000	-0.113978	0.485605	0.203981	0.400577	0.293402
	1.000000	0.000000	0.000000	0.000000	0.000000	0.042043	0.691725	-0.052335	0.311702	0.594385
	1.000000	0.000000	0.000000	0.000000	0.000000	-0.014635	0.235292	-0.080437	0.199754	1.052965
	1.000000	0.000000	0.000000	0.000000	0.000000	-0.045149	0.782026	-0.015484	0.156290	1.110519
	1.000000	0.000000	0.000000	0.000000	0.000000	0.048543	0.475861	-0.105616	0.020096	0.317641
	1.000000	0.000000	0.000000	0.000000	0.000000	-0.088726	0.537382	-0.084781	0.059447	-0.115104
	1.000000	0.000000	0.000000	0.000000	0.000000	0.018205	-0.001542	-0.068750	0.590825	0.097452
	1.000000	0.000000	0.000000	0.000000	0.000000	-0.032990	-0.050711	-0.117090	-0.123579	0.899481
	1.000000	0.000000	0.000000	0.000000	0.000000	0.158929	-0.011423	-0.068622	0.131011	-0.124456
	1.000000	0.000000	0.000000	0.000000	0.000000	0.088534	1.016798	-0.121859	0.384792	0.485960
	1.000000	0.000000	0.000000	0.000000	0.000000	-0.037360	-0.116911	0.560864	0.203780	-0.123792
	0.000000	1.000000	0.000000	0.000000	0.000000	-0.103980	1.123237	-0.075229	0.021499	1.119743
	0.000000	1.000000	0.000000	0.000000	0.000000	-0.124431	0.700147	-0.079339	-0.041563	0.089382
	0.000000	1.000000	0.000000	0.000000	0.000000	0.343203	0.865619	0.055555	0.025549	0.160193
	0.000000	1.000000	0.000000	0.000000	0.000000	0.166126	0.595754	0.031286	0.257041	-0.080520
	0.000000	1.000000	0.000000	0.000000	0.000000	0.156848	0.956710	0.254990	0.094626	-0.108116
	0.000000	1.000000	0.000000	0.000000	0.000000	-0.007927	-0.042325	0.020842	0.074022	-0.028477
	0.000000	1.000000	0.000000	0.000000	0.000000	-0.101154	1.120355	-0.120035	-0.095879	1.119065
	0.000000	1.000000	0.000000	0.000000	0.000000	0.020542	0.631759	-0.056882	0.080093	0.946824
	0.000000	1.000000	0.000000	0.000000	0.000000	-0.113323	0.995670	0.022042	0.066345	1.068438
	0.000000	1.000000	0.000000	0.000000	0.000000	0.051275	-0.046940	-0.107928	0.183161	1.124981
	0.000000	1.000000	0.000000	0.000000	0.000000	-0.116800	-0.111532	-0.083936	0.357085	0.280844
	0.000000	1.000000	0.000000	0.000000	0.000000	0.128708	-0.043316	-0.079439	0.058283	0.117709
	0.000000	1.000000	0.000000	0.000000	0.000000	0.018765	-0.074993	0.024640	0.221341	0.427684
	0.000000	1.000000	0.000000	0.000000	0.000000	-0.124989	0.317322	-0.040513	-0.119868	0.191349
	0.000000	1.000000	0.000000	0.000000	0.000000	-0.110602	0.268398	-0.027517	0.371298	0.996877
	0.000000	1.000000	0.000000	0.000000	0.000000	-0.033125	0.318079	-0.124407	0.209710	0.473049
	0.000000	1.000000	0.000000	0.000000	0.000000	-0.065253	0.993132	-0.040023	0.026653	0.597946
	0.000000	1.000000	0.000000	0.000000	0.000000	-0.124872	1.016611	-0.048391	-0.107099	0.178439
	0.000000	1.000000	0.000000	0.000000	0.000000	-0.088439	-0.124989	-0.106631	0.112805	0.453109
	0.000000	1.000000	0.000000	0.000000	0.000000	-0.123197	0.950280	-0.062829	-0.103858	0.967980
	0.000000	1.000000	0.000000	0.000000	0.000000	-0.100923	0.579369	0.092621	0.249799	0.348478
	0.000000	1.000000	0.000000	0.000000	0.000000	-0.045691	-0.050197	-0.108520	-0.013591	0.738968
	0.000000	1.000000	0.000000	0.000000	0.000000	-0.006641	0.501252	-0.085724	0.022549	0.947904
	0.000000	1.000000	0.000000	0.000000	0.000000	0.252793	0.711810	-0.026613	0.274526	0.169950
	0.000000	1.000000	0.000000	0.000000	0.000000	-0.044765	0.296016	-0.026911	-0.077529	-0.109548
	0.000000	1.000000	0.000000	0.000000	0.000000	-0.000151	1.124984	-0.119763	-0.030024	-0.121825
	0.000000	1.000000	0.000000	0.000000	0.000000	-0.031997	-0.098054	-0.009991	-0.036105	0.077054
	0.000000	1.000000	0.000000	0.000000	0.000000	0.073386	0.121377	-0.087713	0.080409	0.057817
	0.000000	1.000000	0.000000	0.000000	0.000000	-0.089752	1.114990	-0.029762	0.173119	1.099102
	0.000000	1.000000	0.000000	0.000000	0.000000	0.151515	-0.025492	-0.039402	0.219887	0.925484
	0.000000	1.000000	0.000000	0.000000	0.000000	-0.113725	1.094131	0.027594	0.088666	0.120339
	0.000000	1.000000	0.000000	0.000000	0.000000	0.164925	-0.023879	-0.098197	0.201559	1.124395
	0.000000	1.000000	0.000000	0.000000	0.000000	0.016834	-0.013191	-0.123234	-0.027199	-0.116146
	0.000000	1.000000	0.000000	0.000000	0.000000	0.294107	1.100420	0.015836	0.023066	0.600056
	0.000000	1.000000	0.000000	0.000000	0.000000	0.044379	0.984208	0.399876	0.259065	-0.072575
	0.000000	0.000000	1.000000	0.000000	0.000000	-0.003806	0.769100	-0.079552	0.194257	0.118794
	0.000000	0.000000	1.000000	0.000000	0.000000	0.044405	0.771931	-0.092045	0.373952	1.122308
	0.000000	0.000000	1.000000	0.000000	0.000000	0.394507	0.562747	-0.094165	0.395580	1.104496
	0.000000	0.000000	1.000000	0.000000	0.000000	0.029662	-0.001071	-0.116178	0.022686	0.000771
	0.000000	0.000000	1.000000	0.000000	0.000000	0.096493	-0.093878	-0.064879	0.279137	-0.110269
	0.000000	0.000000	1.000000	0.000000	0.000000	0.156454	0.714257	-0.115213	0.082590	0.830550
	0.000000	0.000000	1.000000	0.000000	0.000000	0.142422	0.870275	-0.118504	0.090329	-0.123648
	0.000000	0.000000	1.000000	0.000000	0.000000	-0.071714	0.872493	-0.108002	0.114338	-0.105791
	0.000000	0.000000	1.000000	0.000000	0.000000	0.057930	-0.124742	-0.121908	0.358662	1.116256
	0.000000	0.000000	1.000000	0.000000	0.000000	-0.049991	0.266427	-0.089761	0.041828	0.996600
	0.000000	0.000000	1.000000	0.000000	0.000000	-0.075108	-0.046707	-0.117661	0.220315	0.499983
	0.000000	0.000000	1.000000	0.000000	0.000000	0.091915	0.628610	-0.117632	0.412613	0.903463
	0.000000	0.000000	1.000000	0.000000	0.000000	0.138217	0.207910	-0.028695	0.059667	0.655430
	0.000000	0.000000	1.000000	0.000000	0.000000	0.238345	0.045060	-0.003330	0.149981	1.124945
	0.000000	0.000000	1.000000	0.000000	0.000000	-0.096044	0.236203	-0.124922	0.246694	1.011269
	0.000000	0.000000	1.000000	0.000000	0.000000	0.092965	0.131356	-0.123656	-0.105985	0.081398
	0.000000	0.000000	0.000000	1.000000	0.000000	0.045383	0.603532	0.129541	0.301111	0.914349
	0.000000	0.000000	0.000000	1.000000	0.000000	0.104088	-0.010504	-0.123636	0.171354	-0.054668
	0.000000	0.000000	0.000000	1.000000	0.000000	0.004042	-0.122467	-0.099519	0.163835	0.474694
	0.000000	0.000000	0.000000	1.000000	0.000000	-0.098343	-0.122420	0.169991	-0.081851	1.124689
	0.000000	0.000000	0.000000	1.000000	0.000000	-0.071378	-0.120614	-0.024260	-0.072185	1.021115
	0.000000	0.000000	0.000000	1.000000	0.000000	-0.109112	0.641638	-0.114570	0.142315	-0.046714
	0.000000	0.000000	0.000000	1.000000	0.000000	0.185836	-0.123977	-0.120272	0.534382	0.252871
	0.000000	0.000000	0.000000	1.000000	0.000000	0.006634	0.574414	0.051890	0.221205	1.124103
	0.000000	0.000000	0.000000	1.000000	0.000000	0.182485	0.154966	0.257803	0.219662	0.823328
	0.000000	0.000000	0.000000	1.000000	0.000000	0.178157	-0.084028	-0.066619	0.271023	1.110254
	0.000000	0.000000	0.000000	1.000000	0.000000	0.031631	0.714864	-0.124543	0.367253	0.554188
	0.000000	0.000000	0.000000	1.000000	0.000000	-0.101490	0.880051	0.089767	-0.016220	0.656682
	0.000000	0.000000	0.000000	1.000000	0.000000	0.000267	0.520770	-0.003660	0.320021	-0.067307
	0.000000	0.000000	0.000000	1.000000	0.000000	-0.108128	-0.091219	-0.078919	0.105610	0.758848
	0.000000	0.000000	0.000000	1.000000	0.000000	-0.124920	0.790062	-0.038972	0.131205	-0.004263
	0.000000	0.000000	0.000000	0.000000	1.000000	0.345193	0.122298	-0.041439	0.282267	0.860787
	0.000000	0.000000	0.000000	0.000000	1.000000	0.112537	-0.091923	-0.066657	0.103119	-0.118583
	0.000000	0.000000	0.000000	0.000000	1.000000	0.023884	0.617974	-0.121788	0.085829	0.093330
	0.000000	0.000000	0.000000	0.000000	1.000000	-0.090593	0.233334	-0.028000	-0.004956	0.197058
	0.000000	0.000000	0.000000	0.000000	1.000000	0.195538	-0.101102	-0.104486	0.210689	1.061180
	0.000000	0.000000	0.000000	0.000000	1.000000	-0.046680	0.584873	-0.115471	0.241592	0.783295
	0.000000	0.000000	0.000000	0.000000	1.000000	0.131639	0.763211	-0.120084	0.168698	-0.123874
	0.000000	0.000000	0.000000	0.000000	1.000000	0.009177	-0.124435	0.128063	0.218186	0.052215
	0.000000	0.000000	0.000000	0.000000	1.000000	0.051249	0.865603	0.002755	0.332618	0.517452
	0.000000	0.000000	0.000000	0.000000	1.000000	0.119459	-0.091603	-0.111289	0.140661	0.941771
	0.000000	0.000000	0.000000	0.000000	1.000000	-0.113641	1.124991	-0.124469	-0.041010	1.122951
	0.000000	0.000000	0.000000	0.000000	1.000000	-0.048407	0.776976	-0.124485	-0.100276	0.540649
	0.000000	0.000000	0.000000	0.000000	1.000000	-0.079762	0.769055	-0.111659	0.347242	0.848049
	0.000000	0.000000	0.000000	0.000000	1.000000	0.073389	1.007274	-0.041861	0.372794	0.671576
	0.000000	0.000000	0.000000	0.000000	1.000000	-0.035925	-0.059485	-0.121664	0.365071	0.860699
	0.000000	0.000000	0.000000	0.000000	1.000000	-0.101433	0.762615	-0.113654	0.214032	0.496769
	0.000000	0.000000	0.000000	0.000000	1.000000	-0.094199	0.319647	-0.091880	0.274986	0.713153
	0.000000	0.000000	0.000000	0.000000	1.000000	0.205477	-0.097426	-0.043414	0.077190	-0.122442
	0.000000	0.000000	0.000000	0.000000	1.000000	-0.032702	0.481330	-0.124898	0.232429	0.959907
	0.000000	0.000000	0.000000	0.000000	1.000000	0.330937	-0.124289	-0.087854	0.213344	0.834252
	0.000000	0.000000	0.000000	0.000000	1.000000	-0.122137	0.366099	-0.118336	-0.124935	-0.124059
	0.000000	0.000000	0.000000	0.000000	1.000000	0.129779	-0.117886	0.117629	0.171827	1.094396
	0.000000	0.000000	0.000000	0.000000	1.000000	-0.024610	0.074466	0.092150	0.406552	0.279757
	0.000000	0.000000	0.000000	0.000000	1.000000	-0.033298	1.071038	-0.117131	0.117283	-0.028551
	0.000000	0.000000	0.000000	0.000000	1.000000	0.340223	-0.096542	-0.004264	0.208691	0.825835
	0.000000	0.000000	0.000000	0.000000	1.000000	0.229345	0.123930	-0.122840	0.414556	-0.112379
	0.000000	0.000000	0.000000	0.000000	1.000000	0.074198	0.138680	-0.013703	0.378221	0.948890
	0.000000	0.000000	0.000000	0.000000	1.000000	0.219717	0.271759	-0.124543	0.302679	0.080232
	0.000000	0.000000	0.000000	0.000000	1.000000	-0.063151	0.458874	-0.117963	-0.052497	0.824318
	0.000000	0.000000	0.000000	0.000000	1.000000	0.042028	1.034162	-0.052712	0.363531	0.359800
	0.000000	0.000000	0.000000	0.000000	1.000000	0.308573	-0.046173	-0.123686	0.062691	0.991233
	0.000000	0.000000	0.000000	0.000000	1.000000	0.031768	0.770374	-0.124640	0.288512	1.011842
	0.000000	0.000000	0.000000	0.000000	1.000000	0.023551	0.964306	-0.103220	0.218879	1.116840
	0.000000	0.000000	0.000000	0.000000	1.000000	-0.074828	1.013148	-0.109336	-0.124898	0.292986
	0.000000	0.000000	0.000000	0.000000	1.000000	-0.017203	0.706422	-0.124855	0.189196	0.507672
	0.000000	0.000000	0.000000	0.000000	1.000000	-0.097359	-0.115051	0.133812	0.406823	1.098218
	0.000000	0.000000	0.000000	0.000000	1.000000	0.025908	-0.083552	0.125196	0.166196	-0.113250
	0.000000	0.000000	0.000000	0.000000	1.000000	0.047346	0.235219	-0.124757	0.059034	0.832085
	0.000000	0.000000	0.000000	0.000000	1.000000	0.208961	0.580253	-0.096678	0.079819	0.336279
	0.000000	0.000000	0.000000	0.000000	1.000000	-0.094034	1.050853	-0.058802	0.156312	0.894326
	0.000000	0.000000	0.000000	0.000000	1.000000	0.182742	0.661955	-0.082214	0.268814	-0.098718
	0.000000	0.000000	0.000000	0.000000	1.000000	0.161730	1.025147	0.023055	0.261587	0.313516
	0.000000	0.000000	0.000000	0.000000	1.000000	0.239617	0.713880	-0.122376	0.234780	-0.005093
	0.000000	0.000000	0.000000	0.000000	1.000000	0.004435	0.388301	-0.079305	0.075857	0.112319
	0.000000	0.000000	0.000000	0.000000	1.000000	-0.075031	-0.068672	0.040411	-0.098435	0.090608
	0.000000	0.000000	0.000000	0.000000	1.000000	-0.050992	0.630839	0.071399	0.068172	0.595654
	0.000000	0.000000	0.000000	0.000000	1.000000	0.004377	-0.093743	-0.097378	0.092560	0.018816
	0.000000	0.000000	0.000000	0.000000	1.000000	0.123300	0.883839	-0.017356	0.532131	0.236412
	0.000000	0.000000	0.000000	0.000000	1.000000	0.286626	0.613704	-0.124033	0.064936	1.061130
	0.000000	0.000000	0.000000	0.000000	1.000000	0.030409	0.307037	-0.124393	0.138579	1.097490
	0.000000	0.000000	0.000000	0.000000	1.000000	0.126909	-0.091221	-0.121223	-0.052940	0.068042
	0.000000	0.000000	0.000000	0.000000	1.000000	0.247311	0.575203	-0.045200	0.315026	1.065311
	0.000000	0.000000	0.000000	0.000000	1.000000	-0.124698	-0.010354	-0.070911	-0.120712	1.106545
	0.000000	0.000000	0.000000	0.000000	1.000000	0.040736	0.955573	-0.018144	-0.125000	1.124269
	0.000000	0.000000	0.000000	0.000000	1.000000	-0.029861	0.573625	-0.106717	0.326734	0.440166
	0.000000	0.000000	0.000000	0.000000	1.000000	0.131851	0.116497	0.067400	0.501099	0.629470
	0.000000	0.000000	0.000000	0.000000	1.000000	0.013114	0.154420	-0.123465	0.045029	0.550421
	0.000000	0.000000	0.000000	0.000000	1.000000	0.065814	-0.080070	-0.123574	-0.087408	-0.110020
	0.000000	0.000000	0.000000	0.000000	1.000000	-0.068279	0.845430	-0.042259	0.116893	0.590643
	0.000000	0.000000	0.000000	0.000000	1.000000	0.195812	1.032647	-0.107135	0.318982	1.002297
	0.000000	0.000000	0.000000	0.000000	1.000000	-0.035405	0.017544	-0.116635	-0.002239	1.069815
