	1.000000	0.000000	0.000000	0.000000	0.000000	-0.114900	1.085122	0.242766	-0.079172	0.531924
	1.000000	0.000000	0.000000	0.000000	0.000000	-0.041886	0.857730	-0.035844	0.027353	1.059492
	1.000000	0.000000	0.000000	0.000000	0.000000	-0.026673	0.477531	0.033146	0.052657	-0.090426
	1.000000	0.000000	0.000000	0.000000	0.000000	0.087238	0.723886	-0.109910	-0.111934	1.074443
	1.000000	0.000000	0.000000	0.000000	0.000000	-0.029102	-0.097990	0.027596	-0.079409	0.889757
	1.000000	0.000000	0.000000	0.000000	0.000000	0.029192	1.048500	-0.067882	0.144805	0.313827
	1.000000	0.000000	0.000000	0.000000	0.000000	-0.101024	0.824781	-0.049157	0.101508	-0.032543
	1.000000	0.000000	0.000000	0.000000	0.000000	0.038812	0.214969	-0.118145	-0.076281	0.940588
	1.000000	0.000000	0.000000	0.000000	0.000000	-0.014741	0.807538	0.141306	-0.055244	0.698002
	1.000000	0.000000	0.000000	0.000000	0.000000	-0.048574	1.051754	0.065345	-0.118842	0.553956
	1.000000	0.000000	0.000000	0.000000	0.000000	0.177503	1.124163	-0.075194	0.066536	0.300084
	1.000000	0.000000	0.000000	0.000000	0.000000	0.071387	1.091150	-0.040616	0.206090	0.559175
	1.000000	0.000000	0.000000	0.000000	0.000000	0.027109	1.077156	0.092846	0.124038	0.409098
	1.000000	0.000000	0.000000	0.000000	0.000000	-0.070919	1.123727	0.148149	0.171527	0.925608
	0.000000	1.000000	0.000000	0.000000	0.000000	0.010789	0.347504	-0.121522	-0.124788	-0.100584
	0.000000	1.000000	0.000000	0.000000	0.000000	-0.089164	0.123768	0.075986	-0.018329	1.105142
	0.000000	1.000000	0.000000	0.000000	0.000000	-0.105881	-0.017138	0.085250	0.016123	0.951412
	0.000000	1.000000	0.000000	0.000000	0.000000	-0.043742	0.382884	0.011762	0.231594	0.006688
	0.000000	1.000000	0.000000	0.000000	0.000000	-0.062151	1.122912	-0.086987	0.190330	1.074180
	0.000000	1.000000	0.000000	0.000000	0.000000	0.090978	0.601945	0.195282	-0.012958	0.529824
	0.000000	1.000000	0.000000	0.000000	0.000000	-0.052721	0.595515	-0.035530	0.139820	0.702846
	0.000000	1.000000	0.000000	0.000000	0.000000	-0.073984	0.868695	-0.123029	-0.109890	0.663013
	0.000000	1.000000	0.000000	0.000000	0.000000	-0.026424	0.061149	-0.029653	0.363608	0.094409
	0.000000	1.000000	0.000000	0.000000	0.000000	0.019364	0.655940	-0.123086	-0.097375	0.452883
	0.000000	1.000000	0.000000	0.000000	0.000000	-0.092563	-0.099350	0.061357	-0.119287	-0.031420
	0.000000	1.000000	0.000000	0.000000	0.000000	0.007043	1.120864	0.063586	0.390435	0.667213
	0.000000	1.000000	0.000000	0.000000	0.000000	-0.021313	0.715330	-0.040720	-0.123989	1.069230
	0.000000	1.000000	0.000000	0.000000	0.000000	0.092337	-0.121551	-0.121663	0.026608	0.175322
	0.000000	1.000000	0.000000	0.000000	0.000000	0.064595	1.119942	0.009096	0.341769	1.078478
	0.000000	1.000000	0.000000	0.000000	0.000000	-0.071218	0.257023	-0.124640	0.308209	0.591406
	0.000000	1.000000	0.000000	0.000000	0.000000	0.051710	-0.038858	0.374454	-0.119703	-0.124979
	0.000000	1.000000	0.000000	0.000000	0.000000	0.172433	0.153487	-0.116632	-0.087017	0.961785
	0.000000	1.000000	0.000000	0.000000	0.000000	0.085475	-0.115939	-0.039869	0.123532	1.015925
	0.000000	1.000000	0.000000	0.000000	0.000000	-0.013971	0.539090	-0.122366	-0.122474	0.628887
	0.000000	1.000000	0.000000	0.000000	0.000000	0.001645	-0.122351	-0.124916	-0.109429	1.123511
	0.000000	1.000000	0.000000	0.000000	0.000000	0.089465	0.794795	-0.105265	-0.071412	0.146333
	0.000000	1.000000	0.000000	0.000000	0.000000	0.031502	1.118997	-0.121904	-0.037587	1.050980
	0.000000	1.000000	0.000000	0.000000	0.000000	0.288103	0.322296	0.050996	-0.010737	0.940065
	0.000000	1.000000	0.000000	0.000000	0.000000	0.108884	0.910686	0.152625	0.053619	0.351883
	0.000000	1.000000	0.000000	0.000000	0.000000	-0.092818	1.111717	-0.042399	-0.011771	0.496046
	0.000000	1.000000	0.000000	0.000000	0.000000	-0.118356	0.297982	-0.055097	0.396227	0.358248
	0.000000	1.000000	0.000000	0.000000	0.000000	-0.053004	0.892810	0.144021	0.373277	0.883862
	0.000000	1.000000	0.000000	0.000000	0.000000	0.193899	0.672388	-0.120875	-0.113202	0.866523
	0.000000	1.000000	0.000000	0.000000	0.000000	-0.000482	1.122267	-0.098934	0.115966	1.124244
	0.000000	1.000000	0.000000	0.000000	0.000000	0.210014	0.359598	0.217750	-0.123427	0.434996
	0.000000	1.000000	0.000000	0.000000	0.000000	0.047780	0.274091	-0.113208	-0.003312	0.314645
	0.000000	1.000000	0.000000	0.000000	0.000000	-0.116342	-0.096445	-0.076109	0.615397	1.114520
	0.000000	1.000000	0.000000	0.000000	0.000000	0.045098	0.688119	-0.106754	-0.118542	1.108800
	0.000000	1.000000	0.000000	0.000000	0.000000	-0.018887	1.114640	-0.045252	-0.097095	-0.022690
	0.000000	1.000000	0.000000	0.000000	0.000000	-0.050928	1.124757	-0.066630	-0.124746	-0.124931
	0.000000	1.000000	0.000000	0.000000	0.000000	0.071728	0.495183	-0.115387	0.278998	0.634647
	0.000000	1.000000	0.000000	0.000000	0.000000	0.086423	1.116521	0.409799	0.045013	0.738183
	0.000000	1.000000	0.000000	0.000000	0.000000	0.090707	0.949842	0.415701	-0.124706	-0.061910
	0.000000	0.000000	1.000000	0.000000	0.000000	0.104100	-0.075643	-0.105654	-0.124381	0.276702
	0.000000	0.000000	1.000000	0.000000	0.000000	0.044266	-0.125000	-0.111903	0.148656	-0.070844
	0.000000	0.000000	1.000000	0.000000	0.000000	-0.103895	-0.078320	0.078752	0.177371	0.819792
	0.000000	0.000000	1.000000	0.000000	0.000000	0.323321	0.658059	0.094163	-0.093009	-0.122771
	0.000000	0.000000	1.000000	0.000000	0.000000	0.001672	1.034413	-0.085630	0.474762	1.033186
	0.000000	0.000000	1.000000	0.000000	0.000000	0.077205	-0.124409	0.034230	-0.119285	-0.033250
	0.000000	0.000000	1.000000	0.000000	0.000000	-0.007351	0.052317	0.074899	-0.057637	1.074813
	0.000000	0.000000	1.000000	0.000000	0.000000	-0.082093	0.702545	-0.040636	0.114968	1.060931
	0.000000	0.000000	1.000000	0.000000	0.000000	0.029875	0.642063	-0.124133	0.310527	0.626014
	0.000000	0.000000	1.000000	0.000000	0.000000	-0.040830	1.112548	-0.063380	0.112350	0.514372
	0.000000	0.000000	1.000000	0.000000	0.000000	0.043743	0.408650	0.000193	0.216060	0.053688
	0.000000	0.000000	1.000000	0.000000	0.000000	0.005193	1.058425	-0.117092	-0.083462	0.621462
	0.000000	0.000000	1.000000	0.000000	0.000000	-0.112258	0.049785	-0.116862	0.126082	-0.114571
	0.000000	0.000000	0.000000	1.000000	0.000000	-0.113188	0.059052	0.417280	-0.089010	0.035092
	0.000000	0.000000	0.000000	1.000000	0.000000	0.039018	-0.079084	-0.120846	-0.042940	-0.044325
	0.000000	0.000000	0.000000	1.000000	0.000000	0.112785	0.574684	-0.046712	-0.012487	-0.053082
	0.000000	0.000000	0.000000	1.000000	0.000000	0.051794	1.107779	0.025538	-0.044137	-0.082044
	0.000000	0.000000	0.000000	1.000000	0.000000	-0.014849	1.107038	-0.093335	0.236949	0.704357
	0.000000	0.000000	0.000000	1.000000	0.000000	0.070335	-0.061327	0.409007	-0.104929	0.346779
	0.000000	0.000000	0.000000	1.000000	0.000000	0.106047	0.356992	-0.005542	0.366520	0.550069
	0.000000	0.000000	0.000000	1.000000	0.000000	-0.090337	-0.119072	-0.112964	-0.109636	0.346523
	0.000000	0.000000	0.000000	1.000000	0.000000	0.013898	0.545972	-0.073558	0.341459	-0.075537
	0.000000	0.000000	0.000000	1.000000	0.000000	-0.005171	0.725764	-0.064200	0.199007	0.215774
	0.000000	0.000000	0.000000	1.000000	0.000000	0.068313	1.094862	0.441566	-0.071640	1.114252
	0.000000	0.000000	0.000000	1.000000	0.000000	0.073981	1.038242	-0.011181	-0.020499	-0.115935
	0.000000	0.000000	0.000000	1.000000	0.000000	0.268370	0.118197	0.265330	0.039196	-0.046915
	0.000000	0.000000	0.000000	1.000000	0.000000	0.076916	-0.040007	0.018743	-0.124683	0.876415
	0.000000	0.000000	0.000000	1.000000	0.000000	0.069778	1.124418	-0.122879	-0.108614	0.546715
	0.000000	0.000000	0.000000	1.000000	0.000000	-0.024966	1.032303	0.067841	0.109023	0.512260
	0.000000	0.000000	0.000000	0.000000	1.000000	0.070836	0.464832	0.459747	0.131763	-0.087637
	0.000000	0.000000	0.000000	0.000000	1.000000	0.043222	-0.084092	-0.109384	-0.071836	1.124019
	0.000000	0.000000	0.000000	0.000000	1.000000	-0.037663	1.101077	0.010003	-0.100800	0.243407
	0.000000	0.000000	0.000000	0.000000	1.000000	-0.016018	0.841891	0.014058	-0.101049	0.312545
	0.000000	0.000000	0.000000	0.000000	1.000000	0.088773	-0.069515	0.067334	-0.045128	0.958415
	0.000000	0.000000	0.000000	0.000000	1.000000	-0.122135	1.067470	-0.045800	-0.015350	1.084622
	0.000000	0.000000	0.000000	0.000000	1.000000	-0.074520	0.638596	-0.111628	0.012971	0.001661
	0.000000	0.000000	0.000000	0.000000	1.000000	-0.098266	0.883605	-0.083288	0.137533	0.336862
	0.000000	0.000000	0.000000	0.000000	1.000000	0.058941	0.928916	-0.032102	-0.068049	0.010655
	0.000000	0.000000	0.000000	0.000000	1.000000	-0.054337	0.727514	-0.123989	0.592328	1.060645
	0.000000	0.000000	0.000000	0.000000	1.000000	-0.066884	1.115278	0.033965	-0.118312	0.236742
	0.000000	0.000000	0.000000	0.000000	1.000000	0.228660	1.124381	0.212050	0.289043	1.104658
	0.000000	0.000000	0.000000	0.000000	1.000000	0.009021	0.329212	0.096808	0.465880	-0.099346
	0.000000	0.000000	0.000000	0.000000	1.000000	-0.076650	0.629158	0.074041	0.371604	0.198545
	0.000000	0.000000	0.000000	0.000000	1.000000	-0.099880	0.578559	-0.074734	0.498109	0.961277
	0.000000	0.000000	0.000000	0.000000	1.000000	-0.030876	0.032549	0.018171	-0.122945	1.123638
	0.000000	0.000000	0.000000	0.000000	1.000000	0.221216	0.366348	0.126255	-0.124474	0.412496
	0.000000	0.000000	0.000000	0.000000	1.000000	-0.061134	-0.052208	-0.075680	0.245679	0.764229
	0.000000	0.000000	0.000000	0.000000	1.000000	0.139601	0.555950	0.065433	-0.114640	1.040509
	0.000000	0.000000	0.000000	0.000000	1.000000	-0.001764	0.197459	-0.013073	0.399185	-0.000934
	0.000000	0.000000	0.000000	0.000000	1.000000	0.137121	0.909539	0.168265	0.013252	0.800946
	0.000000	0.000000	0.000000	0.000000	1.000000	-0.124839	0.573450	-0.109340	0.520434	-0.075954
	0.000000	0.000000	0.000000	0.000000	1.000000	0.133760	0.052388	0.070892	-0.090259	0.517952
	0.000000	0.000000	0.000000	0.000000	1.000000	0.025674	-0.046452	-0.118203	-0.114642	0.511966
	0.000000	0.000000	0.000000	0.000000	1.000000	0.015169	0.202226	0.101298	0.021649	-0.112697
	0.000000	0.000000	0.000000	0.000000	1.000000	0.109348	0.791997	-0.123736	-0.124353	0.877251
	0.000000	0.000000	0.000000	0.000000	1.000000	0.069124	0.867596	-0.108347	0.169161	0.797997
	0.000000	0.000000	0.000000	0.000000	1.000000	-0.104559	0.654963	-0.123877	0.411295	-0.033960
	0.000000	0.000000	0.000000	0.000000	1.000000	-0.034246	0.461393	-0.043139	-0.107346	0.887142
	0.000000	0.000000	0.000000	0.000000	1.000000	-0.065156	0.302560	0.232120	0.194102	1.113827
	0.000000	0.000000	0.000000	0.000000	1.000000	-0.022454	0.967120	-0.110171	0.128475	-0.073219
	0.000000	0.000000	0.000000	0.000000	1.000000	-0.009185	0.022934	0.217762	-0.054904	0.425279
	0.000000	0.000000	0.000000	0.000000	1.000000	-0.026846	-0.095119	-0.078905	-0.025555	0.458438
	0.000000	0.000000	0.000000	0.000000	1.000000	0.020718	0.515134	-0.110959	0.142439	1.122669
	0.000000	0.000000	0.000000	0.000000	1.000000	-0.113136	1.090345	-0.068112	0.006009	0.501369
	0.000000	0.000000	0.000000	0.000000	1.000000	0.016262	1.075553	-0.119987	-0.094603	-0.010075
	0.000000	0.000000	0.000000	0.000000	1.000000	0.011746	1.012558	-0.078982	0.559774	0.832399
	0.000000	0.000000	0.000000	0.000000	1.000000	-0.064836	1.055210	-0.049620	0.147832	0.542550
	0.000000	0.000000	0.000000	0.000000	1.000000	0.004495	0.497428	0.154310	-0.107370	0.028877
	0.000000	0.000000	0.000000	0.000000	1.000000	-0.068119	0.185435	-0.006500	0.158209	-0.122934
	0.000000	0.000000	0.000000	0.000000	1.000000	0.164340	0.217425	0.091019	-0.103064	-0.017453
	0.000000	0.000000	0.000000	0.000000	1.000000	-0.012728	-0.015292	0.191846	0.330672	0.892093
	0.000000	0.000000	0.000000	0.000000	1.000000	0.091800	0.222219	0.635853	-0.120502	1.106244
	0.000000	0.000000	0.000000	0.000000	1.000000	0.072485	1.108322	0.314717	-0.117018	1.067565
	0.000000	0.000000	0.000000	0.000000	1.000000	0.101013	0.712666	0.287557	0.148710	1.028664
	0.000000	0.000000	0.000000	0.000000	1.000000	0.035329	0.399460	-0.123416	-0.076129	0.028402
	0.000000	0.000000	0.000000	0.000000	1.000000	-0.062288	-0.106570	0.055875	0.153467	0.459049
	0.000000	0.000000	0.000000	0.000000	1.000000	-0.120315	1.075292	0.153285	0.274351	0.837703
	0.000000	0.000000	0.000000	0.000000	1.000000	0.092885	1.049559	-0.074916	-0.079220	0.113927
	0.000000	0.000000	0.000000	0.000000	1.000000	-0.000809	-0.123613	-0.067503	0.366997	0.215257
	0.000000	0.000000	0.000000	0.000000	1.000000	0.103650	-0.082239	-0.124120	0.006736	0.499692
	0.000000	0.000000	0.000000	0.000000	1.000000	-0.082830	0.160380	-0.123800	-0.077529	1.052665
	0.000000	0.000000	0.000000	0.000000	1.000000	-0.019883	-0.046073	-0.070942	0.281055	0.476777
	0.000000	0.000000	0.000000	0.000000	1.000000	0.225196	0.989905	0.313803	-0.114364	0.336414
	0.000000	0.000000	0.000000	0.000000	1.000000	0.094067	0.483171	0.053555	0.176785	0.457660
	0.000000	0.000000	0.000000	0.000000	1.000000	-0.070993	0.206362	-0.032268	0.195586	0.591419
	0.000000	0.000000	0.000000	0.000000	1.000000	0.047477	0.616238	-0.019936	-0.108270	0.818606
	0.000000	0.000000	0.000000	0.000000	1.000000	-0.038166	0.913845	-0.069065	0.728848	0.118762
	0.000000	0.000000	0.000000	0.000000	1.000000	-0.057415	-0.124808	-0.123510	0.457948	0.737645
	0.000000	0.000000	0.000000	0.000000	1.000000	0.073067	1.116293	0.116025	0.058386	-0.124721
	0.000000	0.000000	0.000000	0.000000	1.000000	0.019062	-0.123362	-0.102756	-0.057097	0.112988
	0.000000	0.000000	0.000000	0.000000	1.000000	0.130139	-0.107938	-0.124692	-0.121860	0.996188
	0.000000	0.000000	0.000000	0.000000	1.000000	-0.026083	0.197912	0.110165	0.735860	0.638389
	0.000000	0.000000	0.000000	0.000000	1.000000	0.065219	-0.120086	-0.025474	0.187220	-0.034748
	0.000000	0.000000	0.000000	0.000000	1.000000	-0.087385	0.890936	-0.124970	0.351545	0.998552
	1.000000	0.000000	0.000000	0.000000	0.000000	-0.013907	1.105894	0.479644	0.216814	0.772571
	1.000000	0.000000	0.000000	0.000000	0.000000	-0.044952	0.950682	0.141592	0.365657	0.954750
	1.000000	0.000000	0.000000	0.000000	0.000000	0.183031	0.519942	-0.123567	0.112649	0.757003
	1.000000	0.000000	0.000000	0.000000	0.000000	0.006888	0.084013	-0.120136	0.555749	0.617059
	1.000000	0.000000	0.000000	0.000000	0.000000	0.009762	0.039280	0.415462	0.448541	0.953299
	1.000000	0.000000	0.000000	0.000000	0.000000	-0.028600	0.594070	-0.123156	-0.054085	0.897700
	1.000000	0.000000	0.000000	0.000000	0.000000	-0.087250	0.976630	-0.049098	0.531958	0.219110
	1.000000	0.000000	0.000000	0.000000	0.000000	-0.068717	0.075477	-0.071512	0.243270	0.982894
	1.000000	0.000000	0.000000	0.000000	0.000000	-0.023365	0.448178	-0.124155	-0.124586	0.181607
	1.000000	0.000000	0.000000	0.000000	0.000000	0.005085	0.960513	-0.120287	0.251587	0.890379
	1.000000	0.000000	0.000000	0.000000	0.000000	-0.100826	0.942321	-0.020639	0.298487	1.042789
	1.000000	0.000000	0.000000	0.000000	0.000000	-0.068423	0.870001	-0.059086	0.107466	1.124974
	1.000000	0.000000	0.000000	0.000000	0.000000	0.059400	1.124983	-0.123321	0.049187	1.042515
	1.000000	0.000000	0.000000	0.000000	0.000000	0.091727	1.076865	-0.065815	0.569448	0.272772
	1.000000	0.000000	0.000000	0.000000	0.000000	-0.108352	1.105965	0.116028	0.260965	-0.068005
	1.000000	0.000000	0.000000	0.000000	0.000000	0.099216	0.763880	0.055246	-0.117438	-0.124915
	0.000000	1.000000	0.000000	0.000000	0.000000	-0.007630	0.209518	-0.051004	-0.084828	0.387939
	0.000000	1.000000	0.000000	0.000000	0.000000	0.020776	0.316421	0.110670	0.012887	0.792075
	0.000000	1.000000	0.000000	0.000000	0.000000	0.122165	0.885233	0.123094	-0.102036	-0.037282
	0.000000	1.000000	0.000000	0.000000	0.000000	0.034815	-0.114822	-0.032950	0.259955	0.861081
	0.000000	1.000000	0.000000	0.000000	0.000000	0.092430	0.038959	0.110025	-0.116203	0.922516
	0.000000	1.000000	0.000000	0.000000	0.000000	-0.065057	0.363454	-0.014143	0.699628	0.640513
	0.000000	1.000000	0.000000	0.000000	0.000000	-0.063374	0.158431	-0.090729	0.053797	0.000452
	0.000000	1.000000	0.000000	0.000000	0.000000	0.017174	0.890242	0.031568	0.318671	0.300780
	0.000000	1.000000	0.000000	0.000000	0.000000	0.020420	1.067645	0.492906	0.007621	-0.113367
	0.000000	1.000000	0.000000	0.000000	0.000000	0.142344	0.606757	0.442389	-0.124078	0.490570
	0.000000	1.000000	0.000000	0.000000	0.000000	-0.010909	0.598141	0.027733	-0.059051	0.293144
	0.000000	1.000000	0.000000	0.000000	0.000000	0.043603	1.011909	0.035238	-0.123461	0.025831
	0.000000	1.000000	0.000000	0.000000	0.000000	0.018863	0.686777	0.135576	0.166300	0.007911
	0.000000	1.000000	0.000000	0.000000	0.000000	0.034675	1.100141	-0.124733	0.076801	-0.043620
	0.000000	1.000000	0.000000	0.000000	0.000000	-0.105581	0.482112	0.005274	0.296521	0.821374
	0.000000	1.000000	0.000000	0.000000	0.000000	-0.057191	0.624531	-0.045046	0.210490	1.018479
	0.000000	1.000000	0.000000	0.000000	0.000000	0.012291	1.116066	-0.122571	-0.031715	0.696213
	0.000000	1.000000	0.000000	0.000000	0.000000	0.123691	0.604580	0.043341	0.612476	1.124939
	0.000000	1.000000	0.000000	0.000000	0.000000	-0.063650	0.922501	-0.123430	0.191653	-0.100052
	0.000000	1.000000	0.000000	0.000000	0.000000	0.046061	1.123323	0.409289	0.184071	-0.044431
	0.000000	1.000000	0.000000	0.000000	0.000000	0.202249	0.514404	-0.110242	-0.104798	0.630468
	0.000000	1.000000	0.000000	0.000000	0.000000	0.200174	0.984096	-0.069958	-0.118483	0.573444
	0.000000	1.000000	0.000000	0.000000	0.000000	-0.064949	0.022153	-0.053119	0.066098	0.366425
	0.000000	1.000000	0.000000	0.000000	0.000000	-0.055296	0.846364	0.103931	0.226908	-0.107550
	0.000000	1.000000	0.000000	0.000000	0.000000	-0.045297	0.717060	0.044717	0.362231	0.299095
	0.000000	1.000000	0.000000	0.000000	0.000000	0.039916	0.431562	0.017462	-0.121111	0.663512
	0.000000	1.000000	0.000000	0.000000	0.000000	0.038070	0.777437	-0.106768	0.140180	0.217863
	0.000000	1.000000	0.000000	0.000000	0.000000	-0.057688	0.931768	-0.069653	-0.124897	0.310184
	0.000000	1.000000	0.000000	0.000000	0.000000	-0.019216	0.859261	-0.123509	-0.063755	0.536609
	0.000000	1.000000	0.000000	0.000000	0.000000	-0.047674	1.069912	0.023507	0.379882	-0.070179
	0.000000	1.000000	0.000000	0.000000	0.000000	0.004190	0.366061	-0.040745	0.411860	0.956180
	0.000000	1.000000	0.000000	0.000000	0.000000	-0.002421	0.106627	0.146919	-0.079118	1.094468
	0.000000	1.000000	0.000000	0.000000	0.000000	0.060729	0.992669	-0.061581	0.155269	0.173512
	0.000000	1.000000	0.000000	0.000000	0.000000	-0.092287	-0.121798	-0.075741	0.474559	0.218729
	0.000000	1.000000	0.000000	0.000000	0.000000	-0.022562	1.086218	0.423893	-0.102995	1.089796
	0.000000	0.000000	1.000000	0.000000	0.000000	0.130784	-0.121188	-0.008454	0.069265	0.104542
	0.000000	0.000000	1.000000	0.000000	0.000000	-0.064515	0.889883	0.222890	0.163886	0.862849
	0.000000	0.000000	1.000000	0.000000	0.000000	-0.124917	0.693462	-0.089073	0.310114	1.107275
	0.000000	0.000000	1.000000	0.000000	0.000000	-0.047964	0.405523	-0.055860	0.334950	-0.123316
	0.000000	0.000000	1.000000	0.000000	0.000000	-0.041450	0.859649	-0.118776	0.036029	0.243154
	0.000000	0.000000	1.000000	0.000000	0.000000	0.236288	-0.123523	0.244051	-0.033206	-0.070931
	0.000000	0.000000	1.000000	0.000000	0.000000	0.133011	0.143130	0.073137	0.009763	0.836580
	0.000000	0.000000	1.000000	0.000000	0.000000	0.053415	0.991201	0.019414	0.041261	1.057057
	0.000000	0.000000	1.000000	0.000000	0.000000	-0.112050	0.340122	0.128190	0.308879	-0.099381
	0.000000	0.000000	1.000000	0.000000	0.000000	0.012426	-0.082807	-0.086870	0.270066	-0.079433
	0.000000	0.000000	1.000000	0.000000	0.000000	-0.007606	0.983762	-0.063074	0.157599	-0.101544
	0.000000	0.000000	1.000000	0.000000	0.000000	-0.040976	0.826327	-0.118398	-0.124989	1.092317
	0.000000	0.000000	1.000000	0.000000	0.000000	0.059478	0.928173	0.298462	-0.093378	0.909927
	0.000000	0.000000	1.000000	0.000000	0.000000	0.112138	0.305358	-0.044365	-0.123880	1.115285
	0.000000	0.000000	1.000000	0.000000	0.000000	-0.068782	-0.002246	0.149759	-0.011158	1.046010
	0.000000	0.000000	1.000000	0.000000	0.000000	0.033100	-0.054348	-0.123050	0.403294	1.044880
	0.000000	0.000000	0.000000	1.000000	0.000000	0.011322	0.565103	-0.028650	-0.114235	0.777886
	0.000000	0.000000	0.000000	1.000000	0.000000	0.041065	-0.093018	-0.017657	0.186698	0.295874
	0.000000	0.000000	0.000000	1.000000	0.000000	-0.014317	-0.123073	-0.124992	0.780094	-0.048593
	0.000000	0.000000	0.000000	1.000000	0.000000	-0.044311	0.092703	0.257821	0.340887	-0.020157
	0.000000	0.000000	0.000000	1.000000	0.000000	-0.008816	0.218936	0.221120	0.015309	0.339618
	0.000000	0.000000	0.000000	1.000000	0.000000	0.070900	-0.105643	-0.124905	-0.123485	0.208524
	0.000000	0.000000	0.000000	1.000000	0.000000	0.053194	-0.105637	-0.110867	0.146781	0.146912
	0.000000	0.000000	0.000000	1.000000	0.000000	-0.085798	1.123690	-0.037974	0.004927	-0.123808
	0.000000	0.000000	0.000000	1.000000	0.000000	-0.077260	-0.097692	0.329937	-0.110177	0.766768
	0.000000	0.000000	0.000000	1.000000	0.000000	-0.019957	0.032783	-0.084282	-0.098514	-0.024622
	0.000000	0.000000	0.000000	1.000000	0.000000	-0.009610	0.376239	-0.057355	-0.120571	0.273769
	0.000000	0.000000	0.000000	1.000000	0.000000	0.072178	0.556736	-0.124977	0.493849	0.663534
	0.000000	0.000000	0.000000	1.000000	0.000000	0.050791	0.073309	0.062586	0.039748	0.005119
	0.000000	0.000000	0.000000	1.000000	0.000000	-0.038601	1.101628	-0.047198	-0.118924	1.113190
	0.000000	0.000000	0.000000	1.000000	0.000000	-0.032466	-0.124345	-0.062115	0.580610	-0.066834
	0.000000	0.000000	0.000000	0.000000	1.000000	-0.065893	0.388270	0.035737	-0.111658	1.015801
	0.000000	0.000000	0.000000	0.000000	1.000000	0.085597	0.309541	-0.070267	0.074021	0.571814
	0.000000	0.000000	0.000000	0.000000	1.000000	0.112970	1.047824	-0.066007	-0.067801	1.120171
	0.000000	0.000000	0.000000	0.000000	1.000000	0.157865	0.616510	0.189035	-0.037053	0.517234
	0.000000	0.000000	0.000000	0.000000	1.000000	-0.001982	0.993615	-0.124948	-0.122903	0.588366
	0.000000	0.000000	0.000000	0.000000	1.000000	-0.017773	0.444424	0.141066	0.121215	0.060508
	0.000000	0.000000	0.000000	0.000000	1.000000	0.035814	0.217316	-0.105951	0.097600	-0.062030
	0.000000	0.000000	0.000000	0.000000	1.000000	-0.123357	0.707695	0.116109	0.273116	0.755109
	0.000000	0.000000	0.000000	0.000000	1.000000	-0.111559	0.229613	0.001007	0.042574	0.517005
	0.000000	0.000000	0.000000	0.000000	1.000000	0.099734	0.655774	0.008658	-0.015563	0.215624
	0.000000	0.000000	0.000000	0.000000	1.000000	0.325661	-0.112305	0.186453	-0.123101	1.114567
	0.000000	0.000000	0.000000	0.000000	1.000000	-0.112400	0.295807	-0.117041	0.501519	0.386249
	0.000000	0.000000	0.000000	0.000000	1.000000	0.028570	0.611138	-0.090626	0.144454	1.045275
	0.000000	0.000000	0.000000	0.000000	1.000000	0.053113	-0.009477	-0.048230	0.292167	0.774136
	0.000000	0.000000	0.000000	0.000000	1.000000	0.141429	0.105831	-0.007362	-0.120346	0.171595
	0.000000	0.000000	0.000000	0.000000	1.000000	-0.058618	0.965113	-0.102155	0.114172	-0.019936
	0.000000	0.000000	0.000000	0.000000	1.000000	-0.057010	1.083475	-0.124143	-0.065105	0.990736
	0.000000	0.000000	0.000000	0.000000	1.000000	0.093842	0.735396	0.255657	-0.094906	0.121209
	0.000000	0.000000	0.000000	0.000000	1.000000	-0.083551	0.040040	-0.062385	0.376629	0.585542
	0.000000	0.000000	0.000000	0.000000	1.000000	-0.044199	0.798979	0.187128	0.191351	0.450900
	0.000000	0.000000	0.000000	0.000000	1.000000	-0.100308	-0.036083	-0.052635	0.147904	1.011121
	0.000000	0.000000	0.000000	0.000000	1.000000	0.274105	1.077531	0.387406	-0.073073	-0.111458
	0.000000	0.000000	0.000000	0.000000	1.000000	0.218256	-0.112040	0.269499	0.107527	-0.106310
	0.000000	0.000000	0.000000	0.000000	1.000000	-0.058553	0.414475	-0.026962	0.505580	0.397807
	0.000000	0.000000	0.000000	0.000000	1.000000	-0.066708	-0.074951	-0.070307	0.489754	1.092365
	0.000000	0.000000	0.000000	0.000000	1.000000	-0.011112	0.509310	-0.123198	0.194974	0.155889
	0.000000	0.000000	0.000000	0.000000	1.000000	-0.089064	1.099146	-0.092152	0.335190	0.969584
	0.000000	0.000000	0.000000	0.000000	1.000000	-0.017367	1.109894	-0.113327	-0.124534	0.805525
	0.000000	0.000000	0.000000	0.000000	1.000000	0.050582	-0.121521	-0.064487	-0.108946	0.347739
	0.000000	0.000000	0.000000	0.000000	1.000000	-0.039593	0.430363	-0.093817	0.000916	0.636518
	0.000000	0.000000	0.000000	0.000000	1.000000	-0.106411	0.949917	-0.080886	0.279150	0.649852
	0.000000	0.000000	0.000000	0.000000	1.000000	-0.056985	-0.124975	-0.124313	-0.072595	0.476693
	0.000000	0.000000	0.000000	0.000000	1.000000	-0.098365	0.965722	-0.025524	0.029008	1.112504
	0.000000	0.000000	0.000000	0.000000	1.000000	-0.003204	0.281165	-0.095967	0.346470	0.766904
	0.000000	0.000000	0.000000	0.000000	1.000000	-0.003338	0.069856	-0.124946	0.122163	-0.086974
	0.000000	0.000000	0.000000	0.000000	1.000000	0.048389	0.369014	-0.124999	-0.005803	-0.093647
	0.000000	0.000000	0.000000	0.000000	1.000000	0.012474	1.075811	-0.107690	0.058607	-0.032387
	0.000000	0.000000	0.000000	0.000000	1.000000	0.052736	1.106142	-0.029840	-0.110972	0.572507
	0.000000	0.000000	0.000000	0.000000	1.000000	0.105705	0.941365	-0.117237	0.063781	-0.080894
	0.000000	0.000000	0.000000	0.000000	1.000000	0.044846	-0.122963	-0.117480	0.003577	0.512613
	0.000000	0.000000	0.000000	0.000000	1.000000	0.159759	1.124954	-0.056792	-0.124363	0.749652
	0.000000	0.000000	0.000000	0.000000	1.000000	-0.034617	1.112447	0.160292	-0.121924	0.522733
	0.000000	0.000000	0.000000	0.000000	1.000000	-0.117619	0.909705	-0.081910	0.333897	1.120111
	0.000000	0.000000	0.000000	0.000000	1.000000	-0.047953	0.989540	-0.075846	-0.045349	0.561530
	0.000000	0.000000	0.000000	0.000000	1.000000	-0.092194	1.071887	-0.062530	0.494223	-0.090917
	0.000000	0.000000	0.000000	0.000000	1.000000	0.125443	0.132315	-0.119496	-0.087666	-0.124825
	0.000000	0.000000	0.000000	0.000000	1.000000	-0.086016	0.156230	0.050817	0.172478	1.108611
	0.000000	0.000000	0.000000	0.000000	1.000000	0.088994	0.978551	-0.106815	-0.124671	0.998318
	0.000000	0.000000	0.000000	0.000000	1.000000	-0.120858	0.867466	-0.116666	0.553388	1.027417
	0.000000	0.000000	0.000000	0.000000	1.000000	-0.040943	0.776524	0.155651	-0.011021	0.003257
	0.000000	0.000000	0.000000	0.000000	1.000000	0.118656	0.876333	0.418278	0.235991	1.118047
	0.000000	0.000000	0.000000	0.000000	1.000000	-0.013263	0.466536	0.061966	-0.056594	0.590517
	0.000000	0.000000	0.000000	0.000000	1.000000	-0.094537	0.554444	-0.097705	0.397320	0.698980
	0.000000	0.000000	0.000000	0.000000	1.000000	-0.047445	0.868444	0.036328	-0.112662	1.054338
	0.000000	0.000000	0.000000	0.000000	1.000000	-0.060348	0.338261	0.231678	-0.014584	-0.016082
	0.000000	0.000000	0.000000	0.000000	1.000000	0.057523	1.116907	-0.075772	0.265587	0.709582
	0.000000	0.000000	0.000000	0.000000	1.000000	-0.049548	0.151895	-0.123358	0.316157	0.752846
	0.000000	0.000000	0.000000	0.000000	1.000000	-0.019862	0.768976	-0.090353	0.353525	1.075073
	0.000000	0.000000	0.000000	0.000000	1.000000	0.073147	0.135873	-0.034591	-0.124944	0.066906
	0.000000	0.000000	0.000000	0.000000	1.000000	-0.042288	0.967151	-0.061334	0.108580	1.079285
	0.000000	0.000000	0.000000	0.000000	1.000000	0.159695	0.114152	0.005060	0.160644	-0.124982
