	1.000000	0.000000	0.000000	0.000000	0.000000	0.280228	0.977135	-0.120390	-0.123628	0.913056
	1.000000	0.000000	0.000000	0.000000	0.000000	-0.123004	0.862408	0.093227	-0.124287	0.783090
	1.000000	0.000000	0.000000	0.000000	0.000000	-0.010891	-0.060126	-0.080056	0.059034	0.642389
	1.000000	0.000000	0.000000	0.000000	0.000000	-0.124748	0.402111	0.082109	0.068081	0.891299
	1.000000	0.000000	0.000000	0.000000	0.000000	0.011412	0.234871	0.068003	-0.070287	-0.120494
	1.000000	0.000000	0.000000	0.000000	0.000000	-0.041941	0.042436	-0.077591	-0.097552	0.943892
	1.000000	0.000000	0.000000	0.000000	0.000000	-0.065123	0.097485	0.154698	0.687563	0.005322
	1.000000	0.000000	0.000000	0.000000	0.000000	-0.109597	-0.124971	-0.073515	-0.116731	1.121844
	1.000000	0.000000	0.000000	0.000000	0.000000	-0.064647	0.094499	0.159787	0.191470	0.628601
	1.000000	0.000000	0.000000	0.000000	0.000000	0.046616	0.986160	0.226779	-0.089636	0.297489
	1.000000	0.000000	0.000000	0.000000	0.000000	-0.063307	0.011607	-0.028867	-0.111677	0.566623
	1.000000	0.000000	0.000000	0.000000	0.000000	-0.068866	0.212586	0.021285	0.195194	-0.064273
	1.000000	0.000000	0.000000	0.000000	0.000000	-0.124282	0.045300	0.053740	-0.102331	0.665873
	1.000000	0.000000	0.000000	0.000000	0.000000	-0.109677	-0.081121	0.080272	-0.045746	0.725273
	0.000000	1.000000	0.000000	0.000000	0.000000	-0.120372	-0.052469	0.171660	-0.115353	0.191824
	0.000000	1.000000	0.000000	0.000000	0.000000	-0.097009	1.124586	0.074123	-0.094126	-0.124987
	0.000000	1.000000	0.000000	0.000000	0.000000	0.080737	0.709661	0.556732	0.127236	-0.120939
	0.000000	1.000000	0.000000	0.000000	0.000000	0.090577	0.970042	0.146074	0.009963	0.962063
	0.000000	1.000000	0.000000	0.000000	0.000000	-0.074832	0.013134	0.156049	-0.025692	0.163701
	0.000000	1.000000	0.000000	0.000000	0.000000	-0.124799	-0.057221	-0.043552	-0.101208	0.217317
	0.000000	1.000000	0.000000	0.000000	0.000000	-0.110295	0.611521	0.332176	-0.122507	0.066615
	0.000000	1.000000	0.000000	0.000000	0.000000	-0.042317	0.910914	0.175313	-0.117206	0.811805
	0.000000	1.000000	0.000000	0.000000	0.000000	0.097985	1.024215	0.316882	-0.124449	0.866577
	0.000000	1.000000	0.000000	0.000000	0.000000	-0.124376	0.885316	0.497999	0.227480	-0.071467
	0.000000	1.000000	0.000000	0.000000	0.000000	-0.059910	-0.004683	-0.122492	0.088186	0.624304
	0.000000	1.000000	0.000000	0.000000	0.000000	-0.018650	0.938114	0.514675	-0.124173	0.754845
	0.000000	1.000000	0.000000	0.000000	0.000000	0.068531	0.135647	0.161026	0.212264	0.287249
	0.000000	1.000000	0.000000	0.000000	0.000000	-0.118777	1.121455	-0.122398	-0.007661	1.124410
	0.000000	1.000000	0.000000	0.000000	0.000000	-0.074815	0.045064	0.066375	0.140306	0.326227
	0.000000	1.000000	0.000000	0.000000	0.000000	-0.089087	0.749450	0.050942	0.237435	1.124040
	0.000000	1.000000	0.000000	0.000000	0.000000	-0.103776	0.974910	-0.069163	-0.002541	0.728829
	0.000000	1.000000	0.000000	0.000000	0.000000	0.014022	0.524964	-0.069952	-0.122370	0.742817
	0.000000	1.000000	0.000000	0.000000	0.000000	0.024941	-0.046505	-0.120502	-0.101385	0.732265
	0.000000	1.000000	0.000000	0.000000	0.000000	-0.009806	0.776673	-0.050645	-0.079703	1.011667
	0.000000	1.000000	0.000000	0.000000	0.000000	-0.073778	-0.115825	-0.111695	-0.081219	0.967558
	0.000000	1.000000	0.000000	0.000000	0.000000	0.016036	0.180192	0.105895	0.144249	0.786118
	0.000000	1.000000	0.000000	0.000000	0.000000	-0.114435	1.063117	0.054736	0.048297	0.493004
	0.000000	1.000000	0.000000	0.000000	0.000000	-0.124281	0.670213	-0.123729	0.163759	0.643251
	0.000000	1.000000	0.000000	0.000000	0.000000	-0.031265	1.103373	-0.124958	-0.124810	1.050415
	0.000000	1.000000	0.000000	0.000000	0.000000	-0.121859	0.531052	0.148363	0.018709	0.878335
	0.000000	1.000000	0.000000	0.000000	0.000000	-0.079930	0.737634	0.301388	0.172460	1.054174
	0.000000	1.000000	0.000000	0.000000	0.000000	-0.090799	-0.090803	-0.113487	-0.105375	-0.120026
	0.000000	1.000000	0.000000	0.000000	0.000000	-0.094131	0.951075	-0.073284	-0.041649	0.958063
	0.000000	1.000000	0.000000	0.000000	0.000000	0.341373	0.399124	-0.013538	0.004020	0.921164
	0.000000	1.000000	0.000000	0.000000	0.000000	-0.109824	0.668190	-0.026145	-0.124016	0.075640
	0.000000	1.000000	0.000000	0.000000	0.000000	-0.066944	0.553774	-0.059616	0.124210	1.119370
	0.000000	1.000000	0.000000	0.000000	0.000000	-0.044721	1.122318	0.147629	-0.073998	1.103834
	0.000000	1.000000	0.000000	0.000000	0.000000	-0.040746	-0.121697	0.206412	-0.058485	1.043809
	0.000000	1.000000	0.000000	0.000000	0.000000	0.014881	0.816759	-0.010701	-0.071630	1.065177
	0.000000	1.000000	0.000000	0.000000	0.000000	-0.041834	-0.089266	0.166056	-0.031974	1.080966
	0.000000	1.000000	0.000000	0.000000	0.000000	-0.124310	-0.091783	-0.124673	0.334308	1.117603
	0.000000	1.000000	0.000000	0.000000	0.000000	-0.087387	0.262690	0.118468	-0.014127	0.378241
	0.000000	1.000000	0.000000	0.000000	0.000000	-0.124811	1.102769	0.077599	0.084537	0.968735
	0.000000	0.000000	1.000000	0.000000	0.000000	-0.091998	0.033714	-0.078318	0.131197	0.662841
	0.000000	0.000000	1.000000	0.000000	0.000000	0.099981	0.997448	-0.121751	0.225370	0.156695
	0.000000	0.000000	1.000000	0.000000	0.000000	-0.115575	-0.004932	0.247416	-0.095914	1.001754
	0.000000	0.000000	1.000000	0.000000	0.000000	0.024444	0.956697	0.042271	-0.071218	-0.124858
	0.000000	0.000000	1.000000	0.000000	0.000000	-0.084640	0.024917	-0.013159	0.060339	0.236738
	0.000000	0.000000	1.000000	0.000000	0.000000	-0.081410	-0.102480	0.098160	-0.121279	1.114032
	0.000000	0.000000	1.000000	0.000000	0.000000	-0.073994	-0.118133	0.017107	-0.025231	-0.056586
	0.000000	0.000000	1.000000	0.000000	0.000000	0.210414	1.120024	-0.015476	-0.030399	0.623440
	0.000000	0.000000	1.000000	0.000000	0.000000	-0.110850	1.118639	-0.055751	0.310995	0.541409
	0.000000	0.000000	1.000000	0.000000	0.000000	0.123204	0.773464	0.431037	-0.118122	0.615056
	0.000000	0.000000	1.000000	0.000000	0.000000	-0.100442	0.140118	0.355604	0.029314	-0.125000
	0.000000	0.000000	1.000000	0.000000	0.000000	-0.056836	-0.117235	-0.047297	-0.082234	0.107859
	0.000000	0.000000	1.000000	0.000000	0.000000	-0.124970	0.134908	0.065966	-0.046897	0.875627
	0.000000	0.000000	0.000000	1.000000	0.000000	0.010647	0.821062	0.050588	-0.070632	0.547700
	0.000000	0.000000	0.000000	1.000000	0.000000	0.046535	1.106665	-0.062286	-0.116247	-0.118042
	0.000000	0.000000	0.000000	1.000000	0.000000	-0.104865	1.049411	0.093715	-0.085698	1.014673
	0.000000	0.000000	0.000000	1.000000	0.000000	-0.113437	0.710695	-0.070378	0.087866	0.337199
	0.000000	0.000000	0.000000	1.000000	0.000000	-0.019923	0.570061	-0.027836	-0.114657	0.093941
	0.000000	0.000000	0.000000	1.000000	0.000000	-0.117130	1.066230	0.121983	0.519992	0.850700
	0.000000	0.000000	0.000000	1.000000	0.000000	-0.124143	0.893829	-0.110063	0.082997	-0.099645
	0.000000	0.000000	0.000000	1.000000	0.000000	-0.119327	1.123107	0.021446	-0.102017	0.468165
	0.000000	0.000000	0.000000	1.000000	0.000000	-0.120663	0.686878	0.672318	0.110488	1.053576
	0.000000	0.000000	0.000000	1.000000	0.000000	-0.101595	0.916264	0.123797	-0.094953	0.967207
	0.000000	0.000000	0.000000	1.000000	0.000000	0.133383	1.067438	0.437848	-0.124906	0.076221
	0.000000	0.000000	0.000000	1.000000	0.000000	-0.121064	0.137523	-0.124078	-0.022242	0.634417
	0.000000	0.000000	0.000000	1.000000	0.000000	-0.120491	0.855725	-0.035944	-0.089955	-0.117526
	0.000000	0.000000	0.000000	1.000000	0.000000	-0.119644	0.021585	0.758087	0.039529	0.754853
	0.000000	0.000000	0.000000	1.000000	0.000000	-0.123253	0.149840	-0.056994	-0.118768	0.367069
	0.000000	0.000000	0.000000	1.000000	0.000000	-0.062918	0.050290	-0.064056	-0.118881	-0.122341
	0.000000	0.000000	0.000000	0.000000	1.000000	0.014267	-0.066142	-0.124997	0.307159	1.121125
	0.000000	0.000000	0.000000	0.000000	1.000000	-0.092728	-0.009899	-0.104796	-0.105181	0.607834
	0.000000	0.000000	0.000000	0.000000	1.000000	-0.120796	0.805875	0.011048	-0.124906	0.500742
	0.000000	0.000000	0.000000	0.000000	1.000000	-0.044531	0.404571	0.173095	0.027734	0.770219
	0.000000	0.000000	0.000000	0.000000	1.000000	0.086980	1.105397	-0.036216	-0.104404	1.071576
	0.000000	0.000000	0.000000	0.000000	1.000000	0.210779	0.672150	-0.043285	-0.040602	0.523710
	0.000000	0.000000	0.000000	0.000000	1.000000	-0.066293	-0.087887	-0.025584	-0.120705	0.040471
	0.000000	0.000000	0.000000	0.000000	1.000000	0.040388	-0.053862	0.114927	0.036787	-0.040270
	0.000000	0.000000	0.000000	0.000000	1.000000	-0.122360	0.006103	0.530932	0.218640	1.038470
	0.000000	0.000000	0.000000	0.000000	1.000000	-0.090594	0.836467	-0.124292	0.005325	1.124902
	0.000000	0.000000	0.000000	0.000000	1.000000	-0.109275	0.120605	0.155672	-0.122820	0.642500
	0.000000	0.000000	0.000000	0.000000	1.000000	0.006457	0.144430	0.379239	-0.048249	0.455842
	0.000000	0.000000	0.000000	0.000000	1.000000	-0.088354	0.381288	-0.071692	0.153076	0.377705
	0.000000	0.000000	0.000000	0.000000	1.000000	-0.056296	0.179906	-0.033000	-0.080145	-0.120663
	0.000000	0.000000	0.000000	0.000000	1.000000	-0.094863	1.058301	-0.124224	-0.014047	0.492151
	0.000000	0.000000	0.000000	0.000000	1.000000	-0.086349	1.119839	-0.088139	-0.107627	0.648966
	0.000000	0.000000	0.000000	0.000000	1.000000	-0.119260	-0.112432	0.348888	-0.118719	-0.018905
	0.000000	0.000000	0.000000	0.000000	1.000000	-0.055881	1.110931	-0.053207	0.192706	0.938692
	0.000000	0.000000	0.000000	0.000000	1.000000	0.001908	0.627789	-0.120896	-0.121188	-0.111556
	0.000000	0.000000	0.000000	0.000000	1.000000	-0.114458	0.211156	0.177466	0.059382	1.121366
	0.000000	0.000000	0.000000	0.000000	1.000000	-0.117544	-0.066902	0.317684	-0.038839	0.282279
	0.000000	0.000000	0.000000	0.000000	1.000000	-0.075931	0.288036	-0.017390	-0.091072	0.401617
	0.000000	0.000000	0.000000	0.000000	1.000000	-0.110500	0.478487	0.139581	-0.124483	0.939291
	0.000000	0.000000	0.000000	0.000000	1.000000	-0.123662	0.851900	0.338885	0.198386	0.850820
	0.000000	0.000000	0.000000	0.000000	1.000000	-0.116368	0.761933	0.163504	0.398825	1.124876
	0.000000	0.000000	0.000000	0.000000	1.000000	-0.107179	0.045137	-0.088113	-0.030936	0.672608
	0.000000	0.000000	0.000000	0.000000	1.000000	-0.109182	1.118811	0.010925	0.019382	0.826241
	0.000000	0.000000	0.000000	0.000000	1.000000	-0.041982	0.983748	-0.041320	-0.121120	0.507976
	0.000000	0.000000	0.000000	0.000000	1.000000	-0.083315	0.909651	0.132959	-0.007566	-0.029076
	0.000000	0.000000	0.000000	0.000000	1.000000	-0.096019	0.263349	-0.110454	0.193438	1.077099
	0.000000	0.000000	0.000000	0.000000	1.000000	-0.022089	-0.049055	0.401402	0.215164	-0.056430
	0.000000	0.000000	0.000000	0.000000	1.000000	-0.117552	0.007976	-0.120723	-0.111057	1.125000
	0.000000	0.000000	0.000000	0.000000	1.000000	-0.025143	0.726491	0.018266	0.460717	-0.080195
	0.000000	0.000000	0.000000	0.000000	1.000000	0.189838	1.070578	-0.124547	-0.018277	0.950147
	0.000000	0.000000	0.000000	0.000000	1.000000	-0.123021	0.176944	0.463905	0.007135	0.946679
	0.000000	0.000000	0.000000	0.000000	1.000000	-0.119030	0.410880	-0.110530	-0.088845	0.468909
	0.000000	0.000000	0.000000	0.000000	1.000000	0.025317	0.222584	-0.124944	-0.097188	0.778150
	0.000000	0.000000	0.000000	0.000000	1.000000	-0.073488	-0.026293	-0.122190	0.424777	1.115582
	0.000000	0.000000	0.000000	0.000000	1.000000	0.255634	0.995322	0.272649	-0.094345	0.223657
	0.000000	0.000000	0.000000	0.000000	1.000000	-0.098562	0.674844	-0.043907	-0.038218	0.056705
	0.000000	0.000000	0.000000	0.000000	1.000000	0.129090	0.730417	0.269084	-0.114898	-0.107290
	0.000000	0.000000	0.000000	0.000000	1.000000	-0.117348	0.726961	-0.035633	0.266035	0.210866
	0.000000	0.000000	0.000000	0.000000	1.000000	-0.066717	1.027699	0.030568	-0.101896	1.114382
	0.000000	0.000000	0.000000	0.000000	1.000000	0.001691	0.183254	0.236032	-0.077093	0.242732
	0.000000	0.000000	0.000000	0.000000	1.000000	-0.109221	0.719166	0.005054	-0.119712	-0.122002
	0.000000	0.000000	0.000000	0.000000	1.000000	0.219065	0.457548	0.223606	-0.124990	0.459736
	0.000000	0.000000	0.000000	0.000000	1.000000	-0.110814	0.999641	-0.076108	-0.122684	0.740292
	0.000000	0.000000	0.000000	0.000000	1.000000	-0.106052	-0.121349	-0.075249	-0.075955	1.123563
	0.000000	0.000000	0.000000	0.000000	1.000000	-0.088377	0.045905	0.049912	-0.053872	0.051077
	0.000000	0.000000	0.000000	0.000000	1.000000	-0.087258	0.498485	0.385260	-0.112379	0.051850
	0.000000	0.000000	0.000000	0.000000	1.000000	0.000476	1.061641	0.398755	-0.046679	0.424817
	0.000000	0.000000	0.000000	0.000000	1.000000	-0.117728	-0.108403	0.070714	0.233644	1.116416
	0.000000	0.000000	0.000000	0.000000	1.000000	0.128757	-0.115631	0.000491	-0.077877	-0.120460
	0.000000	0.000000	0.000000	0.000000	1.000000	-0.105882	1.075758	-0.118419	-0.082995	0.129803
	0.000000	0.000000	0.000000	0.000000	1.000000	-0.104859	1.051258	-0.019559	-0.123732	0.897331
	0.000000	0.000000	0.000000	0.000000	1.000000	-0.020304	0.066886	0.317726	-0.008433	1.004572
	0.000000	0.000000	0.000000	0.000000	1.000000	-0.125000	0.489533	-0.113403	-0.053406	1.002040
	0.000000	0.000000	0.000000	0.000000	1.000000	-0.109895	0.159305	-0.050458	0.016791	0.926431
	0.000000	0.000000	0.000000	0.000000	1.000000	-0.016300	1.123772	-0.099023	-0.122565	1.069549
	0.000000	0.000000	0.000000	0.000000	1.000000	0.409596	0.143698	-0.123142	-0.007612	0.610283
	0.000000	0.000000	0.000000	0.000000	1.000000	0.150744	0.395500	0.011353	0.061517	0.878113
	0.000000	0.000000	0.000000	0.000000	1.000000	0.029237	0.572288	-0.123842	-0.102662	0.986784
	0.000000	0.000000	0.000000	0.000000	1.000000	-0.074676	0.783329	0.208530	-0.075082	1.042447
	0.000000	0.000000	0.000000	0.000000	1.000000	-0.115804	0.313597	0.244351	0.122566	-0.056885
	0.000000	0.000000	0.000000	0.000000	1.000000	0.148582	0.751415	-0.039525	-0.105826	-0.108674
	1.000000	0.000000	0.000000	0.000000	0.000000	-0.124731	0.981809	-0.080049	-0.011979	0.643703
	1.000000	0.000000	0.000000	0.000000	0.000000	0.004117	-0.115402	-0.112600	0.024534	0.851160
	1.000000	0.000000	0.000000	0.000000	0.000000	0.029346	1.123668	0.182572	-0.113617	0.383191
	1.000000	0.000000	0.000000	0.000000	0.000000	-0.120623	0.744828	-0.121939	0.487594	0.184383
	1.000000	0.000000	0.000000	0.000000	0.000000	-0.105108	0.042550	-0.089077	-0.082883	-0.122686
	1.000000	0.000000	0.000000	0.000000	0.000000	-0.061975	0.132188	-0.061494	-0.121174	-0.102875
	1.000000	0.000000	0.000000	0.000000	0.000000	0.017391	0.184754	0.111250	-0.080209	1.080247
	1.000000	0.000000	0.000000	0.000000	0.000000	-0.124297	-0.037169	-0.108452	-0.121149	-0.073445
	1.000000	0.000000	0.000000	0.000000	0.000000	-0.122625	0.355742	0.011309	-0.099942	-0.026432
	1.000000	0.000000	0.000000	0.000000	0.000000	-0.092802	0.164352	0.066029	0.173706	1.070856
	1.000000	0.000000	0.000000	0.000000	0.000000	-0.119045	-0.044463	0.015707	0.211447	0.526366
	1.000000	0.000000	0.000000	0.000000	0.000000	-0.046834	0.112848	-0.040435	-0.048109	0.235372
	1.000000	0.000000	0.000000	0.000000	0.000000	0.285173	-0.122159	0.458997	-0.008735	-0.098137
	1.000000	0.000000	0.000000	0.000000	0.000000	-0.124864	0.627334	-0.108051	0.273784	0.835985
	1.000000	0.000000	0.000000	0.000000	0.000000	-0.034540	0.984664	-0.105796	0.005360	0.750812
	1.000000	0.000000	0.000000	0.000000	0.000000	-0.029308	0.116950	-0.004017	0.146416	-0.123676
	0.000000	1.000000	0.000000	0.000000	0.000000	0.141304	1.115157	0.183121	-0.085202	0.819918
	0.000000	1.000000	0.000000	0.000000	0.000000	-0.004387	1.098525	-0.052844	-0.010494	0.554269
	0.000000	1.000000	0.000000	0.000000	0.000000	-0.082278	0.295497	-0.007326	0.086085	0.003751
	0.000000	1.000000	0.000000	0.000000	0.000000	-0.124685	0.804349	0.015094	-0.119709	0.302829
	0.000000	1.000000	0.000000	0.000000	0.000000	-0.100608	0.136845	0.237556	-0.115228	0.218335
	0.000000	1.000000	0.000000	0.000000	0.000000	-0.124329	0.232333	0.061222	-0.023574	0.993607
	0.000000	1.000000	0.000000	0.000000	0.000000	-0.039236	0.071529	0.216603	-0.000997	1.108045
	0.000000	1.000000	0.000000	0.000000	0.000000	-0.099182	-0.124298	0.114200	0.034205	0.938882
	0.000000	1.000000	0.000000	0.000000	0.000000	-0.041484	-0.079024	0.516093	-0.080267	1.074996
	0.000000	1.000000	0.000000	0.000000	0.000000	-0.045678	0.893206	-0.051832	0.011234	0.947450
	0.000000	1.000000	0.000000	0.000000	0.000000	-0.123165	1.119226	-0.003098	0.055874	0.139101
	0.000000	1.000000	0.000000	0.000000	0.000000	-0.039832	0.440831	-0.122904	0.363250	0.996364
	0.000000	1.000000	0.000000	0.000000	0.000000	-0.122860	-0.026820	0.269646	0.156063	0.949515
	0.000000	1.000000	0.000000	0.000000	0.000000	-0.124998	1.118806	0.373924	-0.049889	0.440534
	0.000000	1.000000	0.000000	0.000000	0.000000	0.189959	1.112676	-0.103551	0.087593	-0.019095
	0.000000	1.000000	0.000000	0.000000	0.000000	0.137106	0.531930	-0.092057	-0.103907	-0.124823
	0.000000	1.000000	0.000000	0.000000	0.000000	-0.018695	-0.080701	-0.124566	0.022794	0.078922
	0.000000	1.000000	0.000000	0.000000	0.000000	-0.088942	0.133385	0.105536	-0.017293	0.221697
	0.000000	1.000000	0.000000	0.000000	0.000000	-0.103012	0.044013	-0.083675	0.226112	-0.046046
	0.000000	1.000000	0.000000	0.000000	0.000000	-0.000245	0.847601	-0.117196	0.372725	0.064110
	0.000000	1.000000	0.000000	0.000000	0.000000	-0.118983	0.196110	0.031092	-0.123503	0.789232
	0.000000	1.000000	0.000000	0.000000	0.000000	0.016633	0.861373	0.089341	-0.024067	1.124250
	0.000000	1.000000	0.000000	0.000000	0.000000	0.133886	-0.013489	0.186439	-0.044813	-0.124528
	0.000000	1.000000	0.000000	0.000000	0.000000	0.009378	0.934935	-0.044215	0.232448	1.119357
	0.000000	1.000000	0.000000	0.000000	0.000000	-0.042317	0.024523	-0.020275	-0.103226	0.837629
	0.000000	1.000000	0.000000	0.000000	0.000000	-0.118520	0.172745	-0.105792	0.006418	0.752096
	0.000000	1.000000	0.000000	0.000000	0.000000	-0.123162	-0.112965	-0.011805	0.063817	0.040820
	0.000000	1.000000	0.000000	0.000000	0.000000	0.213427	0.995526	0.097093	0.110093	0.846749
	0.000000	1.000000	0.000000	0.000000	0.000000	-0.115850	0.507601	0.533240	0.129197	0.640322
	0.000000	1.000000	0.000000	0.000000	0.000000	-0.013171	-0.120203	-0.116202	-0.056841	1.083806
	0.000000	1.000000	0.000000	0.000000	0.000000	-0.122009	0.084648	0.472556	0.035226	0.779811
	0.000000	1.000000	0.000000	0.000000	0.000000	-0.016062	0.029406	-0.017159	-0.124590	0.080894
	0.000000	1.000000	0.000000	0.000000	0.000000	-0.124765	-0.069520	0.056622	0.052985	0.485858
	0.000000	1.000000	0.000000	0.000000	0.000000	-0.087726	1.120929	0.135377	0.046946	-0.104640
	0.000000	1.000000	0.000000	0.000000	0.000000	-0.122726	0.981107	0.574158	0.128505	0.334678
	0.000000	0.000000	1.000000	0.000000	0.000000	-0.102139	-0.087064	0.302860	-0.007753	0.927141
	0.000000	0.000000	1.000000	0.000000	0.000000	-0.124541	-0.116455	0.265272	-0.109688	0.112289
	0.000000	0.000000	1.000000	0.000000	0.000000	-0.083690	1.083155	0.346270	-0.124755	1.125000
	0.000000	0.000000	1.000000	0.000000	0.000000	-0.111135	-0.118428	0.158372	-0.100228	0.530842
	0.000000	0.000000	1.000000	0.000000	0.000000	0.075917	-0.020717	-0.122486	-0.122843	0.733158
	0.000000	0.000000	1.000000	0.000000	0.000000	-0.123505	0.806675	-0.096134	-0.083368	-0.044706
	0.000000	0.000000	1.000000	0.000000	0.000000	0.044376	1.124815	0.164975	-0.105054	0.941639
	0.000000	0.000000	1.000000	0.000000	0.000000	-0.120506	1.033778	-0.043828	-0.104961	0.066310
	0.000000	0.000000	1.000000	0.000000	0.000000	-0.119321	0.194903	-0.043615	-0.119233	0.070884
	0.000000	0.000000	1.000000	0.000000	0.000000	-0.122130	0.731432	0.375528	-0.124997	0.456756
	0.000000	0.000000	1.000000	0.000000	0.000000	-0.085711	0.406957	0.108038	0.173697	1.039621
	0.000000	0.000000	1.000000	0.000000	0.000000	-0.114774	-0.122962	0.341730	0.019615	0.052599
	0.000000	0.000000	1.000000	0.000000	0.000000	-0.122627	0.382705	0.410294	0.155161	0.839696
	0.000000	0.000000	1.000000	0.000000	0.000000	-0.092798	0.228569	-0.035905	0.022084	0.512479
	0.000000	0.000000	1.000000	0.000000	0.000000	-0.073772	1.113421	0.190337	0.007598	0.021882
	0.000000	0.000000	1.000000	0.000000	0.000000	-0.109296	0.220553	-0.013544	-0.101982	0.829464
	0.000000	0.000000	0.000000	1.000000	0.000000	0.009836	-0.087980	-0.054214	0.174438	-0.095439
	0.000000	0.000000	0.000000	1.000000	0.000000	-0.121403	-0.065486	0.380312	0.020095	1.038653
	0.000000	0.000000	0.000000	1.000000	0.000000	-0.118207	0.691945	-0.118515	0.257224	0.879382
	0.000000	0.000000	0.000000	1.000000	0.000000	-0.104276	0.867375	0.198123	-0.112138	1.019043
	0.000000	0.000000	0.000000	1.000000	0.000000	-0.077353	0.150250	0.539977	-0.101093	0.144442
	0.000000	0.000000	0.000000	1.000000	0.000000	-0.108418	1.111162	0.470798	0.113323	-0.020492
	0.000000	0.000000	0.000000	1.000000	0.000000	-0.000425	0.754040	-0.032222	0.223752	0.077666
	0.000000	0.000000	0.000000	1.000000	0.000000	0.095915	0.993217	0.016759	-0.122540	1.117372
	0.000000	0.000000	0.000000	1.000000	0.000000	-0.089276	-0.040474	0.334656	-0.109223	0.715073
	0.000000	0.000000	0.000000	1.000000	0.000000	0.075962	-0.014383	-0.112413	0.546916	0.291485
	0.000000	0.000000	0.000000	1.000000	0.000000	-0.040312	0.316929	-0.005714	-0.113210	0.960549
	0.000000	0.000000	0.000000	1.000000	0.000000	-0.092228	-0.123925	-0.080356	-0.124921	0.923217
	0.000000	0.000000	0.000000	1.000000	0.000000	-0.120632	1.059320	0.101216	0.181823	0.343093
	0.000000	0.000000	0.000000	1.000000	0.000000	-0.082641	0.986134	0.159422	-0.085510	-0.124922
	0.000000	0.000000	0.000000	1.000000	0.000000	0.046348	0.209900	0.178422	-0.120047	1.092876
	0.000000	0.000000	0.000000	0.000000	1.000000	-0.080431	-0.111092	-0.003716	-0.049058	0.034077
	0.000000	0.000000	0.000000	0.000000	1.000000	-0.121898	1.023665	0.055897	0.038669	-0.000311
	0.000000	0.000000	0.000000	0.000000	1.000000	-0.044332	0.816276	0.094167	-0.014647	0.562096
	0.000000	0.000000	0.000000	0.000000	1.000000	-0.070706	-0.065208	-0.048567	0.279869	0.401089
	0.000000	0.000000	0.000000	0.000000	1.000000	-0.095995	0.753880	0.050920	0.007340	1.068118
	0.000000	0.000000	0.000000	0.000000	1.000000	-0.073883	1.124996	0.071708	-0.120150	0.799345
	0.000000	0.000000	0.000000	0.000000	1.000000	-0.073762	0.813992	0.243820	-0.124012	1.117626
	0.000000	0.000000	0.000000	0.000000	1.000000	0.005708	0.231449	0.106016	-0.113120	0.620662
	0.000000	0.000000	0.000000	0.000000	1.000000	-0.105681	0.076538	0.008002	0.104237	0.263897
	0.000000	0.000000	0.000000	0.000000	1.000000	0.163604	0.806108	-0.116315	0.199779	1.082725
	0.000000	0.000000	0.000000	0.000000	1.000000	-0.009760	-0.008019	0.134424	-0.119811	0.004699
	0.000000	0.000000	0.000000	0.000000	1.000000	0.045205	0.209449	0.378430	0.028349	0.439163
	0.000000	0.000000	0.000000	0.000000	1.000000	-0.120780	0.661697	-0.040614	0.095404	1.116293
	0.000000	0.000000	0.000000	0.000000	1.000000	0.029397	0.877340	0.131889	-0.111468	0.032189
	0.000000	0.000000	0.000000	0.000000	1.000000	-0.122786	0.632887	0.131869	0.029526	-0.091343
	0.000000	0.000000	0.000000	0.000000	1.000000	0.129009	-0.093951	0.023698	-0.101217	0.939028
	0.000000	0.000000	0.000000	0.000000	1.000000	-0.100199	1.121151	0.202652	-0.080225	-0.004623
	0.000000	0.000000	0.000000	0.000000	1.000000	0.026137	0.132103	-0.075018	-0.124149	-0.024730
	0.000000	0.000000	0.000000	0.000000	1.000000	-0.067260	0.878133	-0.028606	-0.123984	0.090068
	0.000000	0.000000	0.000000	0.000000	1.000000	-0.069857	0.996864	0.246565	0.008589	0.593485
	0.000000	0.000000	0.000000	0.000000	1.000000	-0.124755	1.114340	0.422505	0.042067	0.815407
	0.000000	0.000000	0.000000	0.000000	1.000000	-0.010482	1.102720	0.109189	-0.086090	-0.117340
	0.000000	0.000000	0.000000	0.000000	1.000000	-0.120887	1.096703	0.026242	-0.095778	1.050195
	0.000000	0.000000	0.000000	0.000000	1.000000	-0.041684	0.274359	-0.113557	0.001028	0.159894
	0.000000	0.000000	0.000000	0.000000	1.000000	-0.122450	0.236320	0.036274	0.043804	0.852262
	0.000000	0.000000	0.000000	0.000000	1.000000	-0.032264	0.514368	0.267528	0.036235	0.313387
	0.000000	0.000000	0.000000	0.000000	1.000000	-0.124998	0.808020	-0.112932	-0.036187	0.563579
	0.000000	0.000000	0.000000	0.000000	1.000000	0.175586	0.744577	-0.118195	-0.109685	0.946683
	0.000000	0.000000	0.000000	0.000000	1.000000	0.035314	1.123581	0.086202	-0.069427	0.047512
	0.000000	0.000000	0.000000	0.000000	1.000000	-0.047886	0.063609	0.076811	-0.091238	0.743843
	0.000000	0.000000	0.000000	0.000000	1.000000	-0.116243	0.484124	-0.064810	0.022309	1.082869
	0.000000	0.000000	0.000000	0.000000	1.000000	-0.044911	1.083918	0.137802	-0.050328	0.092057
	0.000000	0.000000	0.000000	0.000000	1.000000	-0.077223	0.710674	0.081423	-0.110251	0.049098
	0.000000	0.000000	0.000000	0.000000	1.000000	-0.027789	1.100927	-0.080852	-0.110363	-0.058570
	0.000000	0.000000	0.000000	0.000000	1.000000	-0.063711	0.877194	0.168534	-0.000530	0.981394
	0.000000	0.000000	0.000000	0.000000	1.000000	-0.094183	0.288560	-0.119562	-0.044017	1.096670
	0.000000	0.000000	0.000000	0.000000	1.000000	0.052138	1.085125	-0.122942	0.199211	0.544710
	0.000000	0.000000	0.000000	0.000000	1.000000	-0.057645	1.031387	0.138917	-0.119939	0.179106
	0.000000	0.000000	0.000000	0.000000	1.000000	0.179908	0.604510	0.009847	-0.124338	0.627945
	0.000000	0.000000	0.000000	0.000000	1.000000	-0.053566	0.873030	0.170261	-0.090431	1.106860
	0.000000	0.000000	0.000000	0.000000	1.000000	-0.095353	1.123427	-0.034444	-0.071468	0.889724
	0.000000	0.000000	0.000000	0.000000	1.000000	-0.119904	0.929668	-0.124598	-0.098475	0.985784
	0.000000	0.000000	0.000000	0.000000	1.000000	-0.122909	0.813557	-0.112116	-0.099391	0.584570
	0.000000	0.000000	0.000000	0.000000	1.000000	0.112942	-0.072872	0.137641	-0.121288	0.719953
	0.000000	0.000000	0.000000	0.000000	1.000000	-0.095729	0.507917	0.260765	0.025302	-0.063302
	0.000000	0.000000	0.000000	0.000000	1.000000	-0.122926	0.868379	-0.099648	0.029829	0.404166
	0.000000	0.000000	0.000000	0.000000	1.000000	-0.122014	0.970783	0.257400	0.001629	1.124900
	0.000000	0.000000	0.000000	0.000000	1.000000	-0.102871	0.567837	-0.114840	-0.101182	1.101253
	0.000000	0.000000	0.000000	0.000000	1.000000	0.287613	-0.124909	-0.091124	0.001839	-0.027539
	0.000000	0.000000	0.000000	0.000000	1.000000	-0.041316	0.815564	-0.087157	-0.067227	0.072247
	0.000000	0.000000	0.000000	0.000000	1.000000	-0.121596	1.086087	0.119993	-0.107184	0.893464
	0.000000	0.000000	0.000000	0.000000	1.000000	-0.107750	1.121894	0.178622	-0.077880	0.344065
	0.000000	0.000000	0.000000	0.000000	1.000000	-0.105534	0.994086	-0.116308	-0.036946	0.027420
	0.000000	0.000000	0.000000	0.000000	1.000000	-0.049065	0.859187	-0.094857	0.035445	1.123589
	0.000000	0.000000	0.000000	0.000000	1.000000	-0.090338	0.354731	-0.004691	-0.092725	0.631443
	0.000000	0.000000	0.000000	0.000000	1.000000	-0.049278	-0.124071	-0.083024	0.504411	0.235931
	0.000000	0.000000	0.000000	0.000000	1.000000	-0.046094	0.637528	0.312055	-0.091621	0.537603
	0.000000	0.000000	0.000000	0.000000	1.000000	-0.124498	0.234313	-0.030769	-0.067827	0.184882
	0.000000	0.000000	0.000000	0.000000	1.000000	0.174348	0.260005	-0.070002	-0.097564	-0.102734
	0.000000	0.000000	0.000000	0.000000	1.000000	0.098441	0.176693	-0.027470	-0.116498	0.619040
	0.000000	0.000000	0.000000	0.000000	1.000000	-0.124987	0.987739	-0.052286	0.066300	0.020852
