	1.000000	0.000000	0.000000	0.000000	0.000000	-0.107990	-0.099891	0.561163	-0.070537	0.714351
	1.000000	0.000000	0.000000	0.000000	0.000000	0.185466	0.668389	0.049373	-0.095749	1.050224
	1.000000	0.000000	0.000000	0.000000	0.000000	0.034163	0.015444	-0.081359	-0.116524	0.090778
	1.000000	0.000000	0.000000	0.000000	0.000000	-0.036580	-0.038777	-0.000235	-0.072025	0.809365
	1.000000	0.000000	0.000000	0.000000	0.000000	-0.124963	0.208069	-0.123171	-0.058561	0.019770
	1.000000	0.000000	0.000000	0.000000	0.000000	0.123839	1.103706	-0.067664	0.021551	1.124938
	1.000000	0.000000	0.000000	0.000000	0.000000	0.048401	0.894481	0.024040	-0.123687	0.032630
	1.000000	0.000000	0.000000	0.000000	0.000000	-0.124882	0.187612	0.019759	-0.080540	0.464803
	1.000000	0.000000	0.000000	0.000000	0.000000	0.342544	0.072291	-0.124220	-0.052389	1.025015
	1.000000	0.000000	0.000000	0.000000	0.000000	-0.030937	1.006926	0.216873	-0.109713	0.675678
	1.000000	0.000000	0.000000	0.000000	0.000000	0.425961	-0.036541	-0.089998	-0.043145	0.424715
	1.000000	0.000000	0.000000	0.000000	0.000000	0.133336	1.116010	-0.120547	-0.058967	1.108620
	1.000000	0.000000	0.000000	0.000000	0.000000	-0.089216	0.525543	-0.054214	-0.123704	0.159725
	1.000000	0.000000	0.000000	0.000000	0.000000	0.239902	0.755626	0.077756	-0.122367	0.558392
	0.000000	1.000000	0.000000	0.000000	0.000000	0.405235	0.096511	-0.124292	-0.100737	1.117841
	0.000000	1.000000	0.000000	0.000000	0.000000	-0.124998	0.149103	0.295034	-0.003435	0.845774
	0.000000	1.000000	0.000000	0.000000	0.000000	0.400981	-0.121322	-0.050067	-0.123662	0.737483
	0.000000	1.000000	0.000000	0.000000	0.000000	0.336611	0.816581	0.092364	0.055815	0.715212
	0.000000	1.000000	0.000000	0.000000	0.000000	0.306196	0.940478	0.053053	-0.040769	-0.123185
	0.000000	1.000000	0.000000	0.000000	0.000000	-0.121236	1.085423	-0.124196	-0.124927	-0.123029
	0.000000	1.000000	0.000000	0.000000	0.000000	-0.111981	0.088157	-0.090002	-0.086767	-0.108979
	0.000000	1.000000	0.000000	0.000000	0.000000	0.708476	0.441193	-0.121111	0.264538	-0.024923
	0.000000	1.000000	0.000000	0.000000	0.000000	0.009447	0.818176	-0.096824	-0.051112	1.090504
	0.000000	1.000000	0.000000	0.000000	0.000000	-0.118489	1.124861	0.062735	-0.124920	1.034322
	0.000000	1.000000	0.000000	0.000000	0.000000	0.086003	0.581685	0.073720	-0.035074	0.662420
	0.000000	1.000000	0.000000	0.000000	0.000000	0.016132	0.474798	-0.124349	-0.122487	1.109530
	0.000000	1.000000	0.000000	0.000000	0.000000	0.099192	1.123940	-0.101958	-0.117875	1.099367
	0.000000	1.000000	0.000000	0.000000	0.000000	0.211226	0.475917	-0.064793	-0.096867	1.117505
	0.000000	1.000000	0.000000	0.000000	0.000000	-0.035747	-0.067670	-0.074406	-0.055150	0.656253
	0.000000	1.000000	0.000000	0.000000	0.000000	-0.091283	0.236646	0.088966	-0.122283	-0.123548
	0.000000	1.000000	0.000000	0.000000	0.000000	0.160026	1.006045	0.162670	-0.090312	0.287313
	0.000000	1.000000	0.000000	0.000000	0.000000	-0.091224	1.044205	-0.125000	-0.099506	-0.114073
	0.000000	1.000000	0.000000	0.000000	0.000000	-0.020601	0.652066	0.032494	-0.079033	-0.106093
	0.000000	1.000000	0.000000	0.000000	0.000000	0.354589	-0.121193	0.366869	-0.124882	0.224280
	0.000000	1.000000	0.000000	0.000000	0.000000	0.408061	0.285762	-0.066765	-0.105900	0.772105
	0.000000	1.000000	0.000000	0.000000	0.000000	-0.117810	1.063319	-0.079985	-0.011675	0.108487
	0.000000	1.000000	0.000000	0.000000	0.000000	-0.124057	-0.099374	-0.047535	-0.104150	0.039824
	0.000000	1.000000	0.000000	0.000000	0.000000	0.534988	1.120057	0.219613	-0.089629	0.737546
	0.000000	1.000000	0.000000	0.000000	0.000000	0.530777	0.960730	-0.090823	-0.085162	-0.031460
	0.000000	1.000000	0.000000	0.000000	0.000000	-0.116382	0.734896	-0.113558	-0.120523	-0.093542
	0.000000	1.000000	0.000000	0.000000	0.000000	0.496929	-0.120275	-0.066779	0.073205	1.114650
	0.000000	1.000000	0.000000	0.000000	0.000000	-0.100914	0.988658	0.019071	-0.070391	0.934189
	0.000000	1.000000	0.000000	0.000000	0.000000	0.372857	-0.014072	-0.001352	-0.055720	0.374169
	0.000000	1.000000	0.000000	0.000000	0.000000	-0.105571	0.956778	-0.065991	-0.097750	1.050509
	0.000000	1.000000	0.000000	0.000000	0.000000	0.613456	0.930857	0.021728	0.145200	0.985561
	0.000000	1.000000	0.000000	0.000000	0.000000	0.548275	1.079612	0.212549	-0.116106	0.139188
	0.000000	1.000000	0.000000	0.000000	0.000000	0.474436	-0.100422	-0.115765	-0.065287	1.100421
	0.000000	1.000000	0.000000	0.000000	0.000000	0.061225	0.826816	0.025089	-0.122458	0.168412
	0.000000	1.000000	0.000000	0.000000	0.000000	0.105022	0.372098	-0.045437	-0.104003	1.115229
	0.000000	1.000000	0.000000	0.000000	0.000000	0.107599	-0.001128	-0.123183	-0.124998	-0.124999
	0.000000	1.000000	0.000000	0.000000	0.000000	-0.074822	-0.074691	-0.055082	-0.124978	1.006920
	0.000000	1.000000	0.000000	0.000000	0.000000	0.449802	0.439746	0.260337	-0.122040	0.883706
	0.000000	1.000000	0.000000	0.000000	0.000000	-0.086436	0.039627	-0.061225	-0.087875	0.988226
	0.000000	0.000000	1.000000	0.000000	0.000000	-0.097700	0.849666	-0.031668	-0.110647	0.869846
	0.000000	0.000000	1.000000	0.000000	0.000000	0.073314	1.074422	-0.083861	-0.120126	-0.124837
	0.000000	0.000000	1.000000	0.000000	0.000000	-0.058817	0.530138	0.285009	-0.095135	-0.099266
	0.000000	0.000000	1.000000	0.000000	0.000000	0.137475	0.783715	-0.021750	-0.035734	0.072340
	0.000000	0.000000	1.000000	0.000000	0.000000	0.613260	0.720294	-0.064118	-0.121023	0.022973
	0.000000	0.000000	1.000000	0.000000	0.000000	-0.117751	0.687207	-0.004274	0.091755	0.922837
	0.000000	0.000000	1.000000	0.000000	0.000000	0.040038	0.268678	0.051499	0.145718	0.401702
	0.000000	0.000000	1.000000	0.000000	0.000000	-0.015745	-0.099458	0.186522	-0.053222	-0.088858
	0.000000	0.000000	1.000000	0.000000	0.000000	0.063901	-0.017935	-0.056163	-0.118809	0.145582
	0.000000	0.000000	1.000000	0.000000	0.000000	-0.003741	0.291590	-0.119827	-0.086801	0.865982
	0.000000	0.000000	1.000000	0.000000	0.000000	-0.006251	0.897507	-0.120723	-0.124568	-0.106590
	0.000000	0.000000	1.000000	0.000000	0.000000	0.006026	0.962830	-0.088547	-0.123033	-0.124821
	0.000000	0.000000	1.000000	0.000000	0.000000	-0.109439	0.998422	-0.117340	0.041368	-0.029105
	0.000000	0.000000	0.000000	1.000000	0.000000	-0.103331	0.060620	-0.124837	-0.090347	1.074895
	0.000000	0.000000	0.000000	1.000000	0.000000	0.615445	0.091923	0.063007	-0.124999	0.177204
	0.000000	0.000000	0.000000	1.000000	0.000000	0.108121	0.502204	0.141014	-0.109000	0.979880
	0.000000	0.000000	0.000000	1.000000	0.000000	0.058022	-0.083795	-0.124969	-0.059170	1.085360
	0.000000	0.000000	0.000000	1.000000	0.000000	-0.097055	0.784637	-0.105678	-0.059064	0.727066
	0.000000	0.000000	0.000000	1.000000	0.000000	-0.117734	0.528733	0.094700	-0.041544	-0.119204
	0.000000	0.000000	0.000000	1.000000	0.000000	-0.109976	0.275138	-0.120204	-0.124314	0.534745
	0.000000	0.000000	0.000000	1.000000	0.000000	0.581935	-0.121587	-0.006926	0.007445	1.052709
	0.000000	0.000000	0.000000	1.000000	0.000000	0.087478	0.990193	-0.105962	-0.123352	0.599091
	0.000000	0.000000	0.000000	1.000000	0.000000	-0.030968	0.604147	-0.124171	-0.011865	-0.115526
	0.000000	0.000000	0.000000	1.000000	0.000000	0.175159	0.358719	-0.103877	-0.079787	1.029411
	0.000000	0.000000	0.000000	1.000000	0.000000	0.024211	0.848793	-0.124346	-0.099464	1.113193
	0.000000	0.000000	0.000000	1.000000	0.000000	0.201515	-0.022974	-0.025818	-0.075448	0.579370
	0.000000	0.000000	0.000000	1.000000	0.000000	0.025147	0.601813	-0.113815	-0.090779	0.372716
	0.000000	0.000000	0.000000	1.000000	0.000000	-0.041003	0.144084	-0.118523	-0.123164	0.689807
	0.000000	0.000000	0.000000	1.000000	0.000000	0.092631	0.180635	-0.104750	-0.119281	0.822254
	0.000000	0.000000	0.000000	0.000000	1.000000	0.137635	0.929829	-0.124888	-0.108837	0.589045
	0.000000	0.000000	0.000000	0.000000	1.000000	0.050187	0.552010	-0.050306	-0.110086	0.099069
	0.000000	0.000000	0.000000	0.000000	1.000000	-0.124732	1.120157	-0.101855	-0.124986	0.095808
	0.000000	0.000000	0.000000	0.000000	1.000000	-0.093891	0.708003	0.012032	-0.115609	0.878033
	0.000000	0.000000	0.000000	0.000000	1.000000	0.575520	0.838408	0.229248	-0.100217	0.980316
	0.000000	0.000000	0.000000	0.000000	1.000000	0.383877	0.858995	-0.124805	0.168769	1.114397
	0.000000	0.000000	0.000000	0.000000	1.000000	0.059165	0.141375	0.086729	-0.090749	0.096048
	0.000000	0.000000	0.000000	0.000000	1.000000	0.213884	1.124368	-0.101649	-0.090879	0.177611
	0.000000	0.000000	0.000000	0.000000	1.000000	-0.047043	0.212961	-0.078677	-0.124572	0.072225
	0.000000	0.000000	0.000000	0.000000	1.000000	0.020833	1.115294	-0.120521	-0.095826	0.987068
	0.000000	0.000000	0.000000	0.000000	1.000000	0.041519	0.046889	-0.055870	-0.111825	0.668519
	0.000000	0.000000	0.000000	0.000000	1.000000	0.168182	1.089885	-0.112232	-0.049520	0.013642
	0.000000	0.000000	0.000000	0.000000	1.000000	0.067441	0.808207	0.000984	-0.105083	0.810532
	0.000000	0.000000	0.000000	0.000000	1.000000	0.457218	0.312408	-0.109215	-0.076710	0.921595
	0.000000	0.000000	0.000000	0.000000	1.000000	0.323760	0.105653	-0.083759	-0.044044	1.074455
	0.000000	0.000000	0.000000	0.000000	1.000000	0.154715	0.407237	-0.116719	-0.035574	0.175101
	0.000000	0.000000	0.000000	0.000000	1.000000	0.001529	0.063537	-0.116731	-0.084300	0.943342
	0.000000	0.000000	0.000000	0.000000	1.000000	-0.122090	0.995389	-0.007086	-0.094910	-0.008350
	0.000000	0.000000	0.000000	0.000000	1.000000	-0.045234	0.150523	-0.090603	-0.124979	0.220404
	0.000000	0.000000	0.000000	0.000000	1.000000	-0.118226	-0.122963	0.182570	-0.093900	1.106113
	0.000000	0.000000	0.000000	0.000000	1.000000	0.510245	0.022203	-0.073276	0.050401	1.099122
	0.000000	0.000000	0.000000	0.000000	1.000000	-0.074446	1.097664	-0.068942	-0.123959	0.635888
	0.000000	0.000000	0.000000	0.000000	1.000000	0.541259	0.245966	0.249542	-0.073785	0.060197
	0.000000	0.000000	0.000000	0.000000	1.000000	-0.048781	0.791572	0.260323	0.052606	0.961453
	0.000000	0.000000	0.000000	0.000000	1.000000	0.134198	1.047389	-0.102774	-0.073997	0.555212
	0.000000	0.000000	0.000000	0.000000	1.000000	0.182243	0.859868	-0.123306	-0.088500	0.922407
	0.000000	0.000000	0.000000	0.000000	1.000000	0.159193	0.049009	0.120074	-0.084469	0.173443
	0.000000	0.000000	0.000000	0.000000	1.000000	0.085580	1.098956	0.083149	0.307998	0.021892
	0.000000	0.000000	0.000000	0.000000	1.000000	0.138544	0.796332	0.017366	-0.123810	0.229552
	0.000000	0.000000	0.000000	0.000000	1.000000	-0.050184	1.106630	-0.079187	-0.117295	0.738625
	0.000000	0.000000	0.000000	0.000000	1.000000	-0.040176	0.076405	0.115338	-0.114173	-0.079972
	0.000000	0.000000	0.000000	0.000000	1.000000	0.359188	0.943678	0.123896	-0.005026	0.120474
	0.000000	0.000000	0.000000	0.000000	1.000000	-0.092817	0.772868	0.192142	-0.002333	0.368664
	0.000000	0.000000	0.000000	0.000000	1.000000	0.066119	1.070874	-0.102700	0.077950	0.167145
	0.000000	0.000000	0.000000	0.000000	1.000000	-0.061784	0.112759	0.140311	-0.048540	1.021670
	0.000000	0.000000	0.000000	0.000000	1.000000	-0.115424	0.627607	-0.055177	-0.105464	0.230196
	0.000000	0.000000	0.000000	0.000000	1.000000	-0.070895	1.050103	0.000501	-0.111597	0.647075
	0.000000	0.000000	0.000000	0.000000	1.000000	0.137321	0.595374	-0.026117	-0.072372	0.047650
	0.000000	0.000000	0.000000	0.000000	1.000000	-0.087020	0.167105	-0.060459	-0.124957	1.121323
	0.000000	0.000000	0.000000	0.000000	1.000000	-0.036689	0.976162	0.515425	-0.017496	1.069894
	0.000000	0.000000	0.000000	0.000000	1.000000	0.464021	0.868357	0.017750	0.036693	1.107120
	0.000000	0.000000	0.000000	0.000000	1.000000	0.199490	-0.108300	-0.110118	-0.034800	0.206469
	0.000000	0.000000	0.000000	0.000000	1.000000	0.385540	-0.054901	0.106818	-0.121222	1.111232
	0.000000	0.000000	0.000000	0.000000	1.000000	-0.058209	0.072834	-0.122068	-0.117031	1.123137
	0.000000	0.000000	0.000000	0.000000	1.000000	0.550844	1.022641	-0.096104	0.047017	-0.118963
	0.000000	0.000000	0.000000	0.000000	1.000000	0.027913	0.850421	-0.079177	-0.099989	0.554692
	0.000000	0.000000	0.000000	0.000000	1.000000	0.776771	0.870727	-0.105436	0.016069	1.088757
	0.000000	0.000000	0.000000	0.000000	1.000000	-0.012005	0.081853	-0.087348	-0.085893	0.076548
	0.000000	0.000000	0.000000	0.000000	1.000000	0.551783	0.235295	-0.124979	0.038763	0.816991
	0.000000	0.000000	0.000000	0.000000	1.000000	0.031285	0.453392	-0.076299	-0.115955	0.759190
	0.000000	0.000000	0.000000	0.000000	1.000000	-0.120167	-0.086719	0.001922	-0.106105	1.110729
	0.000000	0.000000	0.000000	0.000000	1.000000	-0.006297	1.016815	-0.067553	-0.121873	1.030232
	0.000000	0.000000	0.000000	0.000000	1.000000	-0.114386	0.079894	0.075712	-0.124554	0.378237
	0.000000	0.000000	0.000000	0.000000	1.000000	0.449767	0.603391	0.252198	-0.108274	0.294656
	0.000000	0.000000	0.000000	0.000000	1.000000	-0.049459	0.533267	-0.010406	-0.097883	0.562138
	0.000000	0.000000	0.000000	0.000000	1.000000	0.128155	0.748459	-0.105358	-0.114968	0.743237
	0.000000	0.000000	0.000000	0.000000	1.000000	-0.016611	1.049377	-0.118682	-0.082827	1.124706
	0.000000	0.000000	0.000000	0.000000	1.000000	-0.107995	1.041811	-0.105105	-0.059683	1.050497
	0.000000	0.000000	0.000000	0.000000	1.000000	0.008552	0.936647	-0.114660	-0.114711	0.954529
	0.000000	0.000000	0.000000	0.000000	1.000000	-0.119686	0.106015	0.087471	-0.114686	1.108428
	0.000000	0.000000	0.000000	0.000000	1.000000	0.072974	0.226438	-0.109010	-0.072597	0.874100
	0.000000	0.000000	0.000000	0.000000	1.000000	-0.105371	-0.046089	-0.124415	-0.099260	0.707477
	0.000000	0.000000	0.000000	0.000000	1.000000	-0.008765	0.726224	-0.006311	-0.124116	-0.098451
	0.000000	0.000000	0.000000	0.000000	1.000000	0.097948	1.122640	-0.108203	-0.107566	0.760707
	0.000000	0.000000	0.000000	0.000000	1.000000	0.498738	0.712826	0.291522	-0.122869	-0.096938
	1.000000	0.000000	0.000000	0.000000	0.000000	-0.052641	-0.124661	0.153459	-0.110453	0.073177
	1.000000	0.000000	0.000000	0.000000	0.000000	0.486394	0.046589	0.185660	-0.061309	0.814862
	1.000000	0.000000	0.000000	0.000000	0.000000	-0.124999	0.448235	0.113677	-0.043331	-0.037926
	1.000000	0.000000	0.000000	0.000000	0.000000	0.014276	-0.056920	-0.117415	-0.093085	-0.096480
	1.000000	0.000000	0.000000	0.000000	0.000000	0.350649	-0.124257	-0.122206	0.003056	0.621061
	1.000000	0.000000	0.000000	0.000000	0.000000	0.298674	0.882180	0.028255	-0.060859	0.545328
	1.000000	0.000000	0.000000	0.000000	0.000000	0.010882	-0.108480	0.127956	-0.103610	-0.094924
	1.000000	0.000000	0.000000	0.000000	0.000000	0.512921	1.049361	0.001776	-0.113660	-0.110506
	1.000000	0.000000	0.000000	0.000000	0.000000	0.480859	0.110143	0.201282	-0.057609	1.123321
	1.000000	0.000000	0.000000	0.000000	0.000000	0.576877	-0.062539	0.128096	-0.006299	0.623299
	1.000000	0.000000	0.000000	0.000000	0.000000	0.069918	0.598835	-0.111230	-0.078067	0.474041
	1.000000	0.000000	0.000000	0.000000	0.000000	-0.006879	0.350915	0.022999	-0.074123	0.814344
	1.000000	0.000000	0.000000	0.000000	0.000000	0.187272	1.067036	-0.073349	-0.063516	-0.013356
	1.000000	0.000000	0.000000	0.000000	0.000000	-0.064652	1.124045	-0.114712	-0.033045	1.055223
	1.000000	0.000000	0.000000	0.000000	0.000000	-0.124717	1.117911	0.453535	-0.033799	0.527731
	1.000000	0.000000	0.000000	0.000000	0.000000	0.179643	0.635673	-0.107498	-0.102510	0.608704
	0.000000	1.000000	0.000000	0.000000	0.000000	0.407178	0.427726	0.001006	-0.015864	-0.000514
	0.000000	1.000000	0.000000	0.000000	0.000000	0.081200	0.103166	-0.124547	-0.124462	0.021577
	0.000000	1.000000	0.000000	0.000000	0.000000	-0.020297	0.968340	-0.123965	-0.081761	0.024137
	0.000000	1.000000	0.000000	0.000000	0.000000	0.018253	0.588763	0.086426	-0.072584	0.485481
	0.000000	1.000000	0.000000	0.000000	0.000000	0.099120	0.683219	-0.015977	-0.003314	0.947984
	0.000000	1.000000	0.000000	0.000000	0.000000	-0.054786	-0.114874	0.161367	-0.120348	0.324024
	0.000000	1.000000	0.000000	0.000000	0.000000	0.201706	0.120156	0.040789	-0.026712	0.015187
	0.000000	1.000000	0.000000	0.000000	0.000000	0.774655	-0.015203	0.050353	-0.035742	0.282201
	0.000000	1.000000	0.000000	0.000000	0.000000	0.060858	0.336234	-0.121950	-0.114517	-0.124475
	0.000000	1.000000	0.000000	0.000000	0.000000	0.121663	0.944497	-0.124998	-0.112879	0.886918
	0.000000	1.000000	0.000000	0.000000	0.000000	-0.056890	-0.108904	-0.023072	-0.116451	0.796563
	0.000000	1.000000	0.000000	0.000000	0.000000	0.020840	0.652840	-0.095910	-0.123826	0.087010
	0.000000	1.000000	0.000000	0.000000	0.000000	0.326450	-0.095521	-0.120434	-0.096023	0.364419
	0.000000	1.000000	0.000000	0.000000	0.000000	0.280939	-0.027636	0.003138	-0.074623	1.110494
	0.000000	1.000000	0.000000	0.000000	0.000000	0.734216	0.033075	-0.123847	0.048413	1.090562
	0.000000	1.000000	0.000000	0.000000	0.000000	0.616306	0.212035	0.111157	-0.103152	0.847927
	0.000000	1.000000	0.000000	0.000000	0.000000	-0.080749	-0.124917	0.225268	-0.115823	0.046119
	0.000000	1.000000	0.000000	0.000000	0.000000	0.162146	1.109073	0.019585	0.165483	0.081934
	0.000000	1.000000	0.000000	0.000000	0.000000	0.029113	1.081915	0.493494	-0.057814	0.978399
	0.000000	1.000000	0.000000	0.000000	0.000000	0.548917	-0.124971	-0.001944	-0.114543	0.914447
	0.000000	1.000000	0.000000	0.000000	0.000000	0.073692	0.213827	-0.071368	-0.094138	0.063195
	0.000000	1.000000	0.000000	0.000000	0.000000	0.096725	1.095390	-0.124438	-0.102703	1.107524
	0.000000	1.000000	0.000000	0.000000	0.000000	-0.066049	0.883266	-0.124957	-0.124636	-0.031100
	0.000000	1.000000	0.000000	0.000000	0.000000	0.155602	0.965008	-0.006335	-0.116428	0.929608
	0.000000	1.000000	0.000000	0.000000	0.000000	0.064524	-0.076276	-0.023441	-0.084530	-0.068981
	0.000000	1.000000	0.000000	0.000000	0.000000	-0.074295	1.062775	-0.090115	-0.120933	0.198479
	0.000000	1.000000	0.000000	0.000000	0.000000	0.242284	-0.089425	0.003833	0.060447	0.892533
	0.000000	1.000000	0.000000	0.000000	0.000000	-0.114602	-0.042447	-0.124666	-0.023417	0.248286
	0.000000	1.000000	0.000000	0.000000	0.000000	-0.094392	-0.084185	-0.003714	-0.112775	0.093282
	0.000000	1.000000	0.000000	0.000000	0.000000	-0.107695	0.501503	-0.078813	-0.124253	0.080061
	0.000000	1.000000	0.000000	0.000000	0.000000	-0.083067	1.076697	-0.018624	-0.104995	1.122991
	0.000000	1.000000	0.000000	0.000000	0.000000	0.503647	0.052635	-0.101935	-0.102674	0.616256
	0.000000	1.000000	0.000000	0.000000	0.000000	-0.109468	0.527168	0.083717	-0.123089	0.225979
	0.000000	1.000000	0.000000	0.000000	0.000000	0.100622	0.288489	-0.119118	-0.112827	1.124676
	0.000000	1.000000	0.000000	0.000000	0.000000	0.498667	0.829516	-0.052132	0.043681	1.124495
	0.000000	0.000000	1.000000	0.000000	0.000000	0.210462	0.152052	-0.124319	-0.124968	0.343250
	0.000000	0.000000	1.000000	0.000000	0.000000	-0.061172	0.257712	0.259633	-0.098292	0.834845
	0.000000	0.000000	1.000000	0.000000	0.000000	0.087252	0.486446	-0.054359	-0.068636	0.237769
	0.000000	0.000000	1.000000	0.000000	0.000000	-0.074883	0.729736	-0.118106	-0.111215	0.351447
	0.000000	0.000000	1.000000	0.000000	0.000000	0.156636	-0.105239	-0.056815	-0.060644	0.593180
	0.000000	0.000000	1.000000	0.000000	0.000000	-0.115832	1.111329	-0.106564	-0.117702	-0.120489
	0.000000	0.000000	1.000000	0.000000	0.000000	-0.109500	-0.009989	-0.091077	-0.104929	0.935784
	0.000000	0.000000	1.000000	0.000000	0.000000	0.332088	-0.115097	-0.002011	-0.022190	0.868252
	0.000000	0.000000	1.000000	0.000000	0.000000	-0.068039	1.121130	-0.046992	-0.107443	0.709005
	0.000000	0.000000	1.000000	0.000000	0.000000	-0.078312	0.164200	-0.123833	-0.124119	-0.069253
	0.000000	0.000000	1.000000	0.000000	0.000000	-0.116276	0.160979	-0.100081	-0.124983	-0.030795
	0.000000	0.000000	1.000000	0.000000	0.000000	0.475123	-0.007138	0.209490	-0.105299	1.084783
	0.000000	0.000000	1.000000	0.000000	0.000000	0.135949	-0.111213	-0.123896	-0.078211	0.153533
	0.000000	0.000000	1.000000	0.000000	0.000000	-0.023943	1.122470	0.074889	-0.087058	0.834095
	0.000000	0.000000	1.000000	0.000000	0.000000	0.323916	-0.118718	0.005020	-0.091363	1.098898
	0.000000	0.000000	1.000000	0.000000	0.000000	-0.040976	0.298709	-0.123520	-0.033203	0.280325
	0.000000	0.000000	0.000000	1.000000	0.000000	-0.067596	0.864267	-0.035363	-0.122803	-0.064240
	0.000000	0.000000	0.000000	1.000000	0.000000	0.509974	1.105563	0.127310	-0.120760	0.925954
	0.000000	0.000000	0.000000	1.000000	0.000000	0.201776	-0.007248	0.059821	-0.071397	1.121231
	0.000000	0.000000	0.000000	1.000000	0.000000	-0.108063	0.824094	-0.107691	-0.125000	0.989426
	0.000000	0.000000	0.000000	1.000000	0.000000	-0.124863	0.208141	-0.004732	-0.108920	1.117263
	0.000000	0.000000	0.000000	1.000000	0.000000	-0.101672	1.081556	-0.105046	-0.124890	0.306247
	0.000000	0.000000	0.000000	1.000000	0.000000	-0.120201	0.715925	-0.114402	-0.087980	0.025505
	0.000000	0.000000	0.000000	1.000000	0.000000	-0.124605	-0.124602	-0.089982	-0.099899	1.012451
	0.000000	0.000000	0.000000	1.000000	0.000000	-0.030345	0.398224	-0.120930	-0.124728	0.685380
	0.000000	0.000000	0.000000	1.000000	0.000000	-0.075079	0.202116	0.154018	-0.056801	0.121083
	0.000000	0.000000	0.000000	1.000000	0.000000	0.142759	1.071048	-0.112938	-0.119168	0.248920
	0.000000	0.000000	0.000000	1.000000	0.000000	0.223221	0.726385	-0.110041	-0.111490	0.862405
	0.000000	0.000000	0.000000	1.000000	0.000000	0.589043	0.624030	0.062090	-0.063413	-0.105814
	0.000000	0.000000	0.000000	1.000000	0.000000	-0.020195	-0.117935	-0.019431	-0.106426	-0.049020
	0.000000	0.000000	0.000000	1.000000	0.000000	0.212120	-0.063761	-0.123597	-0.111948	0.473735
	0.000000	0.000000	0.000000	0.000000	1.000000	-0.077584	0.693838	-0.113960	-0.106757	1.116823
	0.000000	0.000000	0.000000	0.000000	1.000000	0.196586	1.025417	-0.009638	-0.080185	0.013935
	0.000000	0.000000	0.000000	0.000000	1.000000	0.472300	0.215333	-0.124059	0.120992	0.060191
	0.000000	0.000000	0.000000	0.000000	1.000000	0.475419	0.508476	-0.124932	0.083209	0.259405
	0.000000	0.000000	0.000000	0.000000	1.000000	0.170081	0.328167	-0.111275	-0.069682	1.123222
	0.000000	0.000000	0.000000	0.000000	1.000000	0.296246	0.736513	0.170234	-0.077702	1.124001
	0.000000	0.000000	0.000000	0.000000	1.000000	0.532120	0.890642	0.044541	-0.066285	0.848451
	0.000000	0.000000	0.000000	0.000000	1.000000	-0.053818	-0.101165	-0.112167	-0.121238	1.081970
	0.000000	0.000000	0.000000	0.000000	1.000000	-0.075272	0.231945	-0.095434	-0.021872	0.414690
	0.000000	0.000000	0.000000	0.000000	1.000000	-0.083318	0.327330	-0.015887	-0.041983	0.077479
	0.000000	0.000000	0.000000	0.000000	1.000000	-0.108694	1.098391	0.036381	-0.092085	0.458954
	0.000000	0.000000	0.000000	0.000000	1.000000	-0.019186	1.030977	-0.072435	-0.119718	0.038544
	0.000000	0.000000	0.000000	0.000000	1.000000	0.113852	-0.124437	0.147033	0.110274	1.088298
	0.000000	0.000000	0.000000	0.000000	1.000000	0.027466	0.761387	-0.056581	-0.120851	0.537862
	0.000000	0.000000	0.000000	0.000000	1.000000	0.733050	0.048906	-0.124998	0.005405	0.040048
	0.000000	0.000000	0.000000	0.000000	1.000000	0.091552	1.036034	-0.109349	-0.124602	1.119901
	0.000000	0.000000	0.000000	0.000000	1.000000	0.403402	0.273611	-0.088445	-0.056340	0.160339
	0.000000	0.000000	0.000000	0.000000	1.000000	0.452548	0.720530	-0.124899	-0.105077	0.920089
	0.000000	0.000000	0.000000	0.000000	1.000000	0.289251	0.455645	-0.096090	-0.122929	1.102509
	0.000000	0.000000	0.000000	0.000000	1.000000	-0.075057	0.158801	-0.081891	-0.111982	-0.101259
	0.000000	0.000000	0.000000	0.000000	1.000000	-0.013173	-0.115715	-0.067354	-0.076127	-0.050815
	0.000000	0.000000	0.000000	0.000000	1.000000	0.044478	0.010745	0.059224	-0.124829	1.094425
	0.000000	0.000000	0.000000	0.000000	1.000000	0.132387	0.860006	-0.121955	-0.093586	0.820369
	0.000000	0.000000	0.000000	0.000000	1.000000	0.240531	0.275839	0.041671	-0.116679	1.119233
	0.000000	0.000000	0.000000	0.000000	1.000000	-0.100747	0.107571	-0.120563	-0.122352	0.974378
	0.000000	0.000000	0.000000	0.000000	1.000000	0.091511	0.333926	-0.069833	-0.075282	0.632741
	0.000000	0.000000	0.000000	0.000000	1.000000	0.384183	-0.101336	-0.095600	-0.052026	0.309125
	0.000000	0.000000	0.000000	0.000000	1.000000	0.154359	0.884014	-0.069057	-0.060949	1.052654
	0.000000	0.000000	0.000000	0.000000	1.000000	-0.034475	0.304583	-0.070948	0.017057	0.180020
	0.000000	0.000000	0.000000	0.000000	1.000000	0.159560	0.897917	-0.082222	-0.098400	-0.083365
	0.000000	0.000000	0.000000	0.000000	1.000000	-0.073325	0.173148	-0.046397	-0.107639	0.245261
	0.000000	0.000000	0.000000	0.000000	1.000000	-0.112720	0.998308	0.259311	-0.096061	-0.072825
	0.000000	0.000000	0.000000	0.000000	1.000000	-0.096025	0.957787	-0.035449	-0.124575	-0.030253
	0.000000	0.000000	0.000000	0.000000	1.000000	0.337092	0.879416	-0.095676	-0.014887	-0.103386
	0.000000	0.000000	0.000000	0.000000	1.000000	0.120957	0.518939	-0.110711	-0.104622	-0.007882
	0.000000	0.000000	0.000000	0.000000	1.000000	0.170204	0.679662	-0.067076	-0.121650	0.697628
	0.000000	0.000000	0.000000	0.000000	1.000000	-0.099777	0.954564	-0.124777	-0.066632	1.101322
	0.000000	0.000000	0.000000	0.000000	1.000000	0.370264	0.272729	0.075162	-0.086158	-0.087052
	0.000000	0.000000	0.000000	0.000000	1.000000	-0.077637	1.116254	-0.089349	-0.117264	0.768075
	0.000000	0.000000	0.000000	0.000000	1.000000	0.243776	0.694424	-0.123852	-0.009299	0.560384
	0.000000	0.000000	0.000000	0.000000	1.000000	-0.036929	0.648680	-0.096450	0.020000	0.907610
	0.000000	0.000000	0.000000	0.000000	1.000000	-0.116738	0.753165	-0.125000	-0.056663	1.005256
	0.000000	0.000000	0.000000	0.000000	1.000000	0.308669	0.591146	-0.124388	-0.087804	0.674027
	0.000000	0.000000	0.000000	0.000000	1.000000	0.477491	-0.037172	-0.077300	-0.124982	1.000384
	0.000000	0.000000	0.000000	0.000000	1.000000	-0.012011	0.143085	-0.122542	-0.121139	-0.042665
	0.000000	0.000000	0.000000	0.000000	1.000000	-0.099629	0.602595	-0.118692	-0.085552	-0.121000
	0.000000	0.000000	0.000000	0.000000	1.000000	0.146537	0.343437	-0.055318	-0.124771	0.868625
	0.000000	0.000000	0.000000	0.000000	1.000000	-0.117994	1.040291	-0.065978	-0.122858	0.224262
	0.000000	0.000000	0.000000	0.000000	1.000000	0.103848	0.762411	0.376656	-0.121963	1.098396
	0.000000	0.000000	0.000000	0.000000	1.000000	0.047036	1.060185	-0.034965	-0.123220	-0.075487
	0.000000	0.000000	0.000000	0.000000	1.000000	-0.009714	0.526438	-0.085020	-0.099296	0.019922
	0.000000	0.000000	0.000000	0.000000	1.000000	-0.045002	0.520692	0.020582	0.047873	1.099530
	0.000000	0.000000	0.000000	0.000000	1.000000	0.089544	0.304437	-0.104607	-0.102645	0.338709
	0.000000	0.000000	0.000000	0.000000	1.000000	0.092395	0.546796	0.264399	-0.107909	0.288583
	0.000000	0.000000	0.000000	0.000000	1.000000	0.137119	0.193969	0.054763	0.089765	0.320580
	0.000000	0.000000	0.000000	0.000000	1.000000	0.484454	0.966489	0.257980	-0.106259	0.306423
	0.000000	0.000000	0.000000	0.000000	1.000000	-0.113454	0.609983	-0.066700	-0.091399	-0.123523
	0.000000	0.000000	0.000000	0.000000	1.000000	0.091311	1.020046	-0.118533	0.003529	0.191508
	0.000000	0.000000	0.000000	0.000000	1.000000	0.663423	-0.075398	-0.094440	-0.110912	0.618916
	0.000000	0.000000	0.000000	0.000000	1.000000	-0.108605	1.117114	0.057132	-0.123502	0.242024
	0.000000	0.000000	0.000000	0.000000	1.000000	-0.036229	0.361712	-0.073666	-0.119237	1.080727
