	1.000000	0.000000	0.000000	0.000000	0.000000	-0.112521	0.656845	-0.036632	0.134765	-0.069817
	1.000000	0.000000	0.000000	0.000000	0.000000	-0.089900	-0.080124	0.525419	-0.065254	0.204439
	1.000000	0.000000	0.000000	0.000000	0.000000	0.023870	0.306112	-0.109486	0.232444	0.060410
	1.000000	0.000000	0.000000	0.000000	0.000000	0.462262	0.485068	-0.088489	-0.074512	0.206710
	1.000000	0.000000	0.000000	0.000000	0.000000	-0.124383	0.418281	0.238925	-0.112444	0.895984
	1.000000	0.000000	0.000000	0.000000	0.000000	0.063123	-0.103764	-0.101890	-0.099625	0.413246
	1.000000	0.000000	0.000000	0.000000	0.000000	0.589446	1.039039	-0.047777	-0.024120	0.455075
	1.000000	0.000000	0.000000	0.000000	0.000000	-0.036314	-0.077428	0.327701	-0.123532	1.019662
	1.000000	0.000000	0.000000	0.000000	0.000000	0.875128	-0.107731	-0.092843	-0.123992	0.131065
	1.000000	0.000000	0.000000	0.000000	0.000000	0.053407	0.397162	-0.035133	0.076508	0.207288
	1.000000	0.000000	0.000000	0.000000	0.000000	-0.098588	0.852282	0.273106	-0.014041	1.023663
	1.000000	0.000000	0.000000	0.000000	0.000000	-0.116040	1.123605	0.960047	-0.046560	1.075234
	1.000000	0.000000	0.000000	0.000000	0.000000	-0.124802	0.763566	0.077823	0.031219	0.060901
	1.000000	0.000000	0.000000	0.000000	0.000000	-0.087976	0.926780	-0.061569	-0.124375	0.149077
	0.000000	1.000000	0.000000	0.000000	0.000000	0.333742	1.070475	0.197640	0.016182	0.206841
	0.000000	1.000000	0.000000	0.000000	0.000000	0.726043	0.036380	0.243039	0.319694	0.214397
	0.000000	1.000000	0.000000	0.000000	0.000000	-0.112664	0.711107	0.016846	-0.124856	-0.057965
	0.000000	1.000000	0.000000	0.000000	0.000000	-0.124970	0.058698	0.222732	-0.069796	1.121789
	0.000000	1.000000	0.000000	0.000000	0.000000	0.317135	1.100008	0.071263	-0.057029	0.016898
	0.000000	1.000000	0.000000	0.000000	0.000000	0.458789	1.092988	-0.020827	-0.053509	0.975708
	0.000000	1.000000	0.000000	0.000000	0.000000	0.192553	0.144188	-0.110145	0.123740	0.893274
	0.000000	1.000000	0.000000	0.000000	0.000000	0.030640	0.406785	-0.049903	-0.109235	0.124093
	0.000000	1.000000	0.000000	0.000000	0.000000	-0.046226	0.894907	-0.121093	0.060755	-0.123487
	0.000000	1.000000	0.000000	0.000000	0.000000	-0.078216	0.442261	0.044131	-0.097103	0.876386
	0.000000	1.000000	0.000000	0.000000	0.000000	-0.124119	0.126763	0.442343	-0.116071	0.986630
	0.000000	1.000000	0.000000	0.000000	0.000000	0.560691	0.309105	0.184334	-0.108500	0.027279
	0.000000	1.000000	0.000000	0.000000	0.000000	0.064209	0.789161	0.556021	-0.124526	0.788800
	0.000000	1.000000	0.000000	0.000000	0.000000	0.347849	0.260443	-0.113606	0.016189	1.039510
	0.000000	1.000000	0.000000	0.000000	0.000000	0.539727	-0.123621	-0.110638	0.090927	0.050700
	0.000000	1.000000	0.000000	0.000000	0.000000	-0.041675	0.292952	-0.119375	-0.117926	-0.004440
	0.000000	1.000000	0.000000	0.000000	0.000000	0.574398	0.272337	0.000105	-0.124869	-0.122625
	0.000000	1.000000	0.000000	0.000000	0.000000	-0.095370	-0.001603	-0.122105	-0.085449	1.122198
	0.000000	1.000000	0.000000	0.000000	0.000000	-0.045849	-0.081660	0.258060	0.503723	0.152773
	0.000000	1.000000	0.000000	0.000000	0.000000	0.257368	-0.118879	-0.115763	0.214783	-0.115076
	0.000000	1.000000	0.000000	0.000000	0.000000	-0.125000	1.112384	0.105470	-0.094841	0.974458
	0.000000	1.000000	0.000000	0.000000	0.000000	-0.062332	0.815722	0.037053	0.181696	-0.111539
	0.000000	1.000000	0.000000	0.000000	0.000000	-0.102399	-0.123935	-0.073072	0.145224	0.194828
	0.000000	1.000000	0.000000	0.000000	0.000000	-0.117384	0.646246	-0.037103	-0.071170	-0.119255
	0.000000	1.000000	0.000000	0.000000	0.000000	-0.124301	-0.085397	-0.115357	0.114104	0.889565
	0.000000	1.000000	0.000000	0.000000	0.000000	-0.088579	-0.084881	0.065512	-0.122223	0.137213
	0.000000	1.000000	0.000000	0.000000	0.000000	-0.069764	0.707214	0.255511	-0.052836	1.124943
	0.000000	1.000000	0.000000	0.000000	0.000000	0.187013	0.019886	0.137082	-0.105688	0.001889
	0.000000	1.000000	0.000000	0.000000	0.000000	0.248670	0.078860	0.119413	-0.044321	0.158595
	0.000000	1.000000	0.000000	0.000000	0.000000	0.064567	-0.053265	0.248371	-0.028851	1.103788
	0.000000	1.000000	0.000000	0.000000	0.000000	0.045080	0.783996	-0.086903	-0.066876	0.033492
	0.000000	1.000000	0.000000	0.000000	0.000000	-0.028528	0.017042	0.832662	-0.073096	0.171863
	0.000000	1.000000	0.000000	0.000000	0.000000	0.130011	1.066004	0.166797	-0.078655	0.802930
	0.000000	1.000000	0.000000	0.000000	0.000000	0.314656	1.123200	-0.121398	0.071191	0.545894
	0.000000	1.000000	0.000000	0.000000	0.000000	-0.052752	0.887105	0.550682	-0.092037	0.052373
	0.000000	1.000000	0.000000	0.000000	0.000000	0.852036	0.793310	0.262783	-0.113905	-0.070853
	0.000000	1.000000	0.000000	0.000000	0.000000	-0.117993	0.596444	0.069437	-0.096890	0.564596
	0.000000	1.000000	0.000000	0.000000	0.000000	-0.098674	0.098521	0.017401	-0.110700	1.098093
	0.000000	1.000000	0.000000	0.000000	0.000000	0.265997	0.575252	-0.072543	-0.044675	0.630144
	0.000000	0.000000	1.000000	0.000000	0.000000	-0.123750	-0.088031	0.064377	-0.124583	0.634412
	0.000000	0.000000	1.000000	0.000000	0.000000	-0.123928	1.124644	-0.108524	0.104819	1.079538
	0.000000	0.000000	1.000000	0.000000	0.000000	0.111399	0.690886	0.534647	-0.099362	-0.077048
	0.000000	0.000000	1.000000	0.000000	0.000000	-0.116513	0.985417	-0.101476	-0.025746	0.550350
	0.000000	0.000000	1.000000	0.000000	0.000000	0.809200	0.758129	-0.121264	-0.124804	-0.007339
	0.000000	0.000000	1.000000	0.000000	0.000000	0.656845	0.539243	-0.099241	-0.066132	0.982670
	0.000000	0.000000	1.000000	0.000000	0.000000	-0.069541	-0.095382	-0.068719	-0.000281	-0.050161
	0.000000	0.000000	1.000000	0.000000	0.000000	0.630638	1.115489	0.560564	-0.117008	0.652467
	0.000000	0.000000	1.000000	0.000000	0.000000	0.546132	1.124991	0.457295	-0.069655	0.775495
	0.000000	0.000000	1.000000	0.000000	0.000000	0.534904	0.818615	-0.113974	-0.052098	0.982890
	0.000000	0.000000	1.000000	0.000000	0.000000	0.658363	0.222527	0.158003	-0.070778	1.000756
	0.000000	0.000000	1.000000	0.000000	0.000000	0.665347	0.550045	-0.008246	-0.061107	0.799538
	0.000000	0.000000	1.000000	0.000000	0.000000	-0.049532	1.035811	-0.112071	-0.072934	0.388442
	0.000000	0.000000	0.000000	1.000000	0.000000	0.414054	0.979038	0.169646	-0.106917	-0.035395
	0.000000	0.000000	0.000000	1.000000	0.000000	-0.064738	-0.008877	0.250946	0.002005	1.069976
	0.000000	0.000000	0.000000	1.000000	0.000000	0.489171	0.835188	-0.123844	-0.047448	0.761737
	0.000000	0.000000	0.000000	1.000000	0.000000	-0.108573	0.139783	0.059774	-0.075347	-0.107328
	0.000000	0.000000	0.000000	1.000000	0.000000	0.168128	-0.062309	-0.108239	0.323307	0.692037
	0.000000	0.000000	0.000000	1.000000	0.000000	-0.033027	1.113531	-0.124364	-0.073528	0.512300
	0.000000	0.000000	0.000000	1.000000	0.000000	0.237439	0.187838	-0.113420	-0.124252	0.757757
	0.000000	0.000000	0.000000	1.000000	0.000000	0.043241	0.671430	-0.066769	-0.119392	0.207362
	0.000000	0.000000	0.000000	1.000000	0.000000	-0.095103	1.052203	0.093082	-0.123859	0.680578
	0.000000	0.000000	0.000000	1.000000	0.000000	0.095812	1.118334	-0.121683	-0.095220	0.796300
	0.000000	0.000000	0.000000	1.000000	0.000000	0.023761	0.211183	-0.108475	-0.095936	-0.120359
	0.000000	0.000000	0.000000	1.000000	0.000000	0.031739	1.124270	-0.120027	-0.119069	0.825874
	0.000000	0.000000	0.000000	1.000000	0.000000	-0.069387	-0.124600	-0.031436	-0.042375	0.616245
	0.000000	0.000000	0.000000	1.000000	0.000000	0.400007	-0.074630	-0.120905	-0.008363	1.114183
	0.000000	0.000000	0.000000	1.000000	0.000000	-0.102606	0.300716	0.039057	0.195069	1.001744
	0.000000	0.000000	0.000000	1.000000	0.000000	0.495359	0.412817	-0.065713	-0.124496	0.277271
	0.000000	0.000000	0.000000	0.000000	1.000000	-0.090739	0.458565	-0.117024	-0.125000	0.544290
	0.000000	0.000000	0.000000	0.000000	1.000000	0.049291	0.554549	-0.121819	0.198081	-0.104794
	0.000000	0.000000	0.000000	0.000000	1.000000	-0.116865	1.115421	-0.124945	0.142519	0.954551
	0.000000	0.000000	0.000000	0.000000	1.000000	-0.092173	0.977941	0.135938	-0.116905	0.361779
	0.000000	0.000000	0.000000	0.000000	1.000000	-0.019498	-0.083149	-0.089631	-0.028720	1.124969
	0.000000	0.000000	0.000000	0.000000	1.000000	0.638347	0.931631	0.029584	-0.114289	0.282556
	0.000000	0.000000	0.000000	0.000000	1.000000	-0.114512	0.960937	0.519774	-0.123556	1.050794
	0.000000	0.000000	0.000000	0.000000	1.000000	-0.077284	-0.124719	0.000492	0.144176	0.941235
	0.000000	0.000000	0.000000	0.000000	1.000000	-0.038475	-0.123200	-0.119576	-0.118504	-0.089554
	0.000000	0.000000	0.000000	0.000000	1.000000	1.040645	1.080864	-0.123419	-0.073996	0.974198
	0.000000	0.000000	0.000000	0.000000	1.000000	-0.101807	0.978908	0.030413	0.012599	-0.124930
	0.000000	0.000000	0.000000	0.000000	1.000000	-0.054050	-0.086500	0.365187	-0.093887	0.815643
	0.000000	0.000000	0.000000	0.000000	1.000000	0.217078	0.596568	0.135368	-0.002958	0.162831
	0.000000	0.000000	0.000000	0.000000	1.000000	-0.056683	1.115009	0.135889	-0.036046	1.124497
	0.000000	0.000000	0.000000	0.000000	1.000000	-0.063524	-0.124556	-0.016573	0.015233	1.030658
	0.000000	0.000000	0.000000	0.000000	1.000000	0.396033	-0.105294	0.045411	-0.097467	1.124230
	0.000000	0.000000	0.000000	0.000000	1.000000	-0.111479	0.283357	-0.070674	0.121284	0.078785
	0.000000	0.000000	0.000000	0.000000	1.000000	-0.124726	0.749803	0.013408	-0.086847	0.049385
	0.000000	0.000000	0.000000	0.000000	1.000000	-0.002445	0.258191	0.058685	-0.037011	0.175720
	0.000000	0.000000	0.000000	0.000000	1.000000	0.879884	-0.077828	0.245653	-0.124193	1.041606
	0.000000	0.000000	0.000000	0.000000	1.000000	-0.100850	0.232583	-0.095088	-0.063836	-0.029139
	0.000000	0.000000	0.000000	0.000000	1.000000	-0.120452	-0.059621	0.186539	-0.054747	0.688140
	0.000000	0.000000	0.000000	0.000000	1.000000	0.060064	0.415951	1.062603	-0.048204	0.704382
	0.000000	0.000000	0.000000	0.000000	1.000000	0.044552	0.654545	-0.124062	-0.051334	0.108639
	0.000000	0.000000	0.000000	0.000000	1.000000	-0.023452	0.217143	-0.084871	0.050175	1.037890
	0.000000	0.000000	0.000000	0.000000	1.000000	-0.124599	0.419499	-0.093029	0.064004	-0.020699
	0.000000	0.000000	0.000000	0.000000	1.000000	-0.124038	-0.118501	-0.059506	0.256562	0.602503
	0.000000	0.000000	0.000000	0.000000	1.000000	-0.027158	1.106614	-0.119576	0.082313	0.180094
	0.000000	0.000000	0.000000	0.000000	1.000000	0.014324	0.685620	0.074325	-0.058299	0.987085
	0.000000	0.000000	0.000000	0.000000	1.000000	-0.124565	1.078228	0.417967	-0.076666	0.110072
	0.000000	0.000000	0.000000	0.000000	1.000000	-0.101819	0.449403	-0.114202	-0.057488	-0.023511
	0.000000	0.000000	0.000000	0.000000	1.000000	0.258833	1.059412	-0.106021	-0.122624	0.816996
	0.000000	0.000000	0.000000	0.000000	1.000000	-0.038288	-0.004874	-0.113064	0.138642	0.339376
	0.000000	0.000000	0.000000	0.000000	1.000000	-0.029466	0.914141	-0.114802	-0.124755	1.120551
	0.000000	0.000000	0.000000	0.000000	1.000000	0.532053	0.655523	0.083499	-0.028609	-0.119063
	0.000000	0.000000	0.000000	0.000000	1.000000	-0.089811	0.529123	0.136276	-0.028965	1.037337
	0.000000	0.000000	0.000000	0.000000	1.000000	0.137533	0.008192	-0.093639	0.086984	0.924417
	0.000000	0.000000	0.000000	0.000000	1.000000	-0.111026	-0.096303	-0.115699	0.023006	1.000853
	0.000000	0.000000	0.000000	0.000000	1.000000	-0.106646	-0.096150	-0.109007	-0.076313	-0.119603
	0.000000	0.000000	0.000000	0.000000	1.000000	-0.098957	1.085373	-0.059817	-0.040275	-0.103604
	0.000000	0.000000	0.000000	0.000000	1.000000	-0.089975	0.666800	-0.024582	0.006947	1.065862
	0.000000	0.000000	0.000000	0.000000	1.000000	0.190418	1.124876	-0.034514	-0.001099	0.176054
	0.000000	0.000000	0.000000	0.000000	1.000000	0.089898	1.064786	0.037379	-0.120694	1.123742
	0.000000	0.000000	0.000000	0.000000	1.000000	0.033481	0.629246	0.231073	-0.100749	0.007860
	0.000000	0.000000	0.000000	0.000000	1.000000	0.451979	0.793361	0.456400	0.196425	0.421960
	0.000000	0.000000	0.000000	0.000000	1.000000	-0.006093	1.087653	-0.086972	0.018837	0.884891
	0.000000	0.000000	0.000000	0.000000	1.000000	0.824621	0.075605	-0.095399	-0.019558	0.862987
	0.000000	0.000000	0.000000	0.000000	1.000000	-0.056143	0.212709	-0.091587	0.272342	0.774714
	0.000000	0.000000	0.000000	0.000000	1.000000	-0.012252	0.232076	-0.124535	0.015978	0.321875
	0.000000	0.000000	0.000000	0.000000	1.000000	-0.039675	1.042840	0.176109	-0.124728	0.416890
	0.000000	0.000000	0.000000	0.000000	1.000000	0.156327	0.057582	-0.122799	0.274302	-0.089166
	0.000000	0.000000	0.000000	0.000000	1.000000	0.207411	0.855416	0.109072	-0.095450	0.478632
	0.000000	0.000000	0.000000	0.000000	1.000000	-0.109154	0.488114	0.406924	-0.037686	0.968374
	0.000000	0.000000	0.000000	0.000000	1.000000	1.032366	0.810892	-0.120489	-0.074582	0.071092
	0.000000	0.000000	0.000000	0.000000	1.000000	-0.123092	0.404214	-0.123642	-0.112700	0.516877
	0.000000	0.000000	0.000000	0.000000	1.000000	0.387036	1.058667	-0.064078	-0.122661	0.416619
	0.000000	0.000000	0.000000	0.000000	1.000000	-0.118488	1.079872	0.245549	-0.053958	1.109756
	0.000000	0.000000	0.000000	0.000000	1.000000	0.227672	0.480449	0.318628	-0.099812	0.899932
	0.000000	0.000000	0.000000	0.000000	1.000000	-0.074878	0.035556	0.084991	-0.111174	-0.115426
	0.000000	0.000000	0.000000	0.000000	1.000000	-0.099346	-0.024604	0.157000	-0.008629	1.033148
	0.000000	0.000000	0.000000	0.000000	1.000000	-0.092754	0.080329	-0.119890	-0.021062	0.972651
	0.000000	0.000000	0.000000	0.000000	1.000000	0.023388	-0.124482	0.192668	0.128562	0.010588
	0.000000	0.000000	0.000000	0.000000	1.000000	-0.105667	0.813023	0.528536	-0.114721	1.012833
	0.000000	0.000000	0.000000	0.000000	1.000000	0.356264	1.124114	-0.071122	-0.112091	1.015263
	0.000000	0.000000	0.000000	0.000000	1.000000	0.074132	0.292546	0.185870	-0.049076	-0.070536
	1.000000	0.000000	0.000000	0.000000	0.000000	-0.052652	0.626627	-0.094822	-0.122583	1.096792
	1.000000	0.000000	0.000000	0.000000	0.000000	0.613519	0.794952	-0.081570	0.017978	0.134119
	1.000000	0.000000	0.000000	0.000000	0.000000	-0.110619	0.967179	-0.122007	-0.002987	0.789501
	1.000000	0.000000	0.000000	0.000000	0.000000	-0.120939	-0.123230	0.582726	0.022899	1.124995
	1.000000	0.000000	0.000000	0.000000	0.000000	-0.115143	0.143062	-0.059982	0.451248	0.455947
	1.000000	0.000000	0.000000	0.000000	0.000000	-0.015860	0.652231	0.062019	-0.090253	0.712922
	1.000000	0.000000	0.000000	0.000000	0.000000	-0.099189	1.074427	-0.120478	-0.124937	0.233331
	1.000000	0.000000	0.000000	0.000000	0.000000	-0.118174	0.780059	-0.060755	-0.106718	0.272842
	1.000000	0.000000	0.000000	0.000000	0.000000	0.218678	1.059461	-0.097041	0.197838	0.385350
	1.000000	0.000000	0.000000	0.000000	0.000000	-0.033782	1.111966	-0.030708	-0.073726	0.091093
	1.000000	0.000000	0.000000	0.000000	0.000000	-0.120133	0.347773	-0.083809	-0.124900	1.042434
	1.000000	0.000000	0.000000	0.000000	0.000000	0.053003	0.662490	-0.050853	-0.119562	0.505874
	1.000000	0.000000	0.000000	0.000000	0.000000	0.503868	-0.096880	0.121197	-0.110905	0.056743
	1.000000	0.000000	0.000000	0.000000	0.000000	-0.116829	-0.120358	0.197115	-0.117536	0.071671
	1.000000	0.000000	0.000000	0.000000	0.000000	0.313051	0.417321	-0.110402	-0.124142	0.996764
	1.000000	0.000000	0.000000	0.000000	0.000000	-0.037733	1.061836	0.655154	0.197977	-0.095497
	0.000000	1.000000	0.000000	0.000000	0.000000	0.415426	0.849967	-0.083812	-0.120676	1.124581
	0.000000	1.000000	0.000000	0.000000	0.000000	0.038992	0.118416	-0.071831	-0.124974	0.148688
	0.000000	1.000000	0.000000	0.000000	0.000000	0.811647	1.123101	-0.099415	-0.013417	1.070882
	0.000000	1.000000	0.000000	0.000000	0.000000	0.407303	0.058987	0.061788	0.300540	-0.007299
	0.000000	1.000000	0.000000	0.000000	0.000000	0.007016	0.118079	-0.111573	-0.027754	-0.108766
	0.000000	1.000000	0.000000	0.000000	0.000000	0.046492	0.626540	-0.122650	-0.124462	0.594663
	0.000000	1.000000	0.000000	0.000000	0.000000	0.353522	-0.107807	0.429220	-0.047494	0.404953
	0.000000	1.000000	0.000000	0.000000	0.000000	-0.069656	0.459795	-0.124495	0.149626	1.003483
	0.000000	1.000000	0.000000	0.000000	0.000000	-0.047335	0.309319	-0.070655	-0.091906	0.865851
	0.000000	1.000000	0.000000	0.000000	0.000000	0.197480	0.225153	0.021935	-0.123955	1.123696
	0.000000	1.000000	0.000000	0.000000	0.000000	-0.122215	-0.118906	0.862036	-0.020115	0.941095
	0.000000	1.000000	0.000000	0.000000	0.000000	0.055639	-0.014581	0.260597	0.269872	0.649601
	0.000000	1.000000	0.000000	0.000000	0.000000	0.086736	0.405602	-0.005526	-0.122811	1.098472
	0.000000	1.000000	0.000000	0.000000	0.000000	0.477008	0.425579	0.102804	-0.121133	-0.049626
	0.000000	1.000000	0.000000	0.000000	0.000000	-0.123482	0.974268	0.099662	0.169394	-0.124676
	0.000000	1.000000	0.000000	0.000000	0.000000	-0.008490	0.090142	-0.102206	-0.113980	1.096754
	0.000000	1.000000	0.000000	0.000000	0.000000	0.276347	0.561838	-0.082715	-0.119946	1.089482
	0.000000	1.000000	0.000000	0.000000	0.000000	-0.120163	0.444609	-0.120701	-0.056098	0.656234
	0.000000	1.000000	0.000000	0.000000	0.000000	0.035637	0.525458	-0.123350	-0.064787	-0.017639
	0.000000	1.000000	0.000000	0.000000	0.000000	-0.087014	-0.100509	0.040860	-0.066517	-0.100839
	0.000000	1.000000	0.000000	0.000000	0.000000	0.632038	-0.124705	-0.089398	-0.118122	1.011523
	0.000000	1.000000	0.000000	0.000000	0.000000	0.026677	1.113950	-0.060632	0.253186	0.982275
	0.000000	1.000000	0.000000	0.000000	0.000000	-0.122984	0.660601	0.105980	0.057559	0.715905
	0.000000	1.000000	0.000000	0.000000	0.000000	-0.016696	1.104983	-0.053127	-0.054399	0.024671
	0.000000	1.000000	0.000000	0.000000	0.000000	0.021840	-0.123788	0.187119	0.391822	-0.120044
	0.000000	1.000000	0.000000	0.000000	0.000000	0.218491	1.040343	-0.116168	-0.080056	1.124981
	0.000000	1.000000	0.000000	0.000000	0.000000	-0.119451	1.087942	-0.092525	0.243559	0.464454
	0.000000	1.000000	0.000000	0.000000	0.000000	-0.119509	1.010352	-0.083436	-0.124972	1.070917
	0.000000	1.000000	0.000000	0.000000	0.000000	0.377406	0.197115	-0.062064	-0.075248	0.423183
	0.000000	1.000000	0.000000	0.000000	0.000000	0.284114	0.247176	-0.043186	-0.102405	0.376607
	0.000000	1.000000	0.000000	0.000000	0.000000	-0.057318	0.132591	0.043902	-0.122040	1.124328
	0.000000	1.000000	0.000000	0.000000	0.000000	0.092819	-0.086073	0.780096	-0.111845	0.217163
	0.000000	1.000000	0.000000	0.000000	0.000000	-0.121707	1.064574	-0.076345	0.026847	0.978311
	0.000000	1.000000	0.000000	0.000000	0.000000	0.368789	0.866378	0.125938	-0.108944	0.025678
	0.000000	1.000000	0.000000	0.000000	0.000000	0.278227	0.368398	-0.084095	-0.089034	0.180574
	0.000000	0.000000	1.000000	0.000000	0.000000	0.072499	1.114362	0.057893	-0.111114	0.707641
	0.000000	0.000000	1.000000	0.000000	0.000000	0.617336	0.279839	-0.111194	-0.118680	0.791725
	0.000000	0.000000	1.000000	0.000000	0.000000	-0.101625	1.111057	0.294789	-0.037863	0.638805
	0.000000	0.000000	1.000000	0.000000	0.000000	-0.080856	0.860123	0.113832	-0.074703	0.637433
	0.000000	0.000000	1.000000	0.000000	0.000000	-0.000350	1.038415	0.145175	0.021870	0.018976
	0.000000	0.000000	1.000000	0.000000	0.000000	-0.108493	0.405195	0.225902	0.164835	1.044858
	0.000000	0.000000	1.000000	0.000000	0.000000	0.259714	0.445346	-0.123340	0.010008	-0.118056
	0.000000	0.000000	1.000000	0.000000	0.000000	-0.094570	0.515457	0.235737	-0.072625	-0.098372
	0.000000	0.000000	1.000000	0.000000	0.000000	-0.051231	0.046923	0.035814	-0.094403	0.949011
	0.000000	0.000000	1.000000	0.000000	0.000000	-0.122193	-0.005161	0.229931	-0.096161	1.028073
	0.000000	0.000000	1.000000	0.000000	0.000000	0.035882	1.121311	-0.124994	-0.124086	1.112117
	0.000000	0.000000	1.000000	0.000000	0.000000	-0.041354	0.138389	-0.117280	0.366924	1.008686
	0.000000	0.000000	1.000000	0.000000	0.000000	-0.025397	0.039135	-0.038284	0.135533	0.758939
	0.000000	0.000000	1.000000	0.000000	0.000000	0.527322	0.712628	-0.105579	-0.065483	0.248210
	0.000000	0.000000	1.000000	0.000000	0.000000	-0.022457	-0.117376	-0.121117	-0.117446	-0.122507
	0.000000	0.000000	1.000000	0.000000	0.000000	-0.052681	0.150044	0.145684	-0.120380	1.064620
	0.000000	0.000000	0.000000	1.000000	0.000000	0.006053	0.246148	-0.123173	-0.041001	0.053737
	0.000000	0.000000	0.000000	1.000000	0.000000	0.736318	0.258324	0.550052	-0.017069	0.269171
	0.000000	0.000000	0.000000	1.000000	0.000000	0.420530	-0.094909	-0.102441	0.024428	0.841901
	0.000000	0.000000	0.000000	1.000000	0.000000	0.307706	0.457370	-0.076436	-0.078727	-0.027564
	0.000000	0.000000	0.000000	1.000000	0.000000	-0.069536	1.071564	-0.045968	0.026654	0.467785
	0.000000	0.000000	0.000000	1.000000	0.000000	-0.086018	1.098127	0.020552	-0.112075	0.777749
	0.000000	0.000000	0.000000	1.000000	0.000000	0.402669	-0.120084	0.051800	0.051391	0.290739
	0.000000	0.000000	0.000000	1.000000	0.000000	0.062969	0.162877	0.330702	-0.122377	0.033463
	0.000000	0.000000	0.000000	1.000000	0.000000	-0.008257	0.584664	-0.082769	0.317270	1.096296
	0.000000	0.000000	0.000000	1.000000	0.000000	0.155644	-0.029962	0.050536	-0.009361	0.947062
	0.000000	0.000000	0.000000	1.000000	0.000000	-0.050192	-0.042618	0.897880	-0.111848	-0.107370
	0.000000	0.000000	0.000000	1.000000	0.000000	-0.025595	0.533300	-0.062191	-0.108472	1.106454
	0.000000	0.000000	0.000000	1.000000	0.000000	-0.123688	0.333438	-0.119097	-0.095296	0.356514
	0.000000	0.000000	0.000000	1.000000	0.000000	-0.090658	1.112183	-0.076030	-0.080916	0.759895
	0.000000	0.000000	0.000000	1.000000	0.000000	0.128321	-0.124266	-0.124955	-0.098038	-0.095421
	0.000000	0.000000	0.000000	0.000000	1.000000	0.058761	-0.122613	0.436807	-0.119904	0.140297
	0.000000	0.000000	0.000000	0.000000	1.000000	0.423229	-0.118145	-0.066412	0.527728	0.015608
	0.000000	0.000000	0.000000	0.000000	1.000000	0.090437	0.442844	0.514112	-0.119459	1.046939
	0.000000	0.000000	0.000000	0.000000	1.000000	0.570146	1.104963	-0.124895	-0.103988	0.614094
	0.000000	0.000000	0.000000	0.000000	1.000000	0.185633	0.182082	-0.125000	-0.123235	-0.089881
	0.000000	0.000000	0.000000	0.000000	1.000000	-0.122823	0.012186	-0.124974	0.074522	1.052099
	0.000000	0.000000	0.000000	0.000000	1.000000	0.776701	-0.124951	0.270651	-0.117278	1.026549
	0.000000	0.000000	0.000000	0.000000	1.000000	-0.119039	-0.124841	-0.013536	0.515723	0.717928
	0.000000	0.000000	0.000000	0.000000	1.000000	-0.001933	-0.124884	0.054148	0.157230	0.537758
	0.000000	0.000000	0.000000	0.000000	1.000000	0.900461	1.123705	0.138344	-0.104222	0.276065
	0.000000	0.000000	0.000000	0.000000	1.000000	0.083109	1.116105	0.148007	-0.083862	0.451407
	0.000000	0.000000	0.000000	0.000000	1.000000	-0.091317	0.676050	-0.112691	0.193751	0.149879
	0.000000	0.000000	0.000000	0.000000	1.000000	0.510536	0.077851	-0.103413	0.178911	-0.089251
	0.000000	0.000000	0.000000	0.000000	1.000000	-0.051258	0.905455	-0.036867	-0.032184	0.051870
	0.000000	0.000000	0.000000	0.000000	1.000000	0.081491	0.460372	-0.110415	-0.081854	1.046749
	0.000000	0.000000	0.000000	0.000000	1.000000	0.060001	0.968073	-0.036337	-0.094692	0.301573
	0.000000	0.000000	0.000000	0.000000	1.000000	-0.112052	-0.102667	-0.105429	-0.097753	0.332119
	0.000000	0.000000	0.000000	0.000000	1.000000	0.021890	0.610827	0.279267	-0.119594	-0.100912
	0.000000	0.000000	0.000000	0.000000	1.000000	0.337454	1.124766	-0.091734	0.196325	0.117686
	0.000000	0.000000	0.000000	0.000000	1.000000	0.070370	0.252937	-0.121877	-0.124571	0.200678
	0.000000	0.000000	0.000000	0.000000	1.000000	1.088161	-0.068205	-0.121368	-0.123330	1.099834
	0.000000	0.000000	0.000000	0.000000	1.000000	0.077097	0.442153	-0.082837	-0.098429	0.232368
	0.000000	0.000000	0.000000	0.000000	1.000000	0.006202	-0.075961	0.022087	-0.123286	0.700570
	0.000000	0.000000	0.000000	0.000000	1.000000	0.181771	0.306063	-0.111698	-0.121352	0.305526
	0.000000	0.000000	0.000000	0.000000	1.000000	-0.040137	-0.078579	0.326356	0.051190	-0.109254
	0.000000	0.000000	0.000000	0.000000	1.000000	0.044936	-0.092657	0.445407	-0.124757	0.998848
	0.000000	0.000000	0.000000	0.000000	1.000000	0.205987	0.197396	0.063629	-0.056193	0.977060
	0.000000	0.000000	0.000000	0.000000	1.000000	0.382826	1.044326	-0.118949	-0.102763	0.191676
	0.000000	0.000000	0.000000	0.000000	1.000000	0.416295	1.005458	-0.032370	-0.118139	1.100364
	0.000000	0.000000	0.000000	0.000000	1.000000	0.007672	-0.124688	0.088490	0.237868	0.303352
	0.000000	0.000000	0.000000	0.000000	1.000000	-0.120915	0.002715	-0.109132	-0.121419	0.068437
	0.000000	0.000000	0.000000	0.000000	1.000000	0.028359	-0.040859	-0.124917	-0.123030	0.582523
	0.000000	0.000000	0.000000	0.000000	1.000000	0.207953	-0.029494	-0.118184	-0.123500	1.028563
	0.000000	0.000000	0.000000	0.000000	1.000000	-0.042841	0.667965	0.682276	-0.119075	0.255710
	0.000000	0.000000	0.000000	0.000000	1.000000	0.269929	1.123585	0.255267	-0.106254	-0.005503
	0.000000	0.000000	0.000000	0.000000	1.000000	-0.120580	0.703224	0.097341	-0.033904	-0.082011
	0.000000	0.000000	0.000000	0.000000	1.000000	-0.087100	-0.115008	0.315687	-0.006889	0.723398
	0.000000	0.000000	0.000000	0.000000	1.000000	-0.077093	1.024271	-0.091906	0.193044	0.017246
	0.000000	0.000000	0.000000	0.000000	1.000000	-0.032736	0.529144	-0.118209	-0.121511	0.644517
	0.000000	0.000000	0.000000	0.000000	1.000000	0.025710	0.087041	0.874776	-0.123785	1.097527
	0.000000	0.000000	0.000000	0.000000	1.000000	-0.066834	0.314589	-0.095700	-0.022849	0.609772
	0.000000	0.000000	0.000000	0.000000	1.000000	-0.093861	1.080072	-0.030994	-0.067533	0.864827
	0.000000	0.000000	0.000000	0.000000	1.000000	0.166428	0.199274	0.013289	0.044062	0.654367
	0.000000	0.000000	0.000000	0.000000	1.000000	0.007428	0.362375	0.518342	0.073429	-0.086935
	0.000000	0.000000	0.000000	0.000000	1.000000	0.328737	0.331500	-0.058082	-0.122625	0.977580
	0.000000	0.000000	0.000000	0.000000	1.000000	-0.118013	0.032466	0.348652	0.110459	1.114286
	0.000000	0.000000	0.000000	0.000000	1.000000	-0.123392	1.002547	-0.122883	0.128268	0.349074
	0.000000	0.000000	0.000000	0.000000	1.000000	0.296745	0.436231	0.010707	0.021665	0.460412
	0.000000	0.000000	0.000000	0.000000	1.000000	-0.116343	1.013895	0.308946	0.083528	0.380361
	0.000000	0.000000	0.000000	0.000000	1.000000	0.240814	0.642388	-0.103762	0.044219	0.803213
	0.000000	0.000000	0.000000	0.000000	1.000000	0.170699	0.204804	-0.120291	-0.076445	0.959576
	0.000000	0.000000	0.000000	0.000000	1.000000	-0.092513	0.958683	0.142627	-0.104238	0.661010
	0.000000	0.000000	0.000000	0.000000	1.000000	0.414387	-0.052747	-0.055225	-0.093746	0.767370
	0.000000	0.000000	0.000000	0.000000	1.000000	0.392073	0.872779	-0.115650	0.019127	1.093652
	0.000000	0.000000	0.000000	0.000000	1.000000	0.501775	1.013769	-0.047091	-0.049338	0.255313
	0.000000	0.000000	0.000000	0.000000	1.000000	0.203010	-0.120855	-0.118185	-0.041366	0.741727
	0.000000	0.000000	0.000000	0.000000	1.000000	0.034839	0.172938	-0.006131	-0.088052	0.627367
	0.000000	0.000000	0.000000	0.000000	1.000000	0.067147	0.331037	0.017171	-0.113585	0.603287
	0.000000	0.000000	0.000000	0.000000	1.000000	-0.060830	0.134191	-0.065121	-0.123845	0.179822
	0.000000	0.000000	0.000000	0.000000	1.000000	-0.120925	1.029639	0.221595	-0.124775	1.004391
	0.000000	0.000000	0.000000	0.000000	1.000000	0.727364	0.271481	-0.075627	-0.061876	0.054613
