	1.000000	0.000000	0.000000	0.000000	0.000000	-0.124586	-0.116016	-0.027676	-0.095989	0.002975
	1.000000	0.000000	0.000000	0.000000	0.000000	0.229277	1.026507	0.105534	0.108714	-0.101166
	1.000000	0.000000	0.000000	0.000000	0.000000	-0.039608	0.998087	0.052349	0.299229	0.218874
	1.000000	0.000000	0.000000	0.000000	0.000000	-0.117029	0.913517	-0.100435	-0.084317	0.998912
	1.000000	0.000000	0.000000	0.000000	0.000000	-0.122252	1.087693	-0.013482	0.342339	0.807141
	1.000000	0.000000	0.000000	0.000000	0.000000	-0.123637	0.542368	-0.103031	-0.114829	-0.124634
	1.000000	0.000000	0.000000	0.000000	0.000000	-0.053665	1.103589	0.155448	0.081032	0.245737
	1.000000	0.000000	0.000000	0.000000	0.000000	-0.095728	0.329688	-0.123582	-0.052397	-0.028188
	1.000000	0.000000	0.000000	0.000000	0.000000	-0.105604	-0.053026	-0.053938	-0.071029	0.048828
	1.000000	0.000000	0.000000	0.000000	0.000000	-0.116394	0.002049	0.048033	0.039935	0.079091
	1.000000	0.000000	0.000000	0.000000	0.000000	-0.075350	-0.003174	0.067752	0.012094	0.765796
	1.000000	0.000000	0.000000	0.000000	0.000000	-0.040960	0.803302	0.296171	-0.120739	0.020611
	1.000000	0.000000	0.000000	0.000000	0.000000	-0.097497	1.123246	-0.101575	-0.100838	0.064462
	1.000000	0.000000	0.000000	0.000000	0.000000	-0.124987	0.593280	0.183441	0.073105	-0.120617
	0.000000	1.000000	0.000000	0.000000	0.000000	-0.115442	-0.004999	-0.033198	-0.089564	1.113932
	0.000000	1.000000	0.000000	0.000000	0.000000	-0.124302	0.249834	0.242028	-0.033710	-0.122379
	0.000000	1.000000	0.000000	0.000000	0.000000	-0.069370	-0.073879	-0.103747	-0.078458	1.038900
	0.000000	1.000000	0.000000	0.000000	0.000000	-0.120912	1.031745	-0.099038	-0.034817	0.048838
	0.000000	1.000000	0.000000	0.000000	0.000000	-0.105175	1.052920	-0.119402	0.019699	0.500654
	0.000000	1.000000	0.000000	0.000000	0.000000	-0.112312	0.035713	-0.114813	0.308435	0.168380
	0.000000	1.000000	0.000000	0.000000	0.000000	-0.084336	1.073424	-0.054274	0.089348	0.068431
	0.000000	1.000000	0.000000	0.000000	0.000000	-0.121758	0.407697	-0.048959	-0.081461	0.768931
	0.000000	1.000000	0.000000	0.000000	0.000000	-0.120535	1.078444	0.147469	-0.024843	0.183380
	0.000000	1.000000	0.000000	0.000000	0.000000	-0.122087	0.108329	0.112740	0.472513	0.373273
	0.000000	1.000000	0.000000	0.000000	0.000000	-0.102481	0.533682	0.274308	0.125204	-0.087425
	0.000000	1.000000	0.000000	0.000000	0.000000	-0.091459	0.998846	0.217895	-0.093499	0.402846
	0.000000	1.000000	0.000000	0.000000	0.000000	0.052350	0.059530	0.845361	-0.096041	1.093867
	0.000000	1.000000	0.000000	0.000000	0.000000	-0.122050	1.053451	0.367912	-0.089618	0.044236
	0.000000	1.000000	0.000000	0.000000	0.000000	-0.124610	0.005789	0.203745	0.063427	-0.095749
	0.000000	1.000000	0.000000	0.000000	0.000000	0.037744	0.508808	-0.124700	-0.111136	0.793886
	0.000000	1.000000	0.000000	0.000000	0.000000	-0.115885	-0.017062	0.209395	-0.048355	0.123272
	0.000000	1.000000	0.000000	0.000000	0.000000	-0.124988	0.630442	-0.119876	0.008405	1.002067
	0.000000	1.000000	0.000000	0.000000	0.000000	-0.012233	0.554579	-0.017013	-0.100059	0.019002
	0.000000	1.000000	0.000000	0.000000	0.000000	-0.122678	0.016233	0.157438	-0.092306	1.106483
	0.000000	1.000000	0.000000	0.000000	0.000000	-0.070979	1.124900	-0.119013	0.222867	0.394793
	0.000000	1.000000	0.000000	0.000000	0.000000	-0.081062	1.043361	-0.081506	0.157299	1.119440
	0.000000	1.000000	0.000000	0.000000	0.000000	-0.049462	0.313595	-0.118622	-0.123453	0.984556
	0.000000	1.000000	0.000000	0.000000	0.000000	0.002425	-0.066107	0.271493	-0.071656	-0.108172
	0.000000	1.000000	0.000000	0.000000	0.000000	-0.073727	1.077567	-0.113170	-0.103094	0.410695
	0.000000	1.000000	0.000000	0.000000	0.000000	-0.120462	0.467529	-0.084303	0.314187	-0.119857
	0.000000	1.000000	0.000000	0.000000	0.000000	-0.099185	-0.046314	0.541062	-0.033752	-0.005143
	0.000000	1.000000	0.000000	0.000000	0.000000	-0.116267	-0.040565	0.180765	-0.119087	0.704034
	0.000000	1.000000	0.000000	0.000000	0.000000	-0.089214	0.869310	-0.123820	0.249382	0.212348
	0.000000	1.000000	0.000000	0.000000	0.000000	0.034714	0.761446	0.020768	-0.034191	1.065385
	0.000000	1.000000	0.000000	0.000000	0.000000	-0.124996	0.615360	-0.123217	0.142376	1.113876
	0.000000	1.000000	0.000000	0.000000	0.000000	0.178626	0.576045	0.071970	-0.043856	0.159973
	0.000000	1.000000	0.000000	0.000000	0.000000	-0.006360	0.550378	-0.048518	-0.058468	1.122805
	0.000000	1.000000	0.000000	0.000000	0.000000	-0.124931	1.049511	-0.074316	-0.124883	1.109376
	0.000000	1.000000	0.000000	0.000000	0.000000	-0.117529	0.916250	0.149979	-0.124871	1.116532
	0.000000	1.000000	0.000000	0.000000	0.000000	-0.085316	1.123852	0.099407	-0.005029	1.123247
	0.000000	1.000000	0.000000	0.000000	0.000000	-0.055246	0.695009	-0.121271	-0.067148	0.910357
	0.000000	1.000000	0.000000	0.000000	0.000000	-0.061752	0.234430	-0.116846	0.266307	1.030370
	0.000000	1.000000	0.000000	0.000000	0.000000	-0.042362	0.165586	0.242041	-0.044555	0.418321
	0.000000	0.000000	1.000000	0.000000	0.000000	-0.124468	1.025971	-0.077587	-0.063332	-0.120443
	0.000000	0.000000	1.000000	0.000000	0.000000	0.189668	0.366311	-0.124997	-0.124828	0.122210
	0.000000	0.000000	1.000000	0.000000	0.000000	-0.125000	-0.082387	0.005306	-0.035440	0.702569
	0.000000	0.000000	1.000000	0.000000	0.000000	-0.040675	1.034372	-0.072895	0.383903	0.459137
	0.000000	0.000000	1.000000	0.000000	0.000000	-0.120017	0.923333	-0.024452	-0.124621	-0.124810
	0.000000	0.000000	1.000000	0.000000	0.000000	-0.110589	0.083466	0.460352	0.042877	-0.010188
	0.000000	0.000000	1.000000	0.000000	0.000000	-0.121918	0.765258	0.319966	-0.025156	0.303294
	0.000000	0.000000	1.000000	0.000000	0.000000	0.112744	0.958034	-0.054787	-0.123596	-0.022786
	0.000000	0.000000	1.000000	0.000000	0.000000	-0.054092	0.674564	0.285250	0.034374	0.954334
	0.000000	0.000000	1.000000	0.000000	0.000000	-0.118326	1.123523	-0.111527	-0.028669	0.732391
	0.000000	0.000000	1.000000	0.000000	0.000000	-0.031637	-0.107368	0.061043	0.098324	-0.103284
	0.000000	0.000000	1.000000	0.000000	0.000000	-0.118043	-0.000399	0.214946	-0.121525	0.716115
	0.000000	0.000000	1.000000	0.000000	0.000000	-0.114802	0.344068	-0.078160	-0.079132	0.337154
	0.000000	0.000000	0.000000	1.000000	0.000000	-0.035781	-0.104608	0.059199	-0.124988	0.341755
	0.000000	0.000000	0.000000	1.000000	0.000000	-0.123148	-0.006514	-0.029107	-0.091075	0.889057
	0.000000	0.000000	0.000000	1.000000	0.000000	-0.121875	1.124898	-0.100418	-0.038081	0.974069
	0.000000	0.000000	0.000000	1.000000	0.000000	-0.119580	1.103284	0.032482	-0.121687	0.229833
	0.000000	0.000000	0.000000	1.000000	0.000000	-0.122133	1.039157	-0.089812	-0.008823	0.141558
	0.000000	0.000000	0.000000	1.000000	0.000000	-0.119791	1.079487	-0.092142	-0.046344	0.027806
	0.000000	0.000000	0.000000	1.000000	0.000000	-0.116278	0.015987	-0.111868	0.148037	-0.022752
	0.000000	0.000000	0.000000	1.000000	0.000000	-0.092069	-0.047482	-0.022708	-0.107973	0.301536
	0.000000	0.000000	0.000000	1.000000	0.000000	-0.124996	0.534307	0.139741	-0.124796	0.793502
	0.000000	0.000000	0.000000	1.000000	0.000000	-0.105757	0.681790	0.100882	-0.122480	1.046965
	0.000000	0.000000	0.000000	1.000000	0.000000	0.235882	0.261781	-0.024390	-0.111537	0.854987
	0.000000	0.000000	0.000000	1.000000	0.000000	-0.096903	-0.120107	-0.031907	0.003139	0.958484
	0.000000	0.000000	0.000000	1.000000	0.000000	-0.074648	0.644982	0.055261	0.172175	-0.115325
	0.000000	0.000000	0.000000	1.000000	0.000000	-0.035414	0.086672	0.023285	0.031476	0.626750
	0.000000	0.000000	0.000000	1.000000	0.000000	-0.114160	0.889901	-0.097025	0.206085	-0.121847
	0.000000	0.000000	0.000000	1.000000	0.000000	-0.026774	0.865009	0.448227	-0.119541	1.047376
	0.000000	0.000000	0.000000	0.000000	1.000000	-0.102695	1.030360	-0.002860	0.202223	-0.092213
	0.000000	0.000000	0.000000	0.000000	1.000000	-0.107500	1.061543	-0.001761	-0.124457	0.047364
	0.000000	0.000000	0.000000	0.000000	1.000000	-0.110480	-0.076117	-0.020481	-0.111368	0.963509
	0.000000	0.000000	0.000000	0.000000	1.000000	-0.064972	0.142360	-0.083493	0.041306	0.860649
	0.000000	0.000000	0.000000	0.000000	1.000000	-0.117692	0.543035	0.444054	0.000126	0.440374
	0.000000	0.000000	0.000000	0.000000	1.000000	-0.124315	0.957494	-0.112692	0.228252	0.195225
	0.000000	0.000000	0.000000	0.000000	1.000000	-0.104672	0.041738	0.015074	-0.118413	-0.121427
	0.000000	0.000000	0.000000	0.000000	1.000000	0.030284	0.317091	-0.120523	-0.032634	0.942048
	0.000000	0.000000	0.000000	0.000000	1.000000	-0.110895	0.117509	-0.124997	-0.084621	-0.032638
	0.000000	0.000000	0.000000	0.000000	1.000000	0.020153	0.700711	0.165887	-0.119816	0.680236
	0.000000	0.000000	0.000000	0.000000	1.000000	-0.094552	-0.119972	-0.113133	-0.027665	0.449189
	0.000000	0.000000	0.000000	0.000000	1.000000	-0.102094	-0.114273	0.325357	-0.124439	1.016032
	0.000000	0.000000	0.000000	0.000000	1.000000	-0.118660	0.161548	-0.123862	-0.121692	1.124605
	0.000000	0.000000	0.000000	0.000000	1.000000	-0.079465	-0.120081	0.173602	0.106481	1.065218
	0.000000	0.000000	0.000000	0.000000	1.000000	-0.122629	1.119985	0.466137	0.035357	1.074767
	0.000000	0.000000	0.000000	0.000000	1.000000	-0.117964	0.927711	0.127442	-0.115126	1.124858
	0.000000	0.000000	0.000000	0.000000	1.000000	-0.039113	-0.122212	-0.121143	-0.083765	-0.123741
	0.000000	0.000000	0.000000	0.000000	1.000000	-0.096571	-0.111267	0.063813	0.130277	-0.078741
	0.000000	0.000000	0.000000	0.000000	1.000000	-0.044281	0.175311	0.411701	0.531720	0.940666
	0.000000	0.000000	0.000000	0.000000	1.000000	-0.124990	0.057296	0.383326	0.096140	0.483946
	0.000000	0.000000	0.000000	0.000000	1.000000	0.123633	1.117353	-0.100615	-0.083676	0.037728
	0.000000	0.000000	0.000000	0.000000	1.000000	0.192415	0.679032	-0.021265	0.503637	0.053268
	0.000000	0.000000	0.000000	0.000000	1.000000	-0.123114	0.432180	0.499391	-0.122910	0.326034
	0.000000	0.000000	0.000000	0.000000	1.000000	-0.003984	0.586473	-0.042972	-0.083466	0.082450
	0.000000	0.000000	0.000000	0.000000	1.000000	-0.123262	0.069582	-0.081976	0.066561	1.046931
	0.000000	0.000000	0.000000	0.000000	1.000000	-0.108688	1.114618	-0.124862	-0.116415	0.606034
	0.000000	0.000000	0.000000	0.000000	1.000000	-0.012686	1.099957	-0.073560	0.152737	0.282165
	0.000000	0.000000	0.000000	0.000000	1.000000	-0.070307	1.124368	-0.102783	-0.054466	0.166250
	0.000000	0.000000	0.000000	0.000000	1.000000	-0.096953	0.088748	-0.062329	0.155720	-0.091292
	0.000000	0.000000	0.000000	0.000000	1.000000	-0.123057	1.102804	-0.112551	-0.124953	-0.043237
	0.000000	0.000000	0.000000	0.000000	1.000000	-0.044173	1.020883	0.344828	0.251481	1.088473
	0.000000	0.000000	0.000000	0.000000	1.000000	-0.079953	1.107901	0.001682	-0.118855	0.829147
	0.000000	0.000000	0.000000	0.000000	1.000000	0.016947	0.250883	-0.109180	-0.034925	0.004381
	0.000000	0.000000	0.000000	0.000000	1.000000	-0.081225	-0.002562	0.183185	-0.097816	1.123012
	0.000000	0.000000	0.000000	0.000000	1.000000	-0.116399	-0.100167	0.074644	0.009749	0.621772
	0.000000	0.000000	0.000000	0.000000	1.000000	-0.122223	0.175137	-0.060447	-0.100297	0.033402
	0.000000	0.000000	0.000000	0.000000	1.000000	-0.117618	0.598850	0.145064	-0.117312	0.713950
	0.000000	0.000000	0.000000	0.000000	1.000000	-0.124910	0.165633	0.150248	0.321277	0.345373
	0.000000	0.000000	0.000000	0.000000	1.000000	-0.099806	-0.103581	0.152623	0.031541	0.335983
	0.000000	0.000000	0.000000	0.000000	1.000000	-0.052260	0.931547	-0.034991	-0.037859	1.063015
	0.000000	0.000000	0.000000	0.000000	1.000000	-0.114769	0.731608	0.035164	-0.124971	0.636916
	0.000000	0.000000	0.000000	0.000000	1.000000	-0.121875	-0.099799	-0.074682	-0.121065	-0.005877
	0.000000	0.000000	0.000000	0.000000	1.000000	-0.081269	1.097528	0.491212	0.223910	0.252236
	0.000000	0.000000	0.000000	0.000000	1.000000	-0.095354	0.115964	0.243951	0.408421	0.448926
	0.000000	0.000000	0.000000	0.000000	1.000000	-0.104460	-0.115331	-0.124042	0.007335	-0.063065
	0.000000	0.000000	0.000000	0.000000	1.000000	-0.091831	0.053153	-0.100611	-0.124996	1.018872
	0.000000	0.000000	0.000000	0.000000	1.000000	-0.071223	1.078457	-0.101839	-0.116061	0.099396
	0.000000	0.000000	0.000000	0.000000	1.000000	0.024533	-0.100706	-0.050731	0.547083	1.098089
	0.000000	0.000000	0.000000	0.000000	1.000000	-0.097592	1.070277	-0.004389	-0.004746	0.546152
	0.000000	0.000000	0.000000	0.000000	1.000000	-0.071186	0.950007	-0.119109	0.144852	1.103895
	0.000000	0.000000	0.000000	0.000000	1.000000	-0.098103	1.119885	0.099587	-0.095945	1.121550
	0.000000	0.000000	0.000000	0.000000	1.000000	-0.122269	0.967125	0.096500	-0.121932	1.109767
	0.000000	0.000000	0.000000	0.000000	1.000000	-0.108293	0.162645	-0.098649	-0.082723	0.523422
	0.000000	0.000000	0.000000	0.000000	1.000000	-0.122709	0.624311	0.203809	-0.078032	1.064101
	0.000000	0.000000	0.000000	0.000000	1.000000	-0.078303	-0.123576	0.169305	-0.099084	0.574915
	0.000000	0.000000	0.000000	0.000000	1.000000	-0.052238	0.709189	-0.089883	0.594081	0.255269
	0.000000	0.000000	0.000000	0.000000	1.000000	-0.123190	0.555468	-0.121567	-0.104608	0.339034
	0.000000	0.000000	0.000000	0.000000	1.000000	-0.124906	0.054361	0.405131	0.114535	0.076628
	0.000000	0.000000	0.000000	0.000000	1.000000	-0.119744	1.110376	0.631985	-0.124407	-0.088278
	0.000000	0.000000	0.000000	0.000000	1.000000	0.009408	0.615814	0.176441	-0.114246	0.140752
	0.000000	0.000000	0.000000	0.000000	1.000000	-0.124494	0.612379	-0.045547	0.214555	0.434330
	0.000000	0.000000	0.000000	0.000000	1.000000	-0.108407	0.619291	-0.117077	0.107452	0.372924
	0.000000	0.000000	0.000000	0.000000	1.000000	0.089504	0.334847	-0.064341	0.760697	-0.054980
	0.000000	0.000000	0.000000	0.000000	1.000000	-0.099248	0.704310	-0.124073	-0.090200	0.589007
	0.000000	0.000000	0.000000	0.000000	1.000000	-0.111603	0.082325	-0.105672	0.217921	1.115704
	1.000000	0.000000	0.000000	0.000000	0.000000	-0.096083	1.117021	0.080101	0.357230	-0.123996
	1.000000	0.000000	0.000000	0.000000	0.000000	-0.119351	1.107386	0.652754	-0.055097	-0.116202
	1.000000	0.000000	0.000000	0.000000	0.000000	-0.112008	0.044328	-0.124714	-0.087005	0.551180
	1.000000	0.000000	0.000000	0.000000	0.000000	-0.027451	1.120713	0.060730	-0.119517	0.987734
	1.000000	0.000000	0.000000	0.000000	0.000000	-0.114266	-0.124140	-0.111756	-0.103298	-0.048884
	1.000000	0.000000	0.000000	0.000000	0.000000	-0.121276	0.983423	-0.124900	-0.055897	0.134368
	1.000000	0.000000	0.000000	0.000000	0.000000	0.004479	0.971978	-0.051041	0.511265	1.098417
	1.000000	0.000000	0.000000	0.000000	0.000000	-0.121983	0.130390	0.063531	0.000057	0.481144
	1.000000	0.000000	0.000000	0.000000	0.000000	0.177669	-0.081292	-0.114673	-0.087137	0.767824
	1.000000	0.000000	0.000000	0.000000	0.000000	-0.114174	0.880016	0.595586	-0.064789	0.678686
	1.000000	0.000000	0.000000	0.000000	0.000000	0.107065	0.945417	-0.116749	-0.090059	1.121250
	1.000000	0.000000	0.000000	0.000000	0.000000	-0.124982	0.688918	-0.098755	-0.096068	0.004107
	1.000000	0.000000	0.000000	0.000000	0.000000	-0.108417	0.067419	-0.106780	0.030912	1.052919
	1.000000	0.000000	0.000000	0.000000	0.000000	-0.063640	1.014534	0.262453	-0.123441	0.804049
	1.000000	0.000000	0.000000	0.000000	0.000000	-0.122319	0.657746	0.029072	-0.123866	0.048630
	1.000000	0.000000	0.000000	0.000000	0.000000	-0.114395	0.363223	0.213211	0.065187	1.121693
	0.000000	1.000000	0.000000	0.000000	0.000000	-0.040759	-0.107668	0.840485	-0.033621	0.355401
	0.000000	1.000000	0.000000	0.000000	0.000000	-0.124680	0.468614	0.102709	0.213929	0.946208
	0.000000	1.000000	0.000000	0.000000	0.000000	-0.124274	-0.105777	0.001064	-0.110723	0.000650
	0.000000	1.000000	0.000000	0.000000	0.000000	-0.124638	-0.075989	0.079719	-0.047555	-0.102048
	0.000000	1.000000	0.000000	0.000000	0.000000	-0.077029	-0.010713	-0.063782	0.108440	0.039259
	0.000000	1.000000	0.000000	0.000000	0.000000	-0.070344	0.731126	0.076716	0.011377	0.871065
	0.000000	1.000000	0.000000	0.000000	0.000000	-0.003319	1.021009	-0.007327	0.256739	1.097076
	0.000000	1.000000	0.000000	0.000000	0.000000	-0.037112	-0.122437	-0.122247	-0.124532	-0.120857
	0.000000	1.000000	0.000000	0.000000	0.000000	-0.108026	1.053183	-0.043784	-0.055404	-0.048488
	0.000000	1.000000	0.000000	0.000000	0.000000	-0.098940	0.065816	-0.064200	-0.088021	-0.064930
	0.000000	1.000000	0.000000	0.000000	0.000000	-0.119178	1.107201	-0.108981	0.110678	0.119542
	0.000000	1.000000	0.000000	0.000000	0.000000	-0.055821	0.426525	0.046427	-0.089483	1.061191
	0.000000	1.000000	0.000000	0.000000	0.000000	-0.117896	0.972765	0.363073	0.167872	-0.085419
	0.000000	1.000000	0.000000	0.000000	0.000000	-0.088387	0.162882	-0.045078	0.040657	0.482084
	0.000000	1.000000	0.000000	0.000000	0.000000	0.009072	1.121081	0.198746	0.278744	-0.092696
	0.000000	1.000000	0.000000	0.000000	0.000000	-0.017820	0.038862	-0.124891	0.397546	0.182540
	0.000000	1.000000	0.000000	0.000000	0.000000	-0.066504	0.817485	-0.009462	0.068473	1.124725
	0.000000	1.000000	0.000000	0.000000	0.000000	-0.107591	0.927176	-0.094551	0.124561	-0.091323
	0.000000	1.000000	0.000000	0.000000	0.000000	-0.117178	-0.115095	-0.099262	0.087351	1.058318
	0.000000	1.000000	0.000000	0.000000	0.000000	-0.085795	0.048893	-0.116196	-0.124809	0.933054
	0.000000	1.000000	0.000000	0.000000	0.000000	-0.112476	-0.113918	0.070697	0.120780	0.584076
	0.000000	1.000000	0.000000	0.000000	0.000000	-0.123224	0.966303	0.115253	0.200059	1.106820
	0.000000	1.000000	0.000000	0.000000	0.000000	-0.121707	0.476432	-0.073540	-0.013542	0.427366
	0.000000	1.000000	0.000000	0.000000	0.000000	-0.119247	1.081283	-0.004307	-0.088323	0.510377
	0.000000	1.000000	0.000000	0.000000	0.000000	-0.103465	-0.084278	0.702688	-0.108709	1.017443
	0.000000	1.000000	0.000000	0.000000	0.000000	-0.102216	0.196463	-0.124384	-0.057131	0.732809
	0.000000	1.000000	0.000000	0.000000	0.000000	-0.031898	0.670299	-0.117333	-0.121292	0.672659
	0.000000	1.000000	0.000000	0.000000	0.000000	0.089733	0.368005	-0.047749	-0.080373	0.459546
	0.000000	1.000000	0.000000	0.000000	0.000000	-0.124899	0.770113	0.184095	-0.014154	0.997855
	0.000000	1.000000	0.000000	0.000000	0.000000	0.101843	0.011219	-0.064994	-0.123182	0.684202
	0.000000	1.000000	0.000000	0.000000	0.000000	-0.005281	0.963458	-0.066559	0.011762	-0.113358
	0.000000	1.000000	0.000000	0.000000	0.000000	-0.106490	0.335800	0.056630	0.137940	-0.108550
	0.000000	1.000000	0.000000	0.000000	0.000000	-0.107233	1.116709	0.259330	-0.059532	-0.097647
	0.000000	1.000000	0.000000	0.000000	0.000000	-0.122770	-0.124819	-0.016419	-0.115728	0.567461
	0.000000	1.000000	0.000000	0.000000	0.000000	0.029022	0.501222	-0.123902	0.049200	1.045918
	0.000000	0.000000	1.000000	0.000000	0.000000	-0.124168	1.016331	-0.124666	-0.092469	0.424509
	0.000000	0.000000	1.000000	0.000000	0.000000	-0.069324	0.326396	-0.116110	-0.048455	0.835001
	0.000000	0.000000	1.000000	0.000000	0.000000	-0.124980	0.974803	-0.112542	-0.112840	0.974342
	0.000000	0.000000	1.000000	0.000000	0.000000	-0.116004	0.716566	-0.092818	0.259469	0.312721
	0.000000	0.000000	1.000000	0.000000	0.000000	-0.048526	-0.037309	-0.046586	-0.084981	0.286854
	0.000000	0.000000	1.000000	0.000000	0.000000	-0.119838	0.803985	-0.087062	0.001161	0.137620
	0.000000	0.000000	1.000000	0.000000	0.000000	-0.087158	-0.122177	-0.042539	0.039372	0.141277
	0.000000	0.000000	1.000000	0.000000	0.000000	-0.012346	0.237425	0.193614	0.160134	0.076224
	0.000000	0.000000	1.000000	0.000000	0.000000	0.047207	1.086667	0.432447	0.056614	-0.024900
	0.000000	0.000000	1.000000	0.000000	0.000000	-0.121758	-0.060664	-0.012403	0.063198	0.011047
	0.000000	0.000000	1.000000	0.000000	0.000000	-0.121871	0.829745	0.012573	-0.076588	1.119481
	0.000000	0.000000	1.000000	0.000000	0.000000	-0.107920	0.547363	0.139061	-0.124128	0.073311
	0.000000	0.000000	1.000000	0.000000	0.000000	-0.117033	0.516927	-0.014876	-0.022186	1.029225
	0.000000	0.000000	1.000000	0.000000	0.000000	-0.054278	1.080481	0.114468	-0.033696	0.995287
	0.000000	0.000000	1.000000	0.000000	0.000000	0.101924	0.450466	-0.121411	-0.095133	1.095451
	0.000000	0.000000	1.000000	0.000000	0.000000	0.176934	0.788204	0.071862	-0.102796	0.813504
	0.000000	0.000000	0.000000	1.000000	0.000000	-0.023273	0.060034	-0.117353	-0.097168	0.335114
	0.000000	0.000000	0.000000	1.000000	0.000000	-0.124587	-0.121121	-0.124155	0.148155	0.268381
	0.000000	0.000000	0.000000	1.000000	0.000000	-0.110940	1.025650	-0.004276	0.010123	0.982250
	0.000000	0.000000	0.000000	1.000000	0.000000	0.112924	0.870097	-0.124999	-0.099184	0.462827
	0.000000	0.000000	0.000000	1.000000	0.000000	-0.060455	1.096694	-0.108563	-0.070671	-0.112724
	0.000000	0.000000	0.000000	1.000000	0.000000	-0.056265	0.326226	-0.104991	-0.059718	0.641031
	0.000000	0.000000	0.000000	1.000000	0.000000	-0.016980	-0.115070	-0.124286	-0.003136	0.171289
	0.000000	0.000000	0.000000	1.000000	0.000000	0.036423	0.657198	-0.111379	-0.098553	0.088398
	0.000000	0.000000	0.000000	1.000000	0.000000	-0.114809	0.156777	-0.018913	0.166014	0.632337
	0.000000	0.000000	0.000000	1.000000	0.000000	0.032305	0.216137	-0.124080	0.146995	0.618979
	0.000000	0.000000	0.000000	1.000000	0.000000	-0.077132	0.102940	-0.099081	0.116227	-0.124597
	0.000000	0.000000	0.000000	1.000000	0.000000	-0.053710	0.130804	-0.123683	0.019898	0.545803
	0.000000	0.000000	0.000000	1.000000	0.000000	-0.106392	0.863969	0.055562	0.464954	0.655825
	0.000000	0.000000	0.000000	1.000000	0.000000	0.008707	0.188173	-0.002469	-0.122541	1.098311
	0.000000	0.000000	0.000000	1.000000	0.000000	-0.116906	0.164195	-0.111326	0.177947	0.959893
	0.000000	0.000000	0.000000	0.000000	1.000000	-0.123465	0.502509	0.256292	0.070576	-0.124598
	0.000000	0.000000	0.000000	0.000000	1.000000	-0.089019	0.553483	-0.053491	0.111626	0.226721
	0.000000	0.000000	0.000000	0.000000	1.000000	-0.109890	-0.122843	0.102107	0.343371	0.445104
	0.000000	0.000000	0.000000	0.000000	1.000000	-0.121268	0.141243	-0.113312	0.056001	-0.121984
	0.000000	0.000000	0.000000	0.000000	1.000000	-0.018705	0.823364	-0.083149	-0.120410	0.954896
	0.000000	0.000000	0.000000	0.000000	1.000000	0.094550	0.372190	-0.109292	-0.035092	0.421691
	0.000000	0.000000	0.000000	0.000000	1.000000	-0.115893	-0.056323	0.146984	0.038486	-0.124917
	0.000000	0.000000	0.000000	0.000000	1.000000	-0.009092	-0.115771	0.319772	0.449104	1.123696
	0.000000	0.000000	0.000000	0.000000	1.000000	-0.089184	-0.075906	-0.035696	-0.087981	0.004549
	0.000000	0.000000	0.000000	0.000000	1.000000	-0.109605	0.854535	-0.025504	0.129405	1.113548
	0.000000	0.000000	0.000000	0.000000	1.000000	0.018967	-0.060525	0.003988	-0.042542	0.480197
	0.000000	0.000000	0.000000	0.000000	1.000000	-0.119958	1.040678	0.021977	-0.047169	1.021493
	0.000000	0.000000	0.000000	0.000000	1.000000	-0.118588	1.117077	0.329493	0.176552	0.019981
	0.000000	0.000000	0.000000	0.000000	1.000000	0.159453	0.709602	0.056549	-0.102207	1.051236
	0.000000	0.000000	0.000000	0.000000	1.000000	-0.102081	1.048200	-0.101860	-0.090949	0.356311
	0.000000	0.000000	0.000000	0.000000	1.000000	-0.102159	0.562822	0.003140	0.167843	0.496521
	0.000000	0.000000	0.000000	0.000000	1.000000	0.053009	0.924211	-0.024704	-0.068312	0.593941
	0.000000	0.000000	0.000000	0.000000	1.000000	-0.119195	-0.098629	0.124806	-0.119330	0.682714
	0.000000	0.000000	0.000000	0.000000	1.000000	-0.075916	-0.090785	-0.114223	-0.075588	0.614514
	0.000000	0.000000	0.000000	0.000000	1.000000	0.070604	1.109493	0.289892	-0.122198	-0.106082
	0.000000	0.000000	0.000000	0.000000	1.000000	-0.090220	-0.019188	-0.059991	-0.102498	1.124833
	0.000000	0.000000	0.000000	0.000000	1.000000	-0.121554	0.965926	-0.124509	0.299251	0.164740
	0.000000	0.000000	0.000000	0.000000	1.000000	-0.021469	1.085934	-0.033079	-0.084040	0.153691
	0.000000	0.000000	0.000000	0.000000	1.000000	-0.115798	0.843205	-0.097190	0.004765	1.047897
	0.000000	0.000000	0.000000	0.000000	1.000000	0.023376	0.999756	0.213153	-0.123310	0.749441
	0.000000	0.000000	0.000000	0.000000	1.000000	-0.124137	0.677710	-0.070376	0.140750	0.063247
	0.000000	0.000000	0.000000	0.000000	1.000000	-0.112900	-0.082386	-0.113622	0.159647	0.254755
	0.000000	0.000000	0.000000	0.000000	1.000000	-0.116639	0.781730	-0.079725	-0.033959	-0.101072
	0.000000	0.000000	0.000000	0.000000	1.000000	-0.110085	-0.064403	-0.021135	0.063151	0.530364
	0.000000	0.000000	0.000000	0.000000	1.000000	-0.124974	1.024908	-0.121354	-0.123212	0.595618
	0.000000	0.000000	0.000000	0.000000	1.000000	-0.000004	-0.022602	0.209556	-0.124335	1.075963
	0.000000	0.000000	0.000000	0.000000	1.000000	-0.044459	0.524965	-0.121032	-0.109983	0.886426
	0.000000	0.000000	0.000000	0.000000	1.000000	-0.007663	-0.056767	0.069095	-0.089829	0.210841
	0.000000	0.000000	0.000000	0.000000	1.000000	-0.100919	-0.006121	0.007664	0.201976	1.032588
	0.000000	0.000000	0.000000	0.000000	1.000000	-0.101813	-0.038379	0.391504	-0.111982	-0.074690
	0.000000	0.000000	0.000000	0.000000	1.000000	-0.070991	1.077456	0.355556	0.017699	0.758652
	0.000000	0.000000	0.000000	0.000000	1.000000	-0.054517	0.514735	-0.094973	-0.123457	0.269474
	0.000000	0.000000	0.000000	0.000000	1.000000	-0.095872	0.656512	0.099696	-0.124609	0.496291
	0.000000	0.000000	0.000000	0.000000	1.000000	-0.072151	0.152161	-0.040740	-0.073549	-0.082981
	0.000000	0.000000	0.000000	0.000000	1.000000	-0.122227	-0.124870	0.092433	-0.108561	0.270791
	0.000000	0.000000	0.000000	0.000000	1.000000	-0.079227	0.320354	-0.089923	-0.093234	0.000068
	0.000000	0.000000	0.000000	0.000000	1.000000	-0.023424	1.120430	0.080046	0.010009	1.119196
	0.000000	0.000000	0.000000	0.000000	1.000000	-0.121568	1.120882	-0.121941	-0.123445	0.562824
	0.000000	0.000000	0.000000	0.000000	1.000000	-0.120220	0.724415	0.115999	-0.124776	0.232117
	0.000000	0.000000	0.000000	0.000000	1.000000	-0.037547	-0.122956	-0.103744	0.094801	0.801517
	0.000000	0.000000	0.000000	0.000000	1.000000	0.047327	0.193027	-0.035179	-0.051048	1.085898
	0.000000	0.000000	0.000000	0.000000	1.000000	-0.079770	0.874416	-0.102855	-0.045354	0.490042
	0.000000	0.000000	0.000000	0.000000	1.000000	-0.063684	0.976696	0.202236	0.027623	1.093522
	0.000000	0.000000	0.000000	0.000000	1.000000	-0.029658	-0.035230	-0.025678	-0.078541	1.067354
	0.000000	0.000000	0.000000	0.000000	1.000000	-0.111094	1.120287	0.270489	0.104301	1.074573
	0.000000	0.000000	0.000000	0.000000	1.000000	-0.096115	1.012195	-0.124467	-0.120508	0.143467
	0.000000	0.000000	0.000000	0.000000	1.000000	-0.116851	1.020505	0.532023	0.506179	-0.119908
	0.000000	0.000000	0.000000	0.000000	1.000000	-0.094343	1.062678	-0.039577	-0.111043	0.181411
	0.000000	0.000000	0.000000	0.000000	1.000000	-0.102665	0.698241	-0.057055	-0.123404	1.118542
	0.000000	0.000000	0.000000	0.000000	1.000000	0.005770	0.405814	0.014145	-0.113883	0.802246
	0.000000	0.000000	0.000000	0.000000	1.000000	-0.094279	0.614618	-0.060578	0.003627	1.104524
	0.000000	0.000000	0.000000	0.000000	1.000000	-0.086817	-0.096450	0.365675	-0.124227	0.038818
	0.000000	0.000000	0.000000	0.000000	1.000000	-0.124986	-0.070762	-0.113197	0.384470	0.487318
	0.000000	0.000000	0.000000	0.000000	1.000000	-0.075832	-0.111390	0.229815	0.302325	-0.053853
	0.000000	0.000000	0.000000	0.000000	1.000000	0.011631	0.495899	-0.109449	0.187659	0.669383
	0.000000	0.000000	0.000000	0.000000	1.000000	-0.115977	0.647575	0.271329	-0.108770	-0.114814
