	1.000000	0.000000	0.000000	0.000000	0.000000	-0.047429	0.728251	-0.070848	-0.075291	0.089004
	1.000000	0.000000	0.000000	0.000000	0.000000	-0.112004	0.443475	-0.031945	-0.070236	0.565760
	1.000000	0.000000	0.000000	0.000000	0.000000	-0.102485	0.153818	-0.014038	-0.123135	0.680599
	1.000000	0.000000	0.000000	0.000000	0.000000	-0.099293	0.588656	-0.033417	-0.024835	1.052936
	1.000000	0.000000	0.000000	0.000000	0.000000	-0.004054	-0.058760	-0.064198	-0.117818	-0.124995
	1.000000	0.000000	0.000000	0.000000	0.000000	-0.121070	0.664619	0.148257	-0.123660	1.063061
	1.000000	0.000000	0.000000	0.000000	0.000000	-0.097918	1.033257	0.050496	0.020189	0.150264
	1.000000	0.000000	0.000000	0.000000	0.000000	-0.124276	1.039928	-0.107844	-0.117176	0.206797
	1.000000	0.000000	0.000000	0.000000	0.000000	-0.121541	1.073462	-0.122938	-0.102925	1.055968
	1.000000	0.000000	0.000000	0.000000	0.000000	-0.124415	0.849442	0.524787	-0.110111	1.123188
	1.000000	0.000000	0.000000	0.000000	0.000000	-0.112128	1.085258	0.385056	-0.090902	0.006896
	1.000000	0.000000	0.000000	0.000000	0.000000	-0.115042	0.842096	-0.009999	0.031448	0.339260
	1.000000	0.000000	0.000000	0.000000	0.000000	-0.124388	0.088039	-0.118932	-0.041029	-0.114747
	1.000000	0.000000	0.000000	0.000000	0.000000	-0.121273	0.942765	-0.078974	-0.118300	1.116756
	0.000000	1.000000	0.000000	0.000000	0.000000	-0.124252	-0.123997	-0.119575	-0.107227	-0.079053
	0.000000	1.000000	0.000000	0.000000	0.000000	-0.093324	0.347748	0.181165	-0.076063	-0.032166
	0.000000	1.000000	0.000000	0.000000	0.000000	-0.124844	1.102842	-0.093061	-0.117637	0.530649
	0.000000	1.000000	0.000000	0.000000	0.000000	0.001229	0.053277	-0.004744	-0.124840	-0.123032
	0.000000	1.000000	0.000000	0.000000	0.000000	-0.089935	0.958848	0.130993	-0.124465	1.011962
	0.000000	1.000000	0.000000	0.000000	0.000000	-0.124851	0.369206	-0.119682	-0.019006	0.413030
	0.000000	1.000000	0.000000	0.000000	0.000000	-0.124918	-0.075442	-0.083567	-0.075215	1.097042
	0.000000	1.000000	0.000000	0.000000	0.000000	-0.112250	-0.123917	0.172191	-0.109521	1.099226
	0.000000	1.000000	0.000000	0.000000	0.000000	0.003575	1.084883	0.380875	-0.015294	0.824400
	0.000000	1.000000	0.000000	0.000000	0.000000	-0.093415	0.627132	-0.114158	-0.120500	0.762072
	0.000000	1.000000	0.000000	0.000000	0.000000	-0.122202	-0.092703	-0.079295	-0.091071	0.977889
	0.000000	1.000000	0.000000	0.000000	0.000000	-0.087179	0.070754	-0.118332	-0.100855	1.081600
	0.000000	1.000000	0.000000	0.000000	0.000000	-0.117072	0.373680	-0.103894	-0.015956	0.517163
	0.000000	1.000000	0.000000	0.000000	0.000000	-0.107799	0.032977	-0.113278	-0.110603	0.277273
	0.000000	1.000000	0.000000	0.000000	0.000000	-0.111525	0.200171	0.076761	0.128862	1.117343
	0.000000	1.000000	0.000000	0.000000	0.000000	-0.115405	1.070441	-0.033829	-0.104926	0.805964
	0.000000	1.000000	0.000000	0.000000	0.000000	0.016487	0.261680	-0.116312	-0.034579	-0.093374
	0.000000	1.000000	0.000000	0.000000	0.000000	-0.072324	0.371755	-0.046325	-0.048064	0.008146
	0.000000	1.000000	0.000000	0.000000	0.000000	-0.089807	-0.104778	-0.104654	-0.125000	0.259154
	0.000000	1.000000	0.000000	0.000000	0.000000	-0.091265	-0.120961	0.060243	-0.111529	-0.020911
	0.000000	1.000000	0.000000	0.000000	0.000000	-0.109716	0.293436	-0.023239	-0.118611	0.185255
	0.000000	1.000000	0.000000	0.000000	0.000000	-0.111311	-0.122309	-0.122647	-0.108451	0.999692
	0.000000	1.000000	0.000000	0.000000	0.000000	-0.101348	0.902055	-0.089675	-0.018855	1.016662
	0.000000	1.000000	0.000000	0.000000	0.000000	-0.120158	1.106434	0.236801	-0.027929	0.173212
	0.000000	1.000000	0.000000	0.000000	0.000000	-0.015816	1.050774	-0.031658	-0.088638	-0.072894
	0.000000	1.000000	0.000000	0.000000	0.000000	-0.114659	0.327743	0.170727	-0.074158	0.149636
	0.000000	1.000000	0.000000	0.000000	0.000000	-0.077185	0.329351	-0.062949	-0.055603	0.188303
	0.000000	1.000000	0.000000	0.000000	0.000000	0.044139	0.673143	-0.119550	-0.041690	0.273206
	0.000000	1.000000	0.000000	0.000000	0.000000	-0.112846	0.048856	-0.092000	-0.124954	0.375303
	0.000000	1.000000	0.000000	0.000000	0.000000	-0.113119	0.901291	-0.076594	-0.121233	0.028893
	0.000000	1.000000	0.000000	0.000000	0.000000	-0.053783	0.916390	-0.075901	-0.124191	0.569914
	0.000000	1.000000	0.000000	0.000000	0.000000	-0.089848	0.590109	-0.005918	-0.104096	0.963583
	0.000000	1.000000	0.000000	0.000000	0.000000	-0.111951	0.018391	0.192205	-0.109642	0.305422
	0.000000	1.000000	0.000000	0.000000	0.000000	-0.108921	0.692901	0.016553	-0.091921	1.119401
	0.000000	1.000000	0.000000	0.000000	0.000000	-0.099793	1.101162	0.148142	-0.103718	0.680293
	0.000000	1.000000	0.000000	0.000000	0.000000	0.076134	0.578763	-0.114425	0.111931	1.112479
	0.000000	1.000000	0.000000	0.000000	0.000000	-0.110805	1.093874	-0.124506	-0.083205	0.933485
	0.000000	1.000000	0.000000	0.000000	0.000000	-0.124951	1.124909	-0.099998	-0.120006	1.115961
	0.000000	1.000000	0.000000	0.000000	0.000000	-0.097976	0.713180	-0.039150	-0.105418	0.925913
	0.000000	0.000000	1.000000	0.000000	0.000000	-0.089595	1.044874	-0.080937	-0.098467	1.124379
	0.000000	0.000000	1.000000	0.000000	0.000000	-0.005637	0.969784	-0.116760	0.057294	0.074546
	0.000000	0.000000	1.000000	0.000000	0.000000	-0.112501	0.773234	0.039315	0.057456	0.168563
	0.000000	0.000000	1.000000	0.000000	0.000000	-0.115045	1.116111	0.270371	-0.123953	0.742391
	0.000000	0.000000	1.000000	0.000000	0.000000	0.179892	0.503417	-0.040104	-0.072743	0.028776
	0.000000	0.000000	1.000000	0.000000	0.000000	-0.096666	1.029598	-0.048975	-0.124544	-0.069893
	0.000000	0.000000	1.000000	0.000000	0.000000	-0.118288	0.967607	-0.108308	0.022415	1.102896
	0.000000	0.000000	1.000000	0.000000	0.000000	-0.065752	0.570980	-0.091707	0.034040	-0.081200
	0.000000	0.000000	1.000000	0.000000	0.000000	0.028457	0.844085	-0.124900	0.021164	-0.116398
	0.000000	0.000000	1.000000	0.000000	0.000000	-0.117632	-0.090255	-0.100941	-0.067080	0.811125
	0.000000	0.000000	1.000000	0.000000	0.000000	-0.109557	-0.079163	-0.122956	-0.086237	0.071254
	0.000000	0.000000	1.000000	0.000000	0.000000	-0.112965	0.614861	-0.009251	-0.124600	-0.019913
	0.000000	0.000000	1.000000	0.000000	0.000000	-0.100039	-0.003688	-0.105379	-0.100602	0.939618
	0.000000	0.000000	0.000000	1.000000	0.000000	-0.081849	0.837064	0.350005	0.007558	1.124833
	0.000000	0.000000	0.000000	1.000000	0.000000	-0.086621	1.124139	-0.118268	-0.096574	0.726331
	0.000000	0.000000	0.000000	1.000000	0.000000	-0.124899	0.204996	-0.068088	-0.118951	-0.081407
	0.000000	0.000000	0.000000	1.000000	0.000000	-0.061705	0.749601	-0.022822	-0.070426	-0.080793
	0.000000	0.000000	0.000000	1.000000	0.000000	-0.110332	1.003259	-0.018270	0.037871	0.976555
	0.000000	0.000000	0.000000	1.000000	0.000000	-0.117852	0.606148	-0.045910	-0.124897	0.528473
	0.000000	0.000000	0.000000	1.000000	0.000000	-0.104474	-0.113930	-0.113579	-0.033094	-0.103921
	0.000000	0.000000	0.000000	1.000000	0.000000	0.013027	0.780758	-0.123755	-0.076025	-0.033497
	0.000000	0.000000	0.000000	1.000000	0.000000	-0.116405	0.092133	-0.021157	-0.124421	0.327860
	0.000000	0.000000	0.000000	1.000000	0.000000	-0.064036	-0.074116	0.039655	-0.124995	-0.012259
	0.000000	0.000000	0.000000	1.000000	0.000000	-0.047752	-0.061021	-0.097981	-0.067808	1.017080
	0.000000	0.000000	0.000000	1.000000	0.000000	0.050788	-0.109181	-0.124692	-0.121474	-0.099864
	0.000000	0.000000	0.000000	1.000000	0.000000	-0.112035	0.201953	-0.121029	-0.121952	1.124661
	0.000000	0.000000	0.000000	1.000000	0.000000	-0.069497	0.406246	-0.005854	-0.123280	-0.008673
	0.000000	0.000000	0.000000	1.000000	0.000000	-0.123489	1.022584	-0.120558	-0.120609	-0.010017
	0.000000	0.000000	0.000000	1.000000	0.000000	-0.091656	1.040523	0.068534	-0.119874	1.036617
	0.000000	0.000000	0.000000	0.000000	1.000000	-0.124264	0.026970	-0.027422	-0.122669	-0.121576
	0.000000	0.000000	0.000000	0.000000	1.000000	-0.102500	0.920071	-0.055740	-0.061928	0.191545
	0.000000	0.000000	0.000000	0.000000	1.000000	-0.085929	-0.065503	0.252794	-0.120938	0.862627
	0.000000	0.000000	0.000000	0.000000	1.000000	-0.124055	1.124797	-0.087866	-0.112972	0.429735
	0.000000	0.000000	0.000000	0.000000	1.000000	-0.115554	0.029718	-0.022435	-0.021772	0.040706
	0.000000	0.000000	0.000000	0.000000	1.000000	-0.102169	0.076944	-0.124747	-0.124334	0.933931
	0.000000	0.000000	0.000000	0.000000	1.000000	-0.116207	0.808878	-0.120253	-0.121553	-0.124783
	0.000000	0.000000	0.000000	0.000000	1.000000	-0.122664	0.988377	-0.118340	-0.124996	0.892363
	0.000000	0.000000	0.000000	0.000000	1.000000	-0.077431	1.079435	-0.017302	-0.124795	1.089445
	0.000000	0.000000	0.000000	0.000000	1.000000	0.081214	0.985914	-0.117577	0.053767	0.736015
	0.000000	0.000000	0.000000	0.000000	1.000000	-0.124996	-0.052470	0.188444	-0.103997	0.810805
	0.000000	0.000000	0.000000	0.000000	1.000000	-0.051206	1.115704	0.131477	-0.101519	-0.078714
	0.000000	0.000000	0.000000	0.000000	1.000000	-0.114090	-0.104411	0.086383	0.043116	0.835753
	0.000000	0.000000	0.000000	0.000000	1.000000	-0.124408	-0.049484	0.479188	-0.089458	1.087399
	0.000000	0.000000	0.000000	0.000000	1.000000	-0.123935	0.994667	0.351518	-0.098548	0.692846
	0.000000	0.000000	0.000000	0.000000	1.000000	-0.121203	1.102084	-0.023786	-0.124446	0.121151
	0.000000	0.000000	0.000000	0.000000	1.000000	-0.123310	0.966363	0.141350	-0.036674	0.031807
	0.000000	0.000000	0.000000	0.000000	1.000000	-0.107266	0.660148	-0.073865	0.022824	1.102820
	0.000000	0.000000	0.000000	0.000000	1.000000	-0.098353	0.716041	0.239316	-0.123019	0.764367
	0.000000	0.000000	0.000000	0.000000	1.000000	-0.012853	0.208977	0.199971	-0.111090	1.036108
	0.000000	0.000000	0.000000	0.000000	1.000000	-0.098680	0.801810	-0.065795	0.015913	0.055880
	0.000000	0.000000	0.000000	0.000000	1.000000	0.010512	1.120774	-0.108242	-0.121232	1.060901
	0.000000	0.000000	0.000000	0.000000	1.000000	-0.096626	0.627144	0.127208	-0.117447	0.403113
	0.000000	0.000000	0.000000	0.000000	1.000000	-0.081087	1.120014	-0.112283	-0.086406	0.839644
	0.000000	0.000000	0.000000	0.000000	1.000000	-0.118918	-0.078919	-0.062643	-0.097267	0.553532
	0.000000	0.000000	0.000000	0.000000	1.000000	-0.091777	1.100532	-0.061233	-0.120093	0.220663
	0.000000	0.000000	0.000000	0.000000	1.000000	0.034739	0.334341	0.019457	-0.096657	0.782646
	0.000000	0.000000	0.000000	0.000000	1.000000	-0.122560	1.079004	-0.116012	0.072013	0.966424
	0.000000	0.000000	0.000000	0.000000	1.000000	0.019545	-0.042738	-0.081881	0.017950	-0.062215
	0.000000	0.000000	0.000000	0.000000	1.000000	-0.117966	0.822287	-0.084642	-0.124975	0.664132
	0.000000	0.000000	0.000000	0.000000	1.000000	-0.123259	-0.103380	0.046894	-0.004779	0.707480
	0.000000	0.000000	0.000000	0.000000	1.000000	-0.120435	0.826721	0.039008	-0.115224	0.067799
	0.000000	0.000000	0.000000	0.000000	1.000000	-0.120526	0.233582	-0.115745	-0.124811	-0.062827
	0.000000	0.000000	0.000000	0.000000	1.000000	-0.111146	0.439793	-0.043294	-0.097116	-0.115311
	0.000000	0.000000	0.000000	0.000000	1.000000	-0.114734	-0.088947	-0.040641	0.031072	1.052526
	0.000000	0.000000	0.000000	0.000000	1.000000	-0.105884	1.106627	-0.068094	-0.105092	0.306379
	0.000000	0.000000	0.000000	0.000000	1.000000	-0.124995	-0.119604	-0.091992	-0.118548	0.545236
	0.000000	0.000000	0.000000	0.000000	1.000000	-0.102104	1.100593	-0.090085	-0.123295	0.088403
	0.000000	0.000000	0.000000	0.000000	1.000000	-0.084187	1.124578	-0.050115	0.071884	1.099138
	0.000000	0.000000	0.000000	0.000000	1.000000	-0.067571	1.048467	-0.072012	-0.070805	0.016857
	0.000000	0.000000	0.000000	0.000000	1.000000	-0.073194	0.190231	-0.047922	-0.112352	0.758824
	0.000000	0.000000	0.000000	0.000000	1.000000	0.048281	1.050959	0.456005	-0.084682	1.094974
	0.000000	0.000000	0.000000	0.000000	1.000000	-0.120696	0.623503	0.231377	-0.124229	0.666261
	0.000000	0.000000	0.000000	0.000000	1.000000	-0.112213	1.083045	0.059521	-0.124053	-0.091333
	0.000000	0.000000	0.000000	0.000000	1.000000	-0.103876	0.289544	0.451517	-0.078960	0.879893
	0.000000	0.000000	0.000000	0.000000	1.000000	-0.117070	-0.107689	0.048653	-0.118726	0.405751
	0.000000	0.000000	0.000000	0.000000	1.000000	-0.124854	0.168607	0.284637	0.015589	1.124967
	0.000000	0.000000	0.000000	0.000000	1.000000	-0.111183	-0.124498	-0.101716	-0.097100	0.246454
	0.000000	0.000000	0.000000	0.000000	1.000000	-0.111544	-0.091944	0.032102	-0.043576	0.758182
	0.000000	0.000000	0.000000	0.000000	1.000000	-0.123593	1.114880	-0.124238	-0.096795	0.199068
	0.000000	0.000000	0.000000	0.000000	1.000000	-0.091362	0.728106	0.039533	-0.112854	0.918727
	0.000000	0.000000	0.000000	0.000000	1.000000	-0.111049	0.964044	0.012802	-0.075453	-0.051893
	0.000000	0.000000	0.000000	0.000000	1.000000	-0.103072	-0.072354	-0.097242	0.017656	0.001301
	0.000000	0.000000	0.000000	0.000000	1.000000	-0.101853	1.047417	-0.113335	-0.070130	1.124546
	0.000000	0.000000	0.000000	0.000000	1.000000	-0.117221	0.563572	0.075004	-0.121382	0.242776
	0.000000	0.000000	0.000000	0.000000	1.000000	-0.091710	0.882677	-0.076752	0.047704	1.112016
	0.000000	0.000000	0.000000	0.000000	1.000000	-0.046553	0.130937	0.029564	-0.123988	0.816076
	0.000000	0.000000	0.000000	0.000000	1.000000	-0.098968	0.328699	-0.101046	0.048465	0.607318
	0.000000	0.000000	0.000000	0.000000	1.000000	-0.101609	-0.057185	0.455418	-0.008434	0.404281
	0.000000	0.000000	0.000000	0.000000	1.000000	-0.102055	0.779956	-0.025403	-0.102646	-0.114340
	0.000000	0.000000	0.000000	0.000000	1.000000	-0.092654	0.447684	-0.120744	-0.124991	0.207490
	0.000000	0.000000	0.000000	0.000000	1.000000	-0.111441	-0.065993	0.022738	0.070013	0.302146
	0.000000	0.000000	0.000000	0.000000	1.000000	-0.114424	0.354785	-0.121161	-0.087892	-0.119314
	0.000000	0.000000	0.000000	0.000000	1.000000	-0.058546	0.413967	-0.116410	-0.124839	-0.121154
	0.000000	0.000000	0.000000	0.000000	1.000000	-0.087839	0.554649	-0.120264	-0.019258	0.713349
	1.000000	0.000000	0.000000	0.000000	0.000000	-0.108014	0.921480	-0.113799	-0.095138	0.063994
	1.000000	0.000000	0.000000	0.000000	0.000000	-0.109308	0.965087	-0.123593	-0.116235	0.919487
	1.000000	0.000000	0.000000	0.000000	0.000000	-0.122116	1.007292	-0.069184	-0.124597	1.041652
	1.000000	0.000000	0.000000	0.000000	0.000000	-0.124974	0.920449	-0.093877	-0.108456	0.847503
	1.000000	0.000000	0.000000	0.000000	0.000000	-0.124353	-0.109041	-0.123670	-0.124325	0.882029
	1.000000	0.000000	0.000000	0.000000	0.000000	-0.083316	1.121959	0.211943	-0.075449	0.909687
	1.000000	0.000000	0.000000	0.000000	0.000000	-0.015079	0.863271	-0.053462	-0.034608	0.201654
	1.000000	0.000000	0.000000	0.000000	0.000000	-0.114106	-0.123602	-0.072019	-0.123655	0.853755
	1.000000	0.000000	0.000000	0.000000	0.000000	-0.122968	0.330402	0.071470	-0.124016	0.661983
	1.000000	0.000000	0.000000	0.000000	0.000000	-0.056547	0.545554	-0.100955	-0.075491	0.407758
	1.000000	0.000000	0.000000	0.000000	0.000000	-0.113746	1.122925	0.080610	0.054768	1.088139
	1.000000	0.000000	0.000000	0.000000	0.000000	-0.025326	-0.120980	-0.074705	0.063306	1.060818
	1.000000	0.000000	0.000000	0.000000	0.000000	-0.124934	1.004519	-0.082400	-0.112856	1.062263
	1.000000	0.000000	0.000000	0.000000	0.000000	-0.107191	0.256779	-0.120891	-0.101347	0.382046
	1.000000	0.000000	0.000000	0.000000	0.000000	-0.080506	1.121945	-0.115488	-0.029832	0.210042
	1.000000	0.000000	0.000000	0.000000	0.000000	-0.084403	0.404392	-0.053583	0.028346	-0.060460
	0.000000	1.000000	0.000000	0.000000	0.000000	-0.078291	-0.037998	-0.099016	-0.071123	1.062400
	0.000000	1.000000	0.000000	0.000000	0.000000	-0.124924	0.275866	0.177388	-0.097755	0.138022
	0.000000	1.000000	0.000000	0.000000	0.000000	-0.075419	-0.117074	0.220626	-0.122882	0.823035
	0.000000	1.000000	0.000000	0.000000	0.000000	-0.121405	-0.124092	-0.123838	-0.122073	0.564911
	0.000000	1.000000	0.000000	0.000000	0.000000	-0.124635	0.436997	-0.082913	-0.116577	1.076047
	0.000000	1.000000	0.000000	0.000000	0.000000	-0.122637	1.054422	-0.019748	-0.119496	0.150817
	0.000000	1.000000	0.000000	0.000000	0.000000	-0.076096	0.902487	0.043089	-0.023002	0.996613
	0.000000	1.000000	0.000000	0.000000	0.000000	-0.083938	0.772168	-0.035347	-0.096710	0.147742
	0.000000	1.000000	0.000000	0.000000	0.000000	-0.111328	0.911825	0.044493	-0.120301	0.737720
	0.000000	1.000000	0.000000	0.000000	0.000000	-0.118600	1.123262	0.107385	-0.036792	-0.070803
	0.000000	1.000000	0.000000	0.000000	0.000000	-0.117415	1.124880	-0.056522	-0.120611	0.580057
	0.000000	1.000000	0.000000	0.000000	0.000000	-0.121579	-0.015695	-0.109634	-0.120211	0.010097
	0.000000	1.000000	0.000000	0.000000	0.000000	-0.123008	-0.043171	0.019533	-0.083158	0.440632
	0.000000	1.000000	0.000000	0.000000	0.000000	-0.121168	-0.041620	-0.007400	0.031944	0.372670
	0.000000	1.000000	0.000000	0.000000	0.000000	-0.074020	0.181884	-0.123344	-0.100048	0.902658
	0.000000	1.000000	0.000000	0.000000	0.000000	0.023399	1.090883	0.001213	0.016641	-0.054180
	0.000000	1.000000	0.000000	0.000000	0.000000	-0.113709	0.661374	0.062052	-0.100329	0.754585
	0.000000	1.000000	0.000000	0.000000	0.000000	-0.119018	1.008268	0.083897	-0.113732	0.447789
	0.000000	1.000000	0.000000	0.000000	0.000000	-0.124616	1.027614	0.188682	-0.101298	1.122106
	0.000000	1.000000	0.000000	0.000000	0.000000	-0.124258	0.801294	-0.089176	-0.124409	0.710514
	0.000000	1.000000	0.000000	0.000000	0.000000	-0.100801	-0.088660	0.023740	-0.124952	-0.123424
	0.000000	1.000000	0.000000	0.000000	0.000000	-0.091679	1.075801	-0.105223	-0.031030	1.089566
	0.000000	1.000000	0.000000	0.000000	0.000000	-0.124515	-0.103523	-0.000374	-0.074658	0.050977
	0.000000	1.000000	0.000000	0.000000	0.000000	0.096766	-0.124524	-0.035462	-0.119963	0.995610
	0.000000	1.000000	0.000000	0.000000	0.000000	-0.113711	0.263273	-0.104754	-0.081164	0.234385
	0.000000	1.000000	0.000000	0.000000	0.000000	-0.091250	1.098614	-0.070760	-0.124947	-0.087885
	0.000000	1.000000	0.000000	0.000000	0.000000	0.022991	0.134934	0.376618	-0.070634	0.264573
	0.000000	1.000000	0.000000	0.000000	0.000000	-0.120547	1.075459	-0.077283	-0.065500	0.901638
	0.000000	1.000000	0.000000	0.000000	0.000000	-0.103495	1.005196	-0.123653	-0.087094	0.904079
	0.000000	1.000000	0.000000	0.000000	0.000000	-0.106121	0.649156	-0.033309	0.110399	-0.121962
	0.000000	1.000000	0.000000	0.000000	0.000000	-0.006686	1.116615	0.164713	-0.124686	1.123695
	0.000000	1.000000	0.000000	0.000000	0.000000	-0.071988	0.041441	-0.090221	0.045702	-0.095530
	0.000000	1.000000	0.000000	0.000000	0.000000	-0.123970	1.124891	-0.100958	-0.094007	0.148763
	0.000000	1.000000	0.000000	0.000000	0.000000	0.015711	0.446804	0.235399	-0.067213	0.840394
	0.000000	1.000000	0.000000	0.000000	0.000000	-0.124969	1.102125	-0.108853	-0.067515	0.451759
	0.000000	0.000000	1.000000	0.000000	0.000000	-0.099443	-0.031518	-0.053112	-0.057241	1.069978
	0.000000	0.000000	1.000000	0.000000	0.000000	-0.113987	0.162416	0.512940	-0.123926	0.048256
	0.000000	0.000000	1.000000	0.000000	0.000000	-0.093574	0.921670	-0.115854	-0.081410	-0.113995
	0.000000	0.000000	1.000000	0.000000	0.000000	-0.087730	0.759226	0.230905	-0.118961	1.025885
	0.000000	0.000000	1.000000	0.000000	0.000000	-0.085224	0.708505	0.082899	-0.064145	0.675220
	0.000000	0.000000	1.000000	0.000000	0.000000	-0.124282	-0.098698	-0.113106	-0.075843	0.092880
	0.000000	0.000000	1.000000	0.000000	0.000000	-0.080459	-0.011814	-0.077752	-0.004992	0.811694
	0.000000	0.000000	1.000000	0.000000	0.000000	-0.075467	-0.118436	-0.086387	-0.070594	0.103212
	0.000000	0.000000	1.000000	0.000000	0.000000	-0.117308	0.358370	-0.061159	-0.110390	0.515629
	0.000000	0.000000	1.000000	0.000000	0.000000	-0.092303	0.382876	-0.117415	-0.119761	-0.071987
	0.000000	0.000000	1.000000	0.000000	0.000000	-0.120209	1.112515	0.021273	-0.124698	0.206577
	0.000000	0.000000	1.000000	0.000000	0.000000	-0.102050	1.078926	0.008462	-0.100350	1.124196
	0.000000	0.000000	1.000000	0.000000	0.000000	-0.124967	0.845336	-0.113276	-0.124649	-0.097911
	0.000000	0.000000	1.000000	0.000000	0.000000	-0.076178	0.414437	0.184764	-0.039209	0.715060
	0.000000	0.000000	1.000000	0.000000	0.000000	0.040676	0.038631	-0.072140	-0.036410	1.046312
	0.000000	0.000000	1.000000	0.000000	0.000000	-0.105575	1.073247	-0.102513	-0.112303	1.072962
	0.000000	0.000000	0.000000	1.000000	0.000000	-0.079406	1.092945	-0.063281	-0.015376	0.566725
	0.000000	0.000000	0.000000	1.000000	0.000000	-0.061302	0.906910	0.150857	-0.121911	-0.103952
	0.000000	0.000000	0.000000	1.000000	0.000000	0.094958	0.661464	-0.098351	-0.121875	0.483582
	0.000000	0.000000	0.000000	1.000000	0.000000	0.033780	-0.043150	-0.056940	-0.087184	1.124582
	0.000000	0.000000	0.000000	1.000000	0.000000	0.133275	0.184001	-0.021846	0.106596	0.153599
	0.000000	0.000000	0.000000	1.000000	0.000000	-0.069200	0.077196	0.221191	-0.007138	0.864842
	0.000000	0.000000	0.000000	1.000000	0.000000	-0.124990	0.114803	0.105721	-0.066450	0.423078
	0.000000	0.000000	0.000000	1.000000	0.000000	-0.113539	-0.059283	-0.124482	0.033755	-0.112892
	0.000000	0.000000	0.000000	1.000000	0.000000	-0.036103	0.013347	-0.116044	-0.114915	0.585884
	0.000000	0.000000	0.000000	1.000000	0.000000	-0.122555	1.112334	-0.065868	-0.124825	-0.112479
	0.000000	0.000000	0.000000	1.000000	0.000000	-0.118182	0.007076	-0.124551	-0.009371	0.898246
	0.000000	0.000000	0.000000	1.000000	0.000000	-0.106182	0.154678	-0.115115	0.090376	-0.056857
	0.000000	0.000000	0.000000	1.000000	0.000000	0.073363	0.792677	-0.077171	0.105696	0.791129
	0.000000	0.000000	0.000000	1.000000	0.000000	-0.087268	1.075244	-0.116451	-0.042191	0.571937
	0.000000	0.000000	0.000000	1.000000	0.000000	-0.075486	1.074472	0.072469	0.017360	0.405014
	0.000000	0.000000	0.000000	0.000000	1.000000	-0.124487	-0.086538	0.040675	-0.082816	-0.004307
	0.000000	0.000000	0.000000	0.000000	1.000000	-0.124565	1.010705	-0.104762	-0.115307	0.102111
	0.000000	0.000000	0.000000	0.000000	1.000000	-0.085146	-0.089012	-0.124092	-0.116985	0.237856
	0.000000	0.000000	0.000000	0.000000	1.000000	-0.124002	0.648853	-0.034391	-0.105490	0.944281
	0.000000	0.000000	0.000000	0.000000	1.000000	-0.124464	-0.124996	0.204795	-0.094842	0.714777
	0.000000	0.000000	0.000000	0.000000	1.000000	-0.042797	1.122097	-0.045422	-0.108215	1.121994
	0.000000	0.000000	0.000000	0.000000	1.000000	-0.116236	1.100381	-0.042464	-0.111548	1.124856
	0.000000	0.000000	0.000000	0.000000	1.000000	0.023757	1.038994	-0.099345	-0.124070	-0.120401
	0.000000	0.000000	0.000000	0.000000	1.000000	-0.124947	1.124737	-0.109108	-0.101537	-0.118535
	0.000000	0.000000	0.000000	0.000000	1.000000	-0.093971	0.048987	-0.054534	-0.029222	-0.124814
	0.000000	0.000000	0.000000	0.000000	1.000000	-0.092548	0.909001	-0.099941	0.074157	0.989561
	0.000000	0.000000	0.000000	0.000000	1.000000	-0.124416	1.124990	-0.124911	-0.124982	0.137844
	0.000000	0.000000	0.000000	0.000000	1.000000	-0.124613	-0.119622	-0.099597	-0.124655	-0.067861
	0.000000	0.000000	0.000000	0.000000	1.000000	-0.110136	1.116959	-0.044371	-0.110725	1.105090
	0.000000	0.000000	0.000000	0.000000	1.000000	-0.118715	0.724023	-0.072855	-0.022172	0.583193
	0.000000	0.000000	0.000000	0.000000	1.000000	-0.118478	0.335506	-0.120494	-0.106659	0.787220
	0.000000	0.000000	0.000000	0.000000	1.000000	-0.094567	0.011348	-0.118289	0.009942	-0.047566
	0.000000	0.000000	0.000000	0.000000	1.000000	-0.124991	0.090768	0.247753	-0.121861	0.919516
	0.000000	0.000000	0.000000	0.000000	1.000000	-0.122169	1.124565	-0.113441	-0.000112	0.480380
	0.000000	0.000000	0.000000	0.000000	1.000000	-0.122868	-0.099191	-0.119995	-0.056869	0.999701
	0.000000	0.000000	0.000000	0.000000	1.000000	-0.120580	0.279519	-0.124999	-0.042440	-0.122621
	0.000000	0.000000	0.000000	0.000000	1.000000	-0.121113	0.100607	-0.124211	-0.103025	0.516944
	0.000000	0.000000	0.000000	0.000000	1.000000	-0.118779	0.301479	0.047101	-0.123179	-0.051654
	0.000000	0.000000	0.000000	0.000000	1.000000	-0.008264	1.093409	-0.055520	0.158128	0.945186
	0.000000	0.000000	0.000000	0.000000	1.000000	-0.094444	1.054170	-0.116907	0.109085	0.114398
	0.000000	0.000000	0.000000	0.000000	1.000000	-0.119211	1.118232	-0.104892	-0.033347	0.736645
	0.000000	0.000000	0.000000	0.000000	1.000000	-0.010806	1.121226	-0.097047	-0.100419	0.512066
	0.000000	0.000000	0.000000	0.000000	1.000000	-0.100159	1.041137	-0.121370	-0.124080	0.369757
	0.000000	0.000000	0.000000	0.000000	1.000000	-0.099941	-0.099276	-0.060831	-0.108729	-0.124571
	0.000000	0.000000	0.000000	0.000000	1.000000	-0.083060	0.290305	0.261822	-0.065581	0.732209
	0.000000	0.000000	0.000000	0.000000	1.000000	-0.097911	0.145903	-0.066047	-0.117560	1.101817
	0.000000	0.000000	0.000000	0.000000	1.000000	-0.092661	-0.110725	-0.116763	-0.121189	1.077347
	0.000000	0.000000	0.000000	0.000000	1.000000	-0.121106	-0.120040	-0.094911	-0.022313	0.272493
	0.000000	0.000000	0.000000	0.000000	1.000000	-0.067816	1.112171	-0.109150	0.052305	0.449055
	0.000000	0.000000	0.000000	0.000000	1.000000	-0.119880	0.564230	-0.124914	-0.124395	0.809022
	0.000000	0.000000	0.000000	0.000000	1.000000	-0.079769	-0.050331	0.030166	-0.096232	-0.104500
	0.000000	0.000000	0.000000	0.000000	1.000000	-0.065617	0.085349	-0.121706	-0.042739	0.235666
	0.000000	0.000000	0.000000	0.000000	1.000000	-0.122528	0.752226	-0.112992	-0.124965	0.518132
	0.000000	0.000000	0.000000	0.000000	1.000000	-0.121440	0.507275	-0.063202	-0.055124	0.859701
	0.000000	0.000000	0.000000	0.000000	1.000000	-0.124977	1.050504	-0.088359	-0.117330	1.104771
	0.000000	0.000000	0.000000	0.000000	1.000000	-0.051863	0.239993	-0.118835	-0.102183	-0.050498
	0.000000	0.000000	0.000000	0.000000	1.000000	-0.088657	1.124999	-0.015211	0.015210	1.104797
	0.000000	0.000000	0.000000	0.000000	1.000000	-0.124959	-0.124773	-0.049019	0.051712	0.027434
	0.000000	0.000000	0.000000	0.000000	1.000000	-0.121613	0.523829	0.335949	-0.124839	-0.044050
	0.000000	0.000000	0.000000	0.000000	1.000000	-0.113389	0.276755	0.180741	-0.095489	1.058686
	0.000000	0.000000	0.000000	0.000000	1.000000	-0.024591	0.511450	-0.123529	-0.122433	0.997130
	0.000000	0.000000	0.000000	0.000000	1.000000	0.002892	1.049041	0.091632	-0.124306	0.751045
	0.000000	0.000000	0.000000	0.000000	1.000000	-0.124967	0.392355	-0.007461	-0.104484	-0.002272
	0.000000	0.000000	0.000000	0.000000	1.000000	-0.114061	0.066304	-0.118683	-0.121250	-0.050652
	0.000000	0.000000	0.000000	0.000000	1.000000	0.128797	-0.067291	-0.042943	-0.111065	0.903226
	0.000000	0.000000	0.000000	0.000000	1.000000	-0.124136	0.746857	-0.005187	-0.045220	0.419071
	0.000000	0.000000	0.000000	0.000000	1.000000	0.073245	0.616791	-0.029163	-0.084227	0.925412
	0.000000	0.000000	0.000000	0.000000	1.000000	-0.112087	-0.112999	-0.102301	-0.118576	1.103976
	0.000000	0.000000	0.000000	0.000000	1.000000	-0.104990	0.967581	-0.052970	-0.102686	0.501682
	0.000000	0.000000	0.000000	0.000000	1.000000	-0.072638	1.098155	-0.113999	-0.073358	0.519876
	0.000000	0.000000	0.000000	0.000000	1.000000	-0.118823	0.477721	0.011625	-0.121716	-0.037058
	0.000000	0.000000	0.000000	0.000000	1.000000	-0.109307	1.020250	-0.067392	-0.110555	0.513457
	0.000000	0.000000	0.000000	0.000000	1.000000	-0.124841	1.107347	0.007863	-0.043653	0.494906
	0.000000	0.000000	0.000000	0.000000	1.000000	-0.124972	-0.101456	-0.079287	-0.037446	1.012972
	0.000000	0.000000	0.000000	0.000000	1.000000	-0.122703	-0.124734	0.035580	-0.089264	1.089527
	0.000000	0.000000	0.000000	0.000000	1.000000	-0.090639	-0.119532	-0.120177	-0.124683	-0.124714
