	1.000000	0.000000	0.000000	0.000000	0.000000	-0.014387	1.057295	-0.064660	-0.115919	-0.008161
	1.000000	0.000000	0.000000	0.000000	0.000000	-0.056129	0.634255	-0.000081	0.322685	-0.103039
	1.000000	0.000000	0.000000	0.000000	0.000000	-0.118291	0.126376	-0.124636	0.167558	1.005819
	1.000000	0.000000	0.000000	0.000000	0.000000	-0.124662	0.078763	0.262498	-0.071649	0.481428
	1.000000	0.000000	0.000000	0.000000	0.000000	-0.119800	1.007514	-0.122176	-0.124890	-0.117014
	1.000000	0.000000	0.000000	0.000000	0.000000	-0.125000	0.896753	-0.109280	-0.084086	0.963775
	1.000000	0.000000	0.000000	0.000000	0.000000	-0.047654	0.631479	-0.061722	-0.095717	0.486873
	1.000000	0.000000	0.000000	0.000000	0.000000	-0.111595	-0.058285	-0.124884	0.280989	0.160695
	1.000000	0.000000	0.000000	0.000000	0.000000	0.015071	-0.124216	-0.012747	-0.124948	-0.050214
	1.000000	0.000000	0.000000	0.000000	0.000000	-0.124935	1.086418	0.013131	0.031517	1.117622
	1.000000	0.000000	0.000000	0.000000	0.000000	-0.117779	0.316624	-0.105989	0.024689	1.117624
	1.000000	0.000000	0.000000	0.000000	0.000000	0.052997	-0.110147	0.116143	0.274852	0.897708
	1.000000	0.000000	0.000000	0.000000	0.000000	0.136599	1.072331	0.036465	-0.117617	0.791212
	1.000000	0.000000	0.000000	0.000000	0.000000	-0.056333	0.100111	-0.080645	0.101131	0.582987
	0.000000	1.000000	0.000000	0.000000	0.000000	-0.124220	-0.122427	-0.112515	0.329156	-0.054652
	0.000000	1.000000	0.000000	0.000000	0.000000	-0.107904	-0.109744	-0.002112	-0.066139	0.716394
	0.000000	1.000000	0.000000	0.000000	0.000000	0.070828	-0.075835	-0.096426	-0.043126	1.102337
	0.000000	1.000000	0.000000	0.000000	0.000000	0.232852	0.827150	-0.033153	-0.114818	-0.070426
	0.000000	1.000000	0.000000	0.000000	0.000000	0.176025	-0.100654	-0.040065	-0.117429	0.996781
	0.000000	1.000000	0.000000	0.000000	0.000000	-0.097269	0.103821	0.028104	-0.124810	0.071460
	0.000000	1.000000	0.000000	0.000000	0.000000	0.162996	-0.104164	0.038495	-0.102193	0.372893
	0.000000	1.000000	0.000000	0.000000	0.000000	-0.123112	-0.031519	-0.078647	-0.122641	0.975039
	0.000000	1.000000	0.000000	0.000000	0.000000	0.071429	0.664435	0.014568	-0.014265	0.085040
	0.000000	1.000000	0.000000	0.000000	0.000000	-0.105934	0.241536	-0.109151	0.073900	1.075233
	0.000000	1.000000	0.000000	0.000000	0.000000	-0.118197	0.240775	0.160826	-0.124992	0.335597
	0.000000	1.000000	0.000000	0.000000	0.000000	-0.123243	-0.117266	-0.060840	0.550166	0.468993
	0.000000	1.000000	0.000000	0.000000	0.000000	-0.079376	1.090319	0.094287	0.403210	0.932503
	0.000000	1.000000	0.000000	0.000000	0.000000	-0.123002	0.086386	0.210288	-0.096234	1.056358
	0.000000	1.000000	0.000000	0.000000	0.000000	-0.100147	1.031397	-0.118151	-0.123846	-0.112144
	0.000000	1.000000	0.000000	0.000000	0.000000	-0.083864	1.021272	-0.103115	-0.028155	0.801893
	0.000000	1.000000	0.000000	0.000000	0.000000	-0.108530	-0.003036	-0.051828	-0.066469	0.551038
	0.000000	1.000000	0.000000	0.000000	0.000000	0.007186	-0.025754	0.418256	0.349118	-0.114412
	0.000000	1.000000	0.000000	0.000000	0.000000	0.099572	0.401904	0.104500	-0.081811	0.409099
	0.000000	1.000000	0.000000	0.000000	0.000000	-0.122138	0.438168	-0.102684	0.097187	1.113925
	0.000000	1.000000	0.000000	0.000000	0.000000	-0.124630	0.889518	0.080279	0.888041	0.622365
	0.000000	1.000000	0.000000	0.000000	0.000000	-0.110204	0.126603	-0.124299	-0.081698	0.588954
	0.000000	1.000000	0.000000	0.000000	0.000000	-0.089193	0.004101	-0.111819	0.009007	1.106901
	0.000000	1.000000	0.000000	0.000000	0.000000	0.119319	0.753276	0.355883	0.397448	-0.089998
	0.000000	1.000000	0.000000	0.000000	0.000000	-0.113339	-0.068440	0.064878	-0.061115	1.062498
	0.000000	1.000000	0.000000	0.000000	0.000000	-0.030589	0.279511	-0.109120	-0.116217	-0.109036
	0.000000	1.000000	0.000000	0.000000	0.000000	-0.016475	1.086518	-0.058690	-0.103097	0.140917
	0.000000	1.000000	0.000000	0.000000	0.000000	0.322827	0.977923	0.062274	0.053948	0.622350
	0.000000	1.000000	0.000000	0.000000	0.000000	0.236890	0.198230	-0.081486	-0.068025	0.359932
	0.000000	1.000000	0.000000	0.000000	0.000000	0.077597	0.215740	-0.047726	-0.097470	1.088799
	0.000000	1.000000	0.000000	0.000000	0.000000	-0.045613	0.055227	-0.035643	-0.116753	0.901757
	0.000000	1.000000	0.000000	0.000000	0.000000	-0.122130	1.083602	0.080552	-0.107548	0.568473
	0.000000	1.000000	0.000000	0.000000	0.000000	0.155837	0.800236	-0.077076	-0.078880	1.095783
	0.000000	1.000000	0.000000	0.000000	0.000000	-0.107794	0.266560	0.036005	-0.105411	0.162948
	0.000000	1.000000	0.000000	0.000000	0.000000	-0.121099	1.019397	0.058147	0.521347	-0.124413
	0.000000	1.000000	0.000000	0.000000	0.000000	-0.006372	0.377567	-0.031235	0.072951	0.897658
	0.000000	1.000000	0.000000	0.000000	0.000000	-0.120913	0.872520	0.053383	-0.124261	0.242867
	0.000000	1.000000	0.000000	0.000000	0.000000	-0.115179	-0.068647	-0.004959	-0.124362	1.123767
	0.000000	1.000000	0.000000	0.000000	0.000000	0.012986	1.108093	0.203110	-0.086105	0.275804
	0.000000	0.000000	1.000000	0.000000	0.000000	-0.052796	1.064383	-0.116793	-0.116727	1.047020
	0.000000	0.000000	1.000000	0.000000	0.000000	-0.032727	0.779572	-0.021978	-0.108445	0.515521
	0.000000	0.000000	1.000000	0.000000	0.000000	0.061473	0.293578	-0.100000	0.031524	0.053223
	0.000000	0.000000	1.000000	0.000000	0.000000	-0.045673	0.658191	-0.084939	0.039810	0.253884
	0.000000	0.000000	1.000000	0.000000	0.000000	-0.063904	0.183862	-0.099491	-0.119621	1.039615
	0.000000	0.000000	1.000000	0.000000	0.000000	0.031213	0.069637	-0.054320	-0.036869	0.267852
	0.000000	0.000000	1.000000	0.000000	0.000000	-0.026880	0.408901	-0.036788	0.144920	-0.124396
	0.000000	0.000000	1.000000	0.000000	0.000000	-0.063344	0.058909	-0.060622	0.128662	0.555768
	0.000000	0.000000	1.000000	0.000000	0.000000	-0.002718	1.123920	-0.038253	-0.123829	-0.124959
	0.000000	0.000000	1.000000	0.000000	0.000000	-0.045730	0.506134	-0.123722	0.494338	0.937199
	0.000000	0.000000	1.000000	0.000000	0.000000	-0.102403	0.922625	-0.094084	-0.003595	-0.031395
	0.000000	0.000000	1.000000	0.000000	0.000000	-0.124146	1.110649	-0.091418	-0.067114	1.124406
	0.000000	0.000000	1.000000	0.000000	0.000000	-0.045961	1.123476	-0.028180	-0.096926	1.121641
	0.000000	0.000000	0.000000	1.000000	0.000000	-0.090491	0.322545	0.354907	-0.113656	0.724622
	0.000000	0.000000	0.000000	1.000000	0.000000	-0.116210	0.578553	0.005001	-0.004688	1.112364
	0.000000	0.000000	0.000000	1.000000	0.000000	-0.064529	0.521410	-0.006315	0.316042	0.597404
	0.000000	0.000000	0.000000	1.000000	0.000000	-0.109054	0.743852	-0.008256	0.000253	0.080804
	0.000000	0.000000	0.000000	1.000000	0.000000	0.234142	1.105873	0.082574	0.108728	-0.124840
	0.000000	0.000000	0.000000	1.000000	0.000000	-0.067745	0.970266	0.260943	-0.034764	0.938739
	0.000000	0.000000	0.000000	1.000000	0.000000	0.016354	0.428606	-0.098181	-0.035363	-0.124598
	0.000000	0.000000	0.000000	1.000000	0.000000	0.136567	0.344329	0.097773	-0.124138	-0.109034
	0.000000	0.000000	0.000000	1.000000	0.000000	-0.107357	-0.056423	0.082520	-0.072686	0.893464
	0.000000	0.000000	0.000000	1.000000	0.000000	0.111124	-0.111209	0.047311	-0.108990	0.974942
	0.000000	0.000000	0.000000	1.000000	0.000000	-0.107463	0.061845	0.060418	-0.041149	0.319906
	0.000000	0.000000	0.000000	1.000000	0.000000	-0.092984	0.617696	-0.074558	-0.025953	0.743508
	0.000000	0.000000	0.000000	1.000000	0.000000	-0.099572	0.367191	0.082534	0.641724	0.663556
	0.000000	0.000000	0.000000	1.000000	0.000000	-0.089974	0.782237	-0.057812	-0.070190	1.105433
	0.000000	0.000000	0.000000	1.000000	0.000000	-0.061748	-0.122591	0.042087	0.269684	-0.119730
	0.000000	0.000000	0.000000	1.000000	0.000000	0.068316	1.012119	0.243475	-0.114332	-0.123328
	0.000000	0.000000	0.000000	0.000000	1.000000	0.008169	-0.124190	-0.102748	0.088504	1.049067
	0.000000	0.000000	0.000000	0.000000	1.000000	-0.120672	-0.025958	0.011051	-0.124989	1.097588
	0.000000	0.000000	0.000000	0.000000	1.000000	-0.112595	0.679494	0.220861	-0.002950	1.061487
	0.000000	0.000000	0.000000	0.000000	1.000000	0.106231	1.122314	-0.020794	-0.072036	0.958195
	0.000000	0.000000	0.000000	0.000000	1.000000	-0.124643	0.310230	0.100488	-0.007561	0.666655
	0.000000	0.000000	0.000000	0.000000	1.000000	-0.024074	0.074618	0.290911	-0.048424	0.556137
	0.000000	0.000000	0.000000	0.000000	1.000000	-0.122614	0.711085	-0.091597	-0.096979	0.576580
	0.000000	0.000000	0.000000	0.000000	1.000000	-0.075768	0.634667	-0.073332	-0.031645	-0.050915
	0.000000	0.000000	0.000000	0.000000	1.000000	-0.098526	0.977671	0.147719	-0.121913	0.752915
	0.000000	0.000000	0.000000	0.000000	1.000000	0.142104	1.069458	-0.000336	-0.119993	0.469867
	0.000000	0.000000	0.000000	0.000000	1.000000	-0.082347	0.200333	-0.071403	-0.108549	0.412952
	0.000000	0.000000	0.000000	0.000000	1.000000	-0.100703	-0.083386	-0.124963	-0.118382	0.917375
	0.000000	0.000000	0.000000	0.000000	1.000000	-0.071565	-0.121765	-0.108030	-0.024123	-0.097619
	0.000000	0.000000	0.000000	0.000000	1.000000	-0.124287	0.189235	-0.092987	-0.123739	0.806202
	0.000000	0.000000	0.000000	0.000000	1.000000	0.048462	0.223770	-0.122120	-0.117356	-0.124812
	0.000000	0.000000	0.000000	0.000000	1.000000	0.027692	0.070491	-0.079217	0.093901	1.114430
	0.000000	0.000000	0.000000	0.000000	1.000000	-0.000299	0.307330	0.038823	0.903213	0.251866
	0.000000	0.000000	0.000000	0.000000	1.000000	-0.110686	0.314087	0.191298	0.061520	1.109832
	0.000000	0.000000	0.000000	0.000000	1.000000	-0.119709	-0.124330	0.013304	-0.113407	0.128911
	0.000000	0.000000	0.000000	0.000000	1.000000	-0.056476	-0.046023	0.008520	0.042725	0.805094
	0.000000	0.000000	0.000000	0.000000	1.000000	0.145691	0.042284	-0.043844	-0.102076	0.501161
	0.000000	0.000000	0.000000	0.000000	1.000000	0.168406	0.549568	-0.018467	-0.124660	0.267631
	0.000000	0.000000	0.000000	0.000000	1.000000	0.016608	0.928899	0.202590	0.473613	-0.046596
	0.000000	0.000000	0.000000	0.000000	1.000000	-0.077387	0.350519	0.018803	0.174397	-0.117516
	0.000000	0.000000	0.000000	0.000000	1.000000	-0.110746	0.727680	-0.000110	0.102300	0.927025
	0.000000	0.000000	0.000000	0.000000	1.000000	0.041402	-0.005952	-0.083352	0.208160	0.814816
	0.000000	0.000000	0.000000	0.000000	1.000000	-0.120113	-0.061911	-0.118426	-0.124060	0.370836
	0.000000	0.000000	0.000000	0.000000	1.000000	-0.122975	0.191943	0.152429	0.004197	0.893450
	0.000000	0.000000	0.000000	0.000000	1.000000	-0.114653	1.114673	-0.046733	-0.031662	-0.114987
	0.000000	0.000000	0.000000	0.000000	1.000000	-0.010008	1.124973	0.441259	0.112993	0.309853
	0.000000	0.000000	0.000000	0.000000	1.000000	0.079282	0.847231	-0.115148	-0.121867	1.027808
	0.000000	0.000000	0.000000	0.000000	1.000000	-0.124629	1.124882	-0.017346	-0.077572	-0.051945
	0.000000	0.000000	0.000000	0.000000	1.000000	-0.125000	-0.075554	0.156140	-0.123196	0.822527
	0.000000	0.000000	0.000000	0.000000	1.000000	0.370455	0.476712	0.131953	0.148013	0.943976
	0.000000	0.000000	0.000000	0.000000	1.000000	-0.079308	0.308553	-0.122196	0.124046	1.076105
	0.000000	0.000000	0.000000	0.000000	1.000000	-0.122819	-0.095424	0.378093	-0.068055	1.012692
	0.000000	0.000000	0.000000	0.000000	1.000000	0.021969	0.349341	0.061500	0.072653	0.382748
	0.000000	0.000000	0.000000	0.000000	1.000000	-0.024167	0.928784	-0.121444	0.148855	0.770309
	0.000000	0.000000	0.000000	0.000000	1.000000	-0.053243	1.096476	0.092847	0.056208	0.818339
	0.000000	0.000000	0.000000	0.000000	1.000000	-0.090875	0.813873	0.021153	-0.111359	0.134119
	0.000000	0.000000	0.000000	0.000000	1.000000	-0.095893	0.165224	-0.122965	0.057359	-0.037230
	0.000000	0.000000	0.000000	0.000000	1.000000	0.220129	0.617905	-0.046243	-0.112019	0.294840
	0.000000	0.000000	0.000000	0.000000	1.000000	0.016053	-0.025582	-0.061205	0.199295	0.310105
	0.000000	0.000000	0.000000	0.000000	1.000000	0.025045	-0.092909	-0.066933	0.426414	-0.072861
	0.000000	0.000000	0.000000	0.000000	1.000000	-0.124831	1.077310	0.302142	-0.052915	0.014059
	0.000000	0.000000	0.000000	0.000000	1.000000	-0.123304	0.193124	0.007899	0.576463	-0.124851
	0.000000	0.000000	0.000000	0.000000	1.000000	-0.011965	1.056383	0.041506	-0.065029	1.124997
	0.000000	0.000000	0.000000	0.000000	1.000000	-0.059031	0.931377	-0.015908	-0.033543	0.113255
	0.000000	0.000000	0.000000	0.000000	1.000000	-0.124856	0.097657	0.244655	0.052989	0.685604
	0.000000	0.000000	0.000000	0.000000	1.000000	-0.106716	0.386851	-0.123673	-0.092026	0.372085
	0.000000	0.000000	0.000000	0.000000	1.000000	-0.122919	0.610394	-0.123422	-0.124982	0.713963
	0.000000	0.000000	0.000000	0.000000	1.000000	-0.073424	0.295985	-0.015721	-0.123965	0.287784
	0.000000	0.000000	0.000000	0.000000	1.000000	-0.086971	0.693736	0.018936	-0.054003	1.123306
	0.000000	0.000000	0.000000	0.000000	1.000000	0.212209	-0.104638	0.057529	-0.122964	-0.108118
	0.000000	0.000000	0.000000	0.000000	1.000000	-0.106639	1.104473	0.029298	0.024194	0.892964
	0.000000	0.000000	0.000000	0.000000	1.000000	-0.090467	0.863748	-0.055430	-0.111679	-0.123759
	0.000000	0.000000	0.000000	0.000000	1.000000	-0.030945	-0.123246	0.139751	-0.108390	0.837695
	0.000000	0.000000	0.000000	0.000000	1.000000	-0.110086	0.311797	-0.116348	0.023689	0.107828
	0.000000	0.000000	0.000000	0.000000	1.000000	-0.107188	-0.066529	0.010935	0.698566	1.010889
	0.000000	0.000000	0.000000	0.000000	1.000000	0.052623	1.120746	-0.041886	-0.023048	0.903203
	0.000000	0.000000	0.000000	0.000000	1.000000	0.201312	1.116158	0.192465	0.009465	-0.102573
	0.000000	0.000000	0.000000	0.000000	1.000000	-0.124975	1.120356	-0.048773	-0.122692	0.529950
	0.000000	0.000000	0.000000	0.000000	1.000000	-0.119520	0.409688	-0.054625	-0.108231	-0.117701
	0.000000	0.000000	0.000000	0.000000	1.000000	0.153075	1.119427	-0.057444	-0.119978	0.016970
	0.000000	0.000000	0.000000	0.000000	1.000000	-0.062138	0.840249	0.176193	0.330047	0.509915
	1.000000	0.000000	0.000000	0.000000	0.000000	-0.057027	0.052091	-0.077702	0.904357	0.083163
	1.000000	0.000000	0.000000	0.000000	0.000000	0.242663	-0.123541	0.171480	-0.063096	0.008304
	1.000000	0.000000	0.000000	0.000000	0.000000	-0.106287	1.118928	-0.060825	0.464235	1.081524
	1.000000	0.000000	0.000000	0.000000	0.000000	-0.047033	0.839800	0.157158	-0.019689	0.288270
	1.000000	0.000000	0.000000	0.000000	0.000000	0.056198	0.555611	0.116442	-0.110965	0.556077
	1.000000	0.000000	0.000000	0.000000	0.000000	0.151134	0.644258	-0.005414	-0.071452	0.735463
	1.000000	0.000000	0.000000	0.000000	0.000000	-0.051814	0.488039	0.015119	-0.007012	0.656158
	1.000000	0.000000	0.000000	0.000000	0.000000	-0.074325	1.123628	-0.123459	0.015055	0.689616
	1.000000	0.000000	0.000000	0.000000	0.000000	0.198871	0.120720	-0.034068	-0.123293	0.167336
	1.000000	0.000000	0.000000	0.000000	0.000000	-0.123420	1.049418	-0.026971	0.941820	0.114792
	1.000000	0.000000	0.000000	0.000000	0.000000	-0.110940	-0.039751	-0.085538	0.569478	0.403664
	1.000000	0.000000	0.000000	0.000000	0.000000	-0.039274	0.378628	-0.123872	0.433289	-0.092594
	1.000000	0.000000	0.000000	0.000000	0.000000	-0.058094	1.108632	-0.124656	-0.124995	-0.119347
	1.000000	0.000000	0.000000	0.000000	0.000000	0.001369	0.344469	-0.061250	-0.117526	0.279768
	1.000000	0.000000	0.000000	0.000000	0.000000	0.011560	0.494854	-0.040989	0.125029	0.659358
	1.000000	0.000000	0.000000	0.000000	0.000000	-0.123087	0.867086	-0.102525	-0.122942	0.110851
	0.000000	1.000000	0.000000	0.000000	0.000000	-0.108304	0.932646	-0.122025	-0.015428	-0.076113
	0.000000	1.000000	0.000000	0.000000	0.000000	-0.024864	-0.089284	0.262742	0.643252	0.704176
	0.000000	1.000000	0.000000	0.000000	0.000000	-0.088942	0.587665	-0.085839	-0.105058	0.440833
	0.000000	1.000000	0.000000	0.000000	0.000000	-0.100104	-0.055566	0.056396	-0.123497	1.079568
	0.000000	1.000000	0.000000	0.000000	0.000000	-0.115348	1.074259	-0.122424	-0.124214	0.729752
	0.000000	1.000000	0.000000	0.000000	0.000000	0.023784	0.371757	-0.090036	-0.083985	1.099380
	0.000000	1.000000	0.000000	0.000000	0.000000	-0.124561	0.836415	-0.099712	0.009013	0.105527
	0.000000	1.000000	0.000000	0.000000	0.000000	-0.089859	0.687052	-0.121805	0.042444	-0.054164
	0.000000	1.000000	0.000000	0.000000	0.000000	-0.081782	-0.098136	-0.046117	-0.057011	0.173140
	0.000000	1.000000	0.000000	0.000000	0.000000	-0.102214	0.879105	0.077231	-0.120183	0.958230
	0.000000	1.000000	0.000000	0.000000	0.000000	-0.092379	1.021795	0.252095	0.088790	0.078259
	0.000000	1.000000	0.000000	0.000000	0.000000	-0.082488	1.081842	0.185772	0.383206	-0.123183
	0.000000	1.000000	0.000000	0.000000	0.000000	-0.054209	-0.124186	0.193580	-0.069795	1.078886
	0.000000	1.000000	0.000000	0.000000	0.000000	0.162469	-0.108105	0.156845	0.068382	-0.018820
	0.000000	1.000000	0.000000	0.000000	0.000000	-0.069760	1.111951	-0.116973	0.360356	1.124061
	0.000000	1.000000	0.000000	0.000000	0.000000	-0.060582	0.135147	-0.106081	0.264166	0.255938
	0.000000	1.000000	0.000000	0.000000	0.000000	-0.122711	0.827513	-0.124955	0.068960	0.037229
	0.000000	1.000000	0.000000	0.000000	0.000000	-0.091431	1.096737	0.088819	0.531192	0.296963
	0.000000	1.000000	0.000000	0.000000	0.000000	-0.115779	0.320663	-0.124993	0.011732	0.031466
	0.000000	1.000000	0.000000	0.000000	0.000000	0.086557	-0.123967	-0.050962	-0.085180	1.075606
	0.000000	1.000000	0.000000	0.000000	0.000000	-0.118190	0.292907	0.006671	0.547640	-0.032934
	0.000000	1.000000	0.000000	0.000000	0.000000	-0.061342	0.487370	-0.113926	-0.063268	0.854983
	0.000000	1.000000	0.000000	0.000000	0.000000	0.137016	1.074274	-0.073372	-0.117352	0.517500
	0.000000	1.000000	0.000000	0.000000	0.000000	-0.124100	0.527884	-0.063240	-0.056409	1.122446
	0.000000	1.000000	0.000000	0.000000	0.000000	-0.105858	-0.008690	0.130945	-0.107698	1.104782
	0.000000	1.000000	0.000000	0.000000	0.000000	-0.124996	0.751212	0.091260	0.058690	0.668744
	0.000000	1.000000	0.000000	0.000000	0.000000	-0.098726	0.764396	-0.065542	-0.121196	-0.073356
	0.000000	1.000000	0.000000	0.000000	0.000000	0.388393	1.078972	0.014180	-0.024053	1.095980
	0.000000	1.000000	0.000000	0.000000	0.000000	-0.072665	0.945561	-0.073469	0.458346	1.095327
	0.000000	1.000000	0.000000	0.000000	0.000000	-0.102717	0.532360	0.056715	0.077790	0.652932
	0.000000	1.000000	0.000000	0.000000	0.000000	-0.073612	-0.096004	-0.121353	-0.105316	0.156427
	0.000000	1.000000	0.000000	0.000000	0.000000	-0.124828	1.063775	-0.084944	-0.009308	-0.019261
	0.000000	1.000000	0.000000	0.000000	0.000000	-0.047017	0.929274	-0.051465	-0.032824	1.116131
	0.000000	1.000000	0.000000	0.000000	0.000000	0.084311	0.239028	-0.022753	0.337500	0.796175
	0.000000	1.000000	0.000000	0.000000	0.000000	-0.075039	0.496216	0.289228	-0.008972	0.329263
	0.000000	0.000000	1.000000	0.000000	0.000000	-0.123736	1.124408	-0.106880	-0.026416	1.096882
	0.000000	0.000000	1.000000	0.000000	0.000000	-0.075168	0.481485	0.039560	-0.124289	0.531095
	0.000000	0.000000	1.000000	0.000000	0.000000	-0.112687	0.943867	-0.020738	0.028085	1.072961
	0.000000	0.000000	1.000000	0.000000	0.000000	0.016611	0.283755	-0.102642	0.411363	-0.002356
	0.000000	0.000000	1.000000	0.000000	0.000000	-0.113297	0.913663	-0.078196	-0.096234	-0.124463
	0.000000	0.000000	1.000000	0.000000	0.000000	-0.112072	0.880462	-0.097616	0.470434	0.187806
	0.000000	0.000000	1.000000	0.000000	0.000000	-0.003430	0.013255	0.025869	-0.072646	0.096920
	0.000000	0.000000	1.000000	0.000000	0.000000	-0.124567	0.301474	-0.041947	-0.028108	1.111081
	0.000000	0.000000	1.000000	0.000000	0.000000	-0.124955	0.659096	-0.060684	-0.111616	0.312551
	0.000000	0.000000	1.000000	0.000000	0.000000	-0.094528	-0.085565	-0.091558	0.072624	-0.058489
	0.000000	0.000000	1.000000	0.000000	0.000000	-0.082143	1.037159	0.099264	0.033563	-0.112043
	0.000000	0.000000	1.000000	0.000000	0.000000	-0.121251	0.818506	0.188399	-0.119084	0.782260
	0.000000	0.000000	1.000000	0.000000	0.000000	-0.121964	-0.082335	0.077824	0.247342	-0.123590
	0.000000	0.000000	1.000000	0.000000	0.000000	-0.084588	0.282597	0.118463	0.041714	0.553932
	0.000000	0.000000	1.000000	0.000000	0.000000	-0.066563	-0.018942	-0.103133	-0.108665	0.010634
	0.000000	0.000000	1.000000	0.000000	0.000000	-0.102819	0.505641	-0.058962	-0.124739	0.518538
	0.000000	0.000000	0.000000	1.000000	0.000000	-0.037918	0.410760	0.077645	-0.034426	0.302394
	0.000000	0.000000	0.000000	1.000000	0.000000	-0.114276	1.124006	-0.062988	-0.053853	0.988419
	0.000000	0.000000	0.000000	1.000000	0.000000	0.166692	1.105360	0.032499	-0.123415	0.613784
	0.000000	0.000000	0.000000	1.000000	0.000000	-0.115985	0.569439	0.254914	-0.115010	-0.095589
	0.000000	0.000000	0.000000	1.000000	0.000000	-0.123838	0.954824	-0.124979	-0.066580	-0.113668
	0.000000	0.000000	0.000000	1.000000	0.000000	-0.113358	0.981687	0.174041	0.383147	0.777709
	0.000000	0.000000	0.000000	1.000000	0.000000	-0.057937	-0.009971	-0.076189	-0.121267	1.068278
	0.000000	0.000000	0.000000	1.000000	0.000000	-0.094822	0.689982	0.041584	0.445470	1.072937
	0.000000	0.000000	0.000000	1.000000	0.000000	0.312906	1.109323	-0.020733	-0.118618	0.270881
	0.000000	0.000000	0.000000	1.000000	0.000000	0.130707	0.003459	0.278121	0.204734	-0.125000
	0.000000	0.000000	0.000000	1.000000	0.000000	-0.124142	0.921587	-0.019641	-0.117666	1.114163
	0.000000	0.000000	0.000000	1.000000	0.000000	-0.061796	-0.124688	-0.076206	0.041342	0.457275
	0.000000	0.000000	0.000000	1.000000	0.000000	-0.107978	1.105957	0.020455	0.318822	1.093979
	0.000000	0.000000	0.000000	1.000000	0.000000	0.077369	0.765428	0.033654	0.389740	1.122958
	0.000000	0.000000	0.000000	1.000000	0.000000	-0.104114	0.048459	-0.101889	-0.080560	1.108944
	0.000000	0.000000	0.000000	0.000000	1.000000	-0.111159	1.049200	-0.124245	0.065566	1.039107
	0.000000	0.000000	0.000000	0.000000	1.000000	-0.099976	-0.123995	-0.051563	-0.086642	0.641484
	0.000000	0.000000	0.000000	0.000000	1.000000	0.062484	-0.087388	-0.045382	-0.057142	1.124988
	0.000000	0.000000	0.000000	0.000000	1.000000	0.135454	-0.033220	0.109675	-0.111751	0.500064
	0.000000	0.000000	0.000000	0.000000	1.000000	-0.030501	1.119388	0.085250	0.133093	0.503277
	0.000000	0.000000	0.000000	0.000000	1.000000	-0.066882	0.692462	0.064037	-0.059093	0.245184
	0.000000	0.000000	0.000000	0.000000	1.000000	-0.081944	0.152976	0.175732	0.191417	1.123045
	0.000000	0.000000	0.000000	0.000000	1.000000	-0.014815	0.066769	0.310641	0.067403	1.094128
	0.000000	0.000000	0.000000	0.000000	1.000000	0.046089	0.343407	-0.113512	0.669233	1.119884
	0.000000	0.000000	0.000000	0.000000	1.000000	0.230682	0.982513	-0.003946	-0.100834	1.102682
	0.000000	0.000000	0.000000	0.000000	1.000000	0.133150	0.249915	0.090940	0.031427	0.495260
	0.000000	0.000000	0.000000	0.000000	1.000000	-0.115899	0.154658	-0.121260	-0.124648	-0.101789
	0.000000	0.000000	0.000000	0.000000	1.000000	0.063699	-0.123160	0.085013	-0.124959	1.108371
	0.000000	0.000000	0.000000	0.000000	1.000000	-0.007987	-0.123962	0.240784	0.116198	0.998618
	0.000000	0.000000	0.000000	0.000000	1.000000	-0.070094	0.170145	-0.103061	-0.119669	0.125011
	0.000000	0.000000	0.000000	0.000000	1.000000	-0.068188	1.064213	0.073799	-0.114807	-0.001679
	0.000000	0.000000	0.000000	0.000000	1.000000	-0.113140	-0.046093	0.270010	-0.059679	0.422295
	0.000000	0.000000	0.000000	0.000000	1.000000	0.012694	0.533625	0.015968	0.136138	0.654181
	0.000000	0.000000	0.000000	0.000000	1.000000	-0.120035	0.349913	-0.021576	-0.109317	-0.120606
	0.000000	0.000000	0.000000	0.000000	1.000000	-0.122375	0.615857	0.064245	0.676380	1.099529
	0.000000	0.000000	0.000000	0.000000	1.000000	-0.055741	1.108057	-0.063707	0.829989	0.419419
	0.000000	0.000000	0.000000	0.000000	1.000000	-0.078539	0.347682	-0.016092	-0.124730	0.465791
	0.000000	0.000000	0.000000	0.000000	1.000000	-0.124873	0.148847	-0.098727	-0.124370	0.954058
	0.000000	0.000000	0.000000	0.000000	1.000000	-0.106657	0.633089	-0.124961	-0.102108	-0.114480
	0.000000	0.000000	0.000000	0.000000	1.000000	-0.124994	-0.033538	0.315518	-0.111474	1.105729
	0.000000	0.000000	0.000000	0.000000	1.000000	-0.008510	0.745140	-0.086711	-0.124978	1.093931
	0.000000	0.000000	0.000000	0.000000	1.000000	-0.115757	0.398248	0.339676	-0.102719	0.657498
	0.000000	0.000000	0.000000	0.000000	1.000000	0.187059	1.078658	0.026942	-0.038914	0.965282
	0.000000	0.000000	0.000000	0.000000	1.000000	-0.108655	0.426073	-0.013781	0.447133	1.070233
	0.000000	0.000000	0.000000	0.000000	1.000000	-0.106398	-0.123817	-0.020078	-0.121414	0.984639
	0.000000	0.000000	0.000000	0.000000	1.000000	-0.105908	0.636352	0.125703	0.002835	0.053666
	0.000000	0.000000	0.000000	0.000000	1.000000	0.062104	0.186846	0.286035	0.161506	0.055132
	0.000000	0.000000	0.000000	0.000000	1.000000	0.215731	-0.088257	-0.070342	0.119070	-0.103411
	0.000000	0.000000	0.000000	0.000000	1.000000	-0.111859	0.382564	0.004272	0.083852	0.028516
	0.000000	0.000000	0.000000	0.000000	1.000000	-0.059438	0.172996	-0.082838	-0.056285	-0.109481
	0.000000	0.000000	0.000000	0.000000	1.000000	-0.051120	1.068062	0.004575	-0.099427	0.294814
	0.000000	0.000000	0.000000	0.000000	1.000000	0.241130	0.063943	0.248738	-0.094056	-0.124753
	0.000000	0.000000	0.000000	0.000000	1.000000	0.189460	1.110532	0.101232	-0.056054	0.024529
	0.000000	0.000000	0.000000	0.000000	1.000000	-0.061508	0.612495	-0.086930	-0.042966	0.513048
	0.000000	0.000000	0.000000	0.000000	1.000000	0.081613	0.252149	-0.103964	-0.069437	1.094437
	0.000000	0.000000	0.000000	0.000000	1.000000	0.009157	-0.055250	0.004506	-0.090640	0.566184
	0.000000	0.000000	0.000000	0.000000	1.000000	-0.123660	0.331087	-0.069052	0.456122	-0.121818
	0.000000	0.000000	0.000000	0.000000	1.000000	-0.098425	1.069562	0.207575	-0.120627	0.175074
	0.000000	0.000000	0.000000	0.000000	1.000000	-0.036648	0.004935	-0.117674	0.017261	1.123450
	0.000000	0.000000	0.000000	0.000000	1.000000	-0.122540	0.799921	-0.074997	0.541628	0.478943
	0.000000	0.000000	0.000000	0.000000	1.000000	-0.100704	1.071102	-0.120066	0.076774	-0.074259
	0.000000	0.000000	0.000000	0.000000	1.000000	-0.024090	-0.043046	-0.073252	-0.122529	0.335020
	0.000000	0.000000	0.000000	0.000000	1.000000	-0.016543	-0.119926	0.027607	0.025392	0.664955
	0.000000	0.000000	0.000000	0.000000	1.000000	-0.102272	1.055658	0.068520	0.958909	1.077072
	0.000000	0.000000	0.000000	0.000000	1.000000	-0.017624	0.034151	-0.103909	-0.105215	0.451563
	0.000000	0.000000	0.000000	0.000000	1.000000	-0.098159	0.303074	0.313137	-0.124560	0.914279
	0.000000	0.000000	0.000000	0.000000	1.000000	0.127651	-0.124987	-0.012208	-0.114917	0.688158
	0.000000	0.000000	0.000000	0.000000	1.000000	0.062820	0.975499	-0.098113	-0.053348	0.042934
	0.000000	0.000000	0.000000	0.000000	1.000000	-0.124714	-0.113695	0.302253	-0.097831	0.085175
	0.000000	0.000000	0.000000	0.000000	1.000000	-0.122982	0.515240	0.097178	0.572625	0.991917
	0.000000	0.000000	0.000000	0.000000	1.000000	-0.012001	1.108755	-0.105776	-0.063854	0.970210
	0.000000	0.000000	0.000000	0.000000	1.000000	-0.120714	0.127115	0.001741	0.335869	0.133739
	0.000000	0.000000	0.000000	0.000000	1.000000	-0.088892	-0.052358	0.072607	-0.119399	0.803608
	0.000000	0.000000	0.000000	0.000000	1.000000	-0.124763	-0.123838	-0.002213	-0.095581	0.829184
	0.000000	0.000000	0.000000	0.000000	1.000000	0.132288	0.817350	-0.104580	0.026124	0.822183
	0.000000	0.000000	0.000000	0.000000	1.000000	-0.124816	0.541706	-0.124784	-0.117279	0.404016
