	1.000000	0.000000	0.000000	0.000000	0.000000	0.534991	-0.113322	-0.079748	-0.048831	0.307010
	1.000000	0.000000	0.000000	0.000000	0.000000	0.230544	0.924105	-0.118716	-0.108129	0.345339
	1.000000	0.000000	0.000000	0.000000	0.000000	0.078562	0.727247	-0.105062	-0.123230	0.321445
	1.000000	0.000000	0.000000	0.000000	0.000000	0.175995	1.086553	-0.117791	-0.059378	-0.088142
	1.000000	0.000000	0.000000	0.000000	0.000000	0.365301	0.656696	-0.089758	-0.123977	1.121674
	1.000000	0.000000	0.000000	0.000000	0.000000	-0.079900	0.111050	-0.063638	-0.086485	-0.056119
	1.000000	0.000000	0.000000	0.000000	0.000000	0.076741	0.220883	-0.110497	0.004966	0.703594
	1.000000	0.000000	0.000000	0.000000	0.000000	0.482419	0.985154	-0.111483	0.022434	0.346884
	1.000000	0.000000	0.000000	0.000000	0.000000	0.318024	0.543077	-0.071320	-0.122431	1.043108
	1.000000	0.000000	0.000000	0.000000	0.000000	0.233795	0.651252	-0.124746	-0.024644	0.304114
	1.000000	0.000000	0.000000	0.000000	0.000000	0.129211	0.277696	-0.117090	-0.122473	0.854328
	1.000000	0.000000	0.000000	0.000000	0.000000	0.194319	0.505439	-0.124237	-0.069365	0.837584
	1.000000	0.000000	0.000000	0.000000	0.000000	0.277370	0.563916	0.008564	-0.122273	0.859863
	1.000000	0.000000	0.000000	0.000000	0.000000	-0.055503	0.359518	-0.112480	-0.123876	-0.052559
	0.000000	1.000000	0.000000	0.000000	0.000000	0.361225	-0.124883	0.133360	-0.106762	0.284902
	0.000000	1.000000	0.000000	0.000000	0.000000	-0.041206	0.837881	-0.120586	0.021887	0.720148
	0.000000	1.000000	0.000000	0.000000	0.000000	0.318377	0.944930	0.104481	-0.124991	0.813138
	0.000000	1.000000	0.000000	0.000000	0.000000	0.332125	1.048389	-0.116878	0.023100	0.791190
	0.000000	1.000000	0.000000	0.000000	0.000000	0.036642	0.396576	0.149985	0.067060	0.654733
	0.000000	1.000000	0.000000	0.000000	0.000000	0.342884	-0.100241	-0.071799	-0.010690	1.123711
	0.000000	1.000000	0.000000	0.000000	0.000000	0.133265	0.793612	-0.092583	0.087087	0.667433
	0.000000	1.000000	0.000000	0.000000	0.000000	-0.057907	-0.027646	-0.113109	-0.123968	-0.119658
	0.000000	1.000000	0.000000	0.000000	0.000000	-0.031489	0.611608	0.176754	-0.101225	0.867397
	0.000000	1.000000	0.000000	0.000000	0.000000	0.064409	0.245921	0.125008	-0.093186	0.045491
	0.000000	1.000000	0.000000	0.000000	0.000000	0.498923	0.377708	-0.110975	-0.097193	0.811520
	0.000000	1.000000	0.000000	0.000000	0.000000	0.388369	-0.117979	-0.120948	-0.043099	0.102603
	0.000000	1.000000	0.000000	0.000000	0.000000	0.035075	0.325768	-0.124377	-0.102697	0.482959
	0.000000	1.000000	0.000000	0.000000	0.000000	0.301253	1.010375	-0.122963	-0.111503	0.054647
	0.000000	1.000000	0.000000	0.000000	0.000000	0.312877	0.206866	-0.109134	0.146426	0.407539
	0.000000	1.000000	0.000000	0.000000	0.000000	0.047361	0.082806	0.068070	0.065156	-0.030151
	0.000000	1.000000	0.000000	0.000000	0.000000	0.445198	-0.121783	-0.121996	-0.124746	0.271911
	0.000000	1.000000	0.000000	0.000000	0.000000	0.125332	-0.117592	-0.081103	0.082975	0.696117
	0.000000	1.000000	0.000000	0.000000	0.000000	0.350502	1.105703	-0.104367	-0.071261	-0.120128
	0.000000	1.000000	0.000000	0.000000	0.000000	-0.045438	0.840377	-0.024388	-0.067015	0.987580
	0.000000	1.000000	0.000000	0.000000	0.000000	0.295909	0.418672	0.032786	-0.044855	-0.121410
	0.000000	1.000000	0.000000	0.000000	0.000000	0.121624	0.534103	0.000213	-0.092582	0.162599
	0.000000	1.000000	0.000000	0.000000	0.000000	0.327202	1.020639	-0.124591	-0.118066	-0.108280
	0.000000	1.000000	0.000000	0.000000	0.000000	0.240405	1.038587	-0.091987	0.119499	1.003439
	0.000000	1.000000	0.000000	0.000000	0.000000	0.086070	0.354213	0.017259	-0.068867	0.686617
	0.000000	1.000000	0.000000	0.000000	0.000000	0.132618	-0.124718	-0.008442	-0.114644	0.417517
	0.000000	1.000000	0.000000	0.000000	0.000000	-0.038640	1.106198	0.132389	-0.013346	0.726948
	0.000000	1.000000	0.000000	0.000000	0.000000	0.318307	0.750652	-0.124910	0.148968	0.257043
	0.000000	1.000000	0.000000	0.000000	0.000000	0.307908	-0.030769	-0.120596	-0.124864	-0.107418
	0.000000	1.000000	0.000000	0.000000	0.000000	-0.014981	0.048636	-0.108145	-0.124894	0.006280
	0.000000	1.000000	0.000000	0.000000	0.000000	0.573252	0.432845	0.037518	-0.058070	0.978664
	0.000000	1.000000	0.000000	0.000000	0.000000	-0.003770	0.965180	-0.094015	0.022443	0.698191
	0.000000	1.000000	0.000000	0.000000	0.000000	0.168156	0.679413	-0.084083	-0.124146	1.121844
	0.000000	1.000000	0.000000	0.000000	0.000000	0.328079	-0.086825	-0.072665	-0.010627	0.635348
	0.000000	1.000000	0.000000	0.000000	0.000000	0.131504	0.711197	0.074535	-0.117483	0.861603
	0.000000	1.000000	0.000000	0.000000	0.000000	0.024730	0.963402	0.084865	-0.106035	-0.102721
	0.000000	1.000000	0.000000	0.000000	0.000000	0.101390	0.145503	0.053396	-0.063207	-0.074624
	0.000000	1.000000	0.000000	0.000000	0.000000	0.194727	0.845754	-0.097756	-0.087493	-0.096262
	0.000000	1.000000	0.000000	0.000000	0.000000	0.062802	0.237705	-0.121312	-0.117137	0.072169
	0.000000	0.000000	1.000000	0.000000	0.000000	0.416353	0.741788	-0.114542	-0.025914	0.840179
	0.000000	0.000000	1.000000	0.000000	0.000000	0.162328	1.106918	-0.011800	0.062992	0.396231
	0.000000	0.000000	1.000000	0.000000	0.000000	0.089801	0.351810	-0.035566	-0.042454	0.017855
	0.000000	0.000000	1.000000	0.000000	0.000000	-0.045432	0.791892	-0.092246	-0.085214	0.106737
	0.000000	0.000000	1.000000	0.000000	0.000000	-0.078115	0.944376	-0.124944	-0.119540	0.245177
	0.000000	0.000000	1.000000	0.000000	0.000000	0.383994	0.915592	-0.056094	-0.104955	0.319338
	0.000000	0.000000	1.000000	0.000000	0.000000	0.008892	0.566506	0.085061	0.023719	1.104859
	0.000000	0.000000	1.000000	0.000000	0.000000	-0.028613	-0.028977	0.107776	-0.052986	1.067672
	0.000000	0.000000	1.000000	0.000000	0.000000	0.031195	0.427082	-0.120922	-0.076970	0.503415
	0.000000	0.000000	1.000000	0.000000	0.000000	-0.023716	0.413144	-0.124479	-0.122988	0.886875
	0.000000	0.000000	1.000000	0.000000	0.000000	0.178989	1.063947	0.502636	-0.124264	0.665065
	0.000000	0.000000	1.000000	0.000000	0.000000	0.308704	0.675942	-0.061529	-0.114398	0.980820
	0.000000	0.000000	1.000000	0.000000	0.000000	-0.051445	-0.122991	0.021383	-0.124936	-0.069981
	0.000000	0.000000	0.000000	1.000000	0.000000	-0.021836	0.067336	-0.066992	0.085700	1.105087
	0.000000	0.000000	0.000000	1.000000	0.000000	0.219746	0.881123	0.050951	-0.020967	1.023080
	0.000000	0.000000	0.000000	1.000000	0.000000	0.353502	1.119929	-0.048884	0.039606	-0.124982
	0.000000	0.000000	0.000000	1.000000	0.000000	0.440330	0.239325	-0.104861	-0.121041	0.808507
	0.000000	0.000000	0.000000	1.000000	0.000000	-0.051307	0.509684	-0.079459	-0.124944	-0.124731
	0.000000	0.000000	0.000000	1.000000	0.000000	0.175531	-0.109388	-0.120733	-0.069835	0.984231
	0.000000	0.000000	0.000000	1.000000	0.000000	-0.013775	0.734629	-0.115382	0.162468	0.063801
	0.000000	0.000000	0.000000	1.000000	0.000000	0.144268	0.301518	-0.014234	-0.076199	0.598094
	0.000000	0.000000	0.000000	1.000000	0.000000	0.296579	0.980387	-0.100373	-0.057314	1.076913
	0.000000	0.000000	0.000000	1.000000	0.000000	-0.027041	1.075611	-0.121961	-0.117807	0.474752
	0.000000	0.000000	0.000000	1.000000	0.000000	-0.120054	0.826642	-0.083384	-0.072318	1.078723
	0.000000	0.000000	0.000000	1.000000	0.000000	0.031589	0.734071	0.113139	-0.108009	0.492739
	0.000000	0.000000	0.000000	1.000000	0.000000	0.084997	1.114377	-0.098311	-0.110106	-0.000290
	0.000000	0.000000	0.000000	1.000000	0.000000	-0.037488	-0.056089	-0.080787	-0.043495	0.456113
	0.000000	0.000000	0.000000	1.000000	0.000000	0.053603	1.011351	0.076925	-0.115835	1.122879
	0.000000	0.000000	0.000000	1.000000	0.000000	0.185311	-0.123293	0.042436	-0.118741	-0.080547
	0.000000	0.000000	0.000000	0.000000	1.000000	0.012077	0.938962	0.103622	-0.016861	0.232105
	0.000000	0.000000	0.000000	0.000000	1.000000	0.157774	-0.054062	0.010658	-0.068282	0.223204
	0.000000	0.000000	0.000000	0.000000	1.000000	0.185150	0.719274	0.003693	-0.109933	0.076436
	0.000000	0.000000	0.000000	0.000000	1.000000	0.470462	-0.039465	-0.005214	-0.070573	0.317241
	0.000000	0.000000	0.000000	0.000000	1.000000	-0.049492	0.222528	-0.042811	0.091917	0.562601
	0.000000	0.000000	0.000000	0.000000	1.000000	-0.060153	0.410179	-0.120215	-0.109126	0.943392
	0.000000	0.000000	0.000000	0.000000	1.000000	-0.050464	0.834713	-0.051431	0.201061	-0.034678
	0.000000	0.000000	0.000000	0.000000	1.000000	0.456718	0.682793	-0.080037	0.040345	0.860898
	0.000000	0.000000	0.000000	0.000000	1.000000	0.194426	0.356883	-0.046708	0.016241	0.887310
	0.000000	0.000000	0.000000	0.000000	1.000000	-0.020450	0.459429	-0.123392	-0.085134	-0.095964
	0.000000	0.000000	0.000000	0.000000	1.000000	0.333624	0.138588	-0.096873	-0.014815	1.054951
	0.000000	0.000000	0.000000	0.000000	1.000000	-0.028773	0.895938	-0.043576	-0.118995	-0.069484
	0.000000	0.000000	0.000000	0.000000	1.000000	0.086359	1.119821	0.143950	-0.025966	-0.110659
	0.000000	0.000000	0.000000	0.000000	1.000000	0.411578	1.021258	-0.031157	-0.096779	1.057297
	0.000000	0.000000	0.000000	0.000000	1.000000	0.235562	0.911302	0.067612	-0.076195	-0.078176
	0.000000	0.000000	0.000000	0.000000	1.000000	0.037926	1.001480	-0.108672	-0.116042	1.123616
	0.000000	0.000000	0.000000	0.000000	1.000000	-0.099858	1.038029	-0.064072	0.167934	0.489472
	0.000000	0.000000	0.000000	0.000000	1.000000	0.347516	-0.064760	-0.053181	-0.110673	0.179747
	0.000000	0.000000	0.000000	0.000000	1.000000	0.132996	0.239693	0.029487	-0.069726	0.956550
	0.000000	0.000000	0.000000	0.000000	1.000000	0.296970	0.458405	-0.122865	0.001380	0.885366
	0.000000	0.000000	0.000000	0.000000	1.000000	0.197314	0.255060	-0.118538	-0.090976	-0.115280
	0.000000	0.000000	0.000000	0.000000	1.000000	0.009664	1.096789	-0.032299	0.120190	0.035039
	0.000000	0.000000	0.000000	0.000000	1.000000	0.269957	1.000421	-0.112487	-0.122531	0.231636
	0.000000	0.000000	0.000000	0.000000	1.000000	0.473273	1.082543	0.008247	-0.043007	0.996431
	0.000000	0.000000	0.000000	0.000000	1.000000	0.044944	0.629899	0.213863	-0.102510	-0.079180
	0.000000	0.000000	0.000000	0.000000	1.000000	-0.073907	-0.118213	-0.059776	-0.065255	0.041699
	0.000000	0.000000	0.000000	0.000000	1.000000	-0.049498	0.545595	-0.066428	-0.112171	0.035599
	0.000000	0.000000	0.000000	0.000000	1.000000	-0.008439	0.019688	-0.116690	-0.010754	1.014064
	0.000000	0.000000	0.000000	0.000000	1.000000	-0.071057	1.124920	-0.119809	0.155179	0.484150
	0.000000	0.000000	0.000000	0.000000	1.000000	0.148498	0.155835	-0.118327	-0.096785	0.424264
	0.000000	0.000000	0.000000	0.000000	1.000000	0.475947	0.870256	-0.068851	-0.064881	-0.008696
	0.000000	0.000000	0.000000	0.000000	1.000000	0.017174	-0.058048	-0.113541	-0.068485	-0.121286
	0.000000	0.000000	0.000000	0.000000	1.000000	-0.095218	0.287812	-0.101440	-0.124490	0.365844
	0.000000	0.000000	0.000000	0.000000	1.000000	0.376531	1.004248	-0.120367	0.086384	0.053518
	0.000000	0.000000	0.000000	0.000000	1.000000	0.474561	0.172954	-0.065063	-0.110484	0.470858
	0.000000	0.000000	0.000000	0.000000	1.000000	0.317810	-0.082852	-0.112216	-0.039867	1.059992
	0.000000	0.000000	0.000000	0.000000	1.000000	0.157871	0.471841	-0.078830	-0.067667	0.142822
	0.000000	0.000000	0.000000	0.000000	1.000000	0.124830	0.059102	0.154260	-0.058228	1.118698
	0.000000	0.000000	0.000000	0.000000	1.000000	0.072683	0.867051	-0.075254	-0.106179	1.123772
	0.000000	0.000000	0.000000	0.000000	1.000000	0.590804	0.977491	-0.078671	-0.027632	0.293782
	0.000000	0.000000	0.000000	0.000000	1.000000	-0.109745	0.444523	-0.122713	-0.123138	0.148626
	0.000000	0.000000	0.000000	0.000000	1.000000	-0.104964	0.526692	-0.124010	0.026207	0.705702
	0.000000	0.000000	0.000000	0.000000	1.000000	0.305042	0.337518	-0.124842	0.055945	0.292305
	0.000000	0.000000	0.000000	0.000000	1.000000	0.338884	0.114402	-0.060225	-0.027952	0.786030
	0.000000	0.000000	0.000000	0.000000	1.000000	0.102917	1.055019	-0.041459	-0.087016	1.101861
	0.000000	0.000000	0.000000	0.000000	1.000000	0.167148	1.102735	-0.110795	-0.060373	0.494277
	0.000000	0.000000	0.000000	0.000000	1.000000	0.185715	0.007732	0.105132	-0.032154	1.000694
	0.000000	0.000000	0.000000	0.000000	1.000000	0.325267	-0.117368	-0.114982	0.000047	0.922634
	0.000000	0.000000	0.000000	0.000000	1.000000	0.496594	-0.102367	-0.058465	0.102662	0.919761
	0.000000	0.000000	0.000000	0.000000	1.000000	0.303467	0.765700	-0.086007	-0.045899	1.123576
	0.000000	0.000000	0.000000	0.000000	1.000000	0.182732	-0.060524	-0.123284	-0.122262	1.014380
	0.000000	0.000000	0.000000	0.000000	1.000000	0.000349	0.024170	0.083419	-0.098317	-0.121517
	0.000000	0.000000	0.000000	0.000000	1.000000	0.186006	1.123201	0.065810	-0.124828	0.419972
	0.000000	0.000000	0.000000	0.000000	1.000000	0.458069	0.806132	0.077209	-0.074339	1.119135
	0.000000	0.000000	0.000000	0.000000	1.000000	0.240972	-0.094498	-0.057165	-0.054492	0.963603
	0.000000	0.000000	0.000000	0.000000	1.000000	0.367467	1.120269	-0.118538	-0.092890	0.944795
	0.000000	0.000000	0.000000	0.000000	1.000000	0.005230	0.199212	-0.120162	-0.124802	-0.025963
	0.000000	0.000000	0.000000	0.000000	1.000000	0.330853	0.401376	0.020098	-0.108829	-0.119991
	0.000000	0.000000	0.000000	0.000000	1.000000	-0.018072	0.355422	-0.124834	-0.069401	1.120139
	0.000000	0.000000	0.000000	0.000000	1.000000	0.288515	0.067022	-0.123919	-0.035530	0.946236
	0.000000	0.000000	0.000000	0.000000	1.000000	0.163190	-0.113625	-0.121242	-0.107231	0.649539
	0.000000	0.000000	0.000000	0.000000	1.000000	0.364226	-0.124533	-0.117750	-0.062711	0.480161
	0.000000	0.000000	0.000000	0.000000	1.000000	0.282061	-0.075261	-0.119738	-0.124137	0.442851
	0.000000	0.000000	0.000000	0.000000	1.000000	0.029994	0.340633	0.001683	-0.020608	1.028477
	0.000000	0.000000	0.000000	0.000000	1.000000	0.223525	-0.123880	-0.069732	0.034970	1.124406
	1.000000	0.000000	0.000000	0.000000	0.000000	-0.053458	0.954193	-0.110147	0.169915	0.031920
	1.000000	0.000000	0.000000	0.000000	0.000000	0.126131	1.090504	0.068106	-0.014850	-0.086453
	1.000000	0.000000	0.000000	0.000000	0.000000	0.019215	1.122608	-0.116208	-0.113061	0.232178
	1.000000	0.000000	0.000000	0.000000	0.000000	0.200514	1.099709	-0.097533	-0.112217	0.083514
	1.000000	0.000000	0.000000	0.000000	0.000000	0.264142	1.016088	0.094047	0.021015	-0.124180
	1.000000	0.000000	0.000000	0.000000	0.000000	-0.010973	1.104367	-0.008992	-0.122152	1.030005
	1.000000	0.000000	0.000000	0.000000	0.000000	0.227510	0.771360	-0.092724	-0.083070	0.056647
	1.000000	0.000000	0.000000	0.000000	0.000000	0.007225	0.699289	0.025544	-0.085182	-0.122318
	1.000000	0.000000	0.000000	0.000000	0.000000	-0.047708	0.194431	-0.120657	-0.012884	0.471281
	1.000000	0.000000	0.000000	0.000000	0.000000	0.406499	1.108714	-0.070009	-0.076501	1.089568
	1.000000	0.000000	0.000000	0.000000	0.000000	0.293546	1.120256	-0.123825	0.054491	0.843198
	1.000000	0.000000	0.000000	0.000000	0.000000	0.396314	1.124997	-0.084688	-0.105509	0.636063
	1.000000	0.000000	0.000000	0.000000	0.000000	0.450626	0.413256	-0.122940	-0.023025	0.322717
	1.000000	0.000000	0.000000	0.000000	0.000000	0.016345	0.691614	-0.067274	-0.061105	1.102810
	1.000000	0.000000	0.000000	0.000000	0.000000	0.295129	0.867405	-0.093308	0.016289	-0.095165
	1.000000	0.000000	0.000000	0.000000	0.000000	0.343650	0.852709	-0.114017	-0.001214	0.346948
	0.000000	1.000000	0.000000	0.000000	0.000000	-0.011140	0.340993	-0.117279	0.145224	-0.037480
	0.000000	1.000000	0.000000	0.000000	0.000000	-0.008313	-0.120559	-0.124936	0.137754	0.130794
	0.000000	1.000000	0.000000	0.000000	0.000000	0.242522	0.136463	0.056408	-0.072667	1.118525
	0.000000	1.000000	0.000000	0.000000	0.000000	-0.081301	-0.075531	-0.112192	-0.114988	0.965539
	0.000000	1.000000	0.000000	0.000000	0.000000	0.446400	1.020177	0.045780	0.001706	-0.115902
	0.000000	1.000000	0.000000	0.000000	0.000000	0.100448	-0.032208	0.116993	0.127448	1.124999
	0.000000	1.000000	0.000000	0.000000	0.000000	-0.038699	1.092674	-0.116450	-0.124952	0.655057
	0.000000	1.000000	0.000000	0.000000	0.000000	-0.018927	0.155101	0.047208	-0.119128	-0.109778
	0.000000	1.000000	0.000000	0.000000	0.000000	0.055642	0.822169	-0.110120	-0.034188	0.831719
	0.000000	1.000000	0.000000	0.000000	0.000000	0.293667	0.001940	0.029674	-0.012787	0.937207
	0.000000	1.000000	0.000000	0.000000	0.000000	0.470654	-0.091925	0.043192	0.059551	1.100758
	0.000000	1.000000	0.000000	0.000000	0.000000	0.437913	-0.123805	-0.069645	-0.115708	-0.104038
	0.000000	1.000000	0.000000	0.000000	0.000000	-0.054050	0.414260	-0.122663	-0.102450	0.992452
	0.000000	1.000000	0.000000	0.000000	0.000000	0.570346	1.061243	0.003461	0.034804	-0.116416
	0.000000	1.000000	0.000000	0.000000	0.000000	0.089636	0.586018	0.039993	-0.102020	0.000051
	0.000000	1.000000	0.000000	0.000000	0.000000	0.146530	-0.121377	-0.078110	-0.021344	0.477045
	0.000000	1.000000	0.000000	0.000000	0.000000	0.250572	0.103250	-0.065184	-0.114566	0.900008
	0.000000	1.000000	0.000000	0.000000	0.000000	0.137068	1.024506	-0.091685	-0.123391	0.620690
	0.000000	1.000000	0.000000	0.000000	0.000000	-0.059198	0.482499	-0.048834	0.037124	0.642900
	0.000000	1.000000	0.000000	0.000000	0.000000	0.175001	0.932841	0.042797	-0.064548	0.797159
	0.000000	1.000000	0.000000	0.000000	0.000000	0.297024	0.846178	-0.106974	-0.043421	0.948803
	0.000000	1.000000	0.000000	0.000000	0.000000	-0.037737	0.938028	-0.003878	-0.120856	0.347888
	0.000000	1.000000	0.000000	0.000000	0.000000	0.390881	0.098795	-0.122906	-0.108464	1.124267
	0.000000	1.000000	0.000000	0.000000	0.000000	0.299198	0.005232	-0.121824	-0.093090	1.122820
	0.000000	1.000000	0.000000	0.000000	0.000000	-0.035563	0.086292	-0.116590	-0.048569	0.783832
	0.000000	1.000000	0.000000	0.000000	0.000000	0.515689	0.633667	0.072530	-0.124316	-0.013617
	0.000000	1.000000	0.000000	0.000000	0.000000	0.024675	1.101824	0.022959	0.207165	0.802567
	0.000000	1.000000	0.000000	0.000000	0.000000	-0.002542	0.030808	0.300871	-0.066212	0.776843
	0.000000	1.000000	0.000000	0.000000	0.000000	0.007091	0.644068	0.085266	-0.062000	0.759523
	0.000000	1.000000	0.000000	0.000000	0.000000	-0.005146	-0.004353	-0.084264	-0.069626	-0.112983
	0.000000	1.000000	0.000000	0.000000	0.000000	0.335160	0.734494	-0.072693	0.003352	-0.020652
	0.000000	1.000000	0.000000	0.000000	0.000000	0.195039	1.093257	-0.043744	-0.023956	1.061468
	0.000000	1.000000	0.000000	0.000000	0.000000	0.343591	1.124062	-0.123037	-0.110098	0.560888
	0.000000	1.000000	0.000000	0.000000	0.000000	0.020417	1.084440	-0.091809	0.039377	0.334085
	0.000000	1.000000	0.000000	0.000000	0.000000	0.136716	-0.070429	0.060667	-0.099883	0.017507
	0.000000	0.000000	1.000000	0.000000	0.000000	0.183649	1.062426	-0.041742	-0.087670	0.028535
	0.000000	0.000000	1.000000	0.000000	0.000000	-0.038832	-0.085604	-0.093437	-0.106904	0.030926
	0.000000	0.000000	1.000000	0.000000	0.000000	0.268581	-0.098417	0.001311	-0.117411	-0.122715
	0.000000	0.000000	1.000000	0.000000	0.000000	0.173851	0.489753	-0.001594	-0.039928	0.287370
	0.000000	0.000000	1.000000	0.000000	0.000000	0.305192	-0.036178	-0.013531	-0.090712	0.535831
	0.000000	0.000000	1.000000	0.000000	0.000000	0.546676	1.118917	-0.034433	-0.098491	1.092701
	0.000000	0.000000	1.000000	0.000000	0.000000	0.127696	-0.054749	-0.064280	0.012009	0.966639
	0.000000	0.000000	1.000000	0.000000	0.000000	0.679507	0.203044	0.118699	-0.028316	1.067408
	0.000000	0.000000	1.000000	0.000000	0.000000	0.298282	0.758799	-0.105098	-0.037958	1.107346
	0.000000	0.000000	1.000000	0.000000	0.000000	-0.052954	1.101326	0.020190	-0.115476	-0.121707
	0.000000	0.000000	1.000000	0.000000	0.000000	0.180763	0.545113	0.174570	-0.124949	1.118976
	0.000000	0.000000	1.000000	0.000000	0.000000	0.301590	1.123374	-0.124831	-0.088751	1.119905
	0.000000	0.000000	1.000000	0.000000	0.000000	0.056286	1.071276	-0.087860	-0.017706	0.567979
	0.000000	0.000000	1.000000	0.000000	0.000000	0.152030	0.819147	0.013858	-0.105783	-0.111274
	0.000000	0.000000	1.000000	0.000000	0.000000	-0.055509	-0.116630	-0.081857	-0.061500	1.091399
	0.000000	0.000000	1.000000	0.000000	0.000000	0.117488	1.107116	0.091014	-0.123797	-0.088955
	0.000000	0.000000	0.000000	1.000000	0.000000	0.461271	1.038226	-0.094652	-0.048781	0.596542
	0.000000	0.000000	0.000000	1.000000	0.000000	-0.104873	0.893192	-0.124889	-0.105147	0.892980
	0.000000	0.000000	0.000000	1.000000	0.000000	0.545760	1.106226	0.020951	-0.124276	1.096182
	0.000000	0.000000	0.000000	1.000000	0.000000	0.318134	0.003390	0.063719	-0.123504	0.133261
	0.000000	0.000000	0.000000	1.000000	0.000000	0.131046	1.022196	-0.081186	0.069890	0.876203
	0.000000	0.000000	0.000000	1.000000	0.000000	-0.041804	0.201254	-0.075426	0.069245	0.715337
	0.000000	0.000000	0.000000	1.000000	0.000000	0.085397	1.036512	-0.096332	-0.121852	0.433265
	0.000000	0.000000	0.000000	1.000000	0.000000	0.253652	0.789191	-0.118805	0.096409	-0.112006
	0.000000	0.000000	0.000000	1.000000	0.000000	-0.110227	0.629560	-0.045351	-0.114411	0.930250
	0.000000	0.000000	0.000000	1.000000	0.000000	0.160101	1.033434	-0.123381	-0.067326	1.112425
	0.000000	0.000000	0.000000	1.000000	0.000000	-0.082395	-0.020969	-0.113754	-0.010864	1.119895
	0.000000	0.000000	0.000000	1.000000	0.000000	-0.106687	0.978453	-0.123443	-0.094472	-0.007402
	0.000000	0.000000	0.000000	1.000000	0.000000	-0.016581	-0.119238	-0.118928	-0.105609	0.841094
	0.000000	0.000000	0.000000	1.000000	0.000000	0.333443	-0.025214	0.037994	-0.095498	0.644830
	0.000000	0.000000	0.000000	1.000000	0.000000	-0.043953	0.300218	0.110981	-0.071299	-0.110302
	0.000000	0.000000	0.000000	0.000000	1.000000	-0.003295	1.104914	0.121495	-0.068060	0.670525
	0.000000	0.000000	0.000000	0.000000	1.000000	-0.038508	0.842552	-0.124038	-0.083754	0.072637
	0.000000	0.000000	0.000000	0.000000	1.000000	-0.009832	1.009985	-0.121610	-0.118848	0.355051
	0.000000	0.000000	0.000000	0.000000	1.000000	0.508992	0.725785	-0.112345	-0.064941	-0.114456
	0.000000	0.000000	0.000000	0.000000	1.000000	0.451632	0.987764	-0.019421	-0.000732	0.475051
	0.000000	0.000000	0.000000	0.000000	1.000000	0.275720	1.122962	-0.105863	-0.048617	0.570803
	0.000000	0.000000	0.000000	0.000000	1.000000	0.178904	-0.013238	-0.121869	-0.050272	0.285408
	0.000000	0.000000	0.000000	0.000000	1.000000	0.178838	0.036227	-0.122334	-0.022771	1.063900
	0.000000	0.000000	0.000000	0.000000	1.000000	-0.067264	0.528733	-0.066095	0.062094	0.671315
	0.000000	0.000000	0.000000	0.000000	1.000000	-0.004523	0.944225	-0.007327	-0.110568	0.149919
	0.000000	0.000000	0.000000	0.000000	1.000000	-0.017510	0.290716	-0.085763	-0.024005	1.100200
	0.000000	0.000000	0.000000	0.000000	1.000000	0.541662	1.120798	-0.011322	-0.124988	0.263156
	0.000000	0.000000	0.000000	0.000000	1.000000	0.440243	1.124897	0.179825	-0.091320	1.094756
	0.000000	0.000000	0.000000	0.000000	1.000000	0.050772	-0.083204	0.055247	0.091135	-0.003243
	0.000000	0.000000	0.000000	0.000000	1.000000	0.037137	0.057016	0.006694	-0.020107	0.061651
	0.000000	0.000000	0.000000	0.000000	1.000000	0.066126	0.135724	0.016260	-0.112076	0.051938
	0.000000	0.000000	0.000000	0.000000	1.000000	0.095632	1.056779	-0.083811	0.048937	0.854724
	0.000000	0.000000	0.000000	0.000000	1.000000	0.057498	0.806905	-0.054065	0.078152	-0.106363
	0.000000	0.000000	0.000000	0.000000	1.000000	0.418364	0.937477	-0.057543	-0.047317	0.825863
	0.000000	0.000000	0.000000	0.000000	1.000000	-0.007447	-0.122929	-0.124661	-0.075713	0.634145
	0.000000	0.000000	0.000000	0.000000	1.000000	-0.028354	0.951678	0.147019	-0.124858	0.613836
	0.000000	0.000000	0.000000	0.000000	1.000000	0.438233	0.988710	-0.121845	-0.037915	0.959217
	0.000000	0.000000	0.000000	0.000000	1.000000	0.140409	-0.123506	-0.102731	-0.110313	0.873893
	0.000000	0.000000	0.000000	0.000000	1.000000	0.406045	-0.121306	-0.103720	-0.116950	0.807329
	0.000000	0.000000	0.000000	0.000000	1.000000	-0.053175	1.100662	-0.116469	-0.123573	1.049775
	0.000000	0.000000	0.000000	0.000000	1.000000	-0.037916	-0.102946	-0.096494	-0.024287	0.928362
	0.000000	0.000000	0.000000	0.000000	1.000000	-0.020827	0.233953	-0.121876	-0.006966	-0.112976
	0.000000	0.000000	0.000000	0.000000	1.000000	0.007561	0.375919	0.006936	-0.114595	0.385161
	0.000000	0.000000	0.000000	0.000000	1.000000	0.261013	0.983959	-0.025878	-0.117862	1.123314
	0.000000	0.000000	0.000000	0.000000	1.000000	-0.087038	-0.060846	-0.113855	-0.124864	0.995814
	0.000000	0.000000	0.000000	0.000000	1.000000	-0.009818	0.431827	0.063108	-0.075117	0.524702
	0.000000	0.000000	0.000000	0.000000	1.000000	0.117093	1.084128	0.332246	-0.083222	0.509071
	0.000000	0.000000	0.000000	0.000000	1.000000	0.521117	0.275217	0.027670	0.049720	0.213304
	0.000000	0.000000	0.000000	0.000000	1.000000	0.275787	-0.124841	-0.115425	-0.054513	0.987935
	0.000000	0.000000	0.000000	0.000000	1.000000	-0.101294	0.828664	-0.124121	-0.086030	-0.124991
	0.000000	0.000000	0.000000	0.000000	1.000000	0.048513	-0.124932	0.057407	-0.123333	1.078837
	0.000000	0.000000	0.000000	0.000000	1.000000	0.162753	1.005227	-0.112142	-0.121380	0.246305
	0.000000	0.000000	0.000000	0.000000	1.000000	0.506591	-0.008657	-0.023036	-0.108333	0.120224
	0.000000	0.000000	0.000000	0.000000	1.000000	0.084846	1.038953	0.182431	-0.111814	0.115221
	0.000000	0.000000	0.000000	0.000000	1.000000	0.287792	0.259018	-0.117225	-0.081822	1.067912
	0.000000	0.000000	0.000000	0.000000	1.000000	-0.041018	1.012919	-0.087494	-0.115100	-0.048484
	0.000000	0.000000	0.000000	0.000000	1.000000	0.393420	0.569357	-0.033915	0.107373	1.072565
	0.000000	0.000000	0.000000	0.000000	1.000000	0.064850	1.068237	0.052198	-0.055547	0.672544
	0.000000	0.000000	0.000000	0.000000	1.000000	0.340637	0.814582	0.056362	-0.026197	0.824761
	0.000000	0.000000	0.000000	0.000000	1.000000	0.098580	0.494808	-0.120945	-0.076400	0.552584
	0.000000	0.000000	0.000000	0.000000	1.000000	0.341984	1.123872	-0.024439	-0.012197	0.194162
	0.000000	0.000000	0.000000	0.000000	1.000000	0.016626	0.026572	0.075311	0.127072	1.102079
	0.000000	0.000000	0.000000	0.000000	1.000000	-0.015142	-0.094719	-0.021282	-0.122122	0.062558
	0.000000	0.000000	0.000000	0.000000	1.000000	0.261060	1.093694	-0.099531	-0.123408	0.413961
	0.000000	0.000000	0.000000	0.000000	1.000000	0.184770	0.150524	-0.124754	-0.075675	-0.003301
	0.000000	0.000000	0.000000	0.000000	1.000000	0.244305	1.049423	-0.105728	-0.057166	1.005933
	0.000000	0.000000	0.000000	0.000000	1.000000	0.657763	1.112799	0.059161	-0.068333	1.039116
	0.000000	0.000000	0.000000	0.000000	1.000000	-0.000937	-0.065296	-0.083906	0.117880	0.848436
	0.000000	0.000000	0.000000	0.000000	1.000000	0.354951	1.068909	0.000872	-0.041404	-0.078407
	0.000000	0.000000	0.000000	0.000000	1.000000	0.039090	1.121184	0.140605	-0.103951	0.722360
	0.000000	0.000000	0.000000	0.000000	1.000000	0.479042	-0.043330	0.040347	-0.102498	-0.039123
	0.000000	0.000000	0.000000	0.000000	1.000000	0.094134	0.049377	-0.109759	-0.105447	0.961871
	0.000000	0.000000	0.000000	0.000000	1.000000	0.294718	0.816933	-0.061213	-0.039230	1.086734
	0.000000	0.000000	0.000000	0.000000	1.000000	-0.022048	0.848420	-0.099401	-0.112514	0.420116
	0.000000	0.000000	0.000000	0.000000	1.000000	-0.109593	0.904635	-0.115986	0.191942	-0.085644
	0.000000	0.000000	0.000000	0.000000	1.000000	0.479378	0.221603	-0.090858	-0.006956	0.523459
