	1.000000	0.000000	0.000000	0.000000	0.000000	-0.029168	0.982884	0.010326	-0.000452	0.433844
	1.000000	0.000000	0.000000	0.000000	0.000000	0.052241	1.119129	0.092056	0.556895	-0.065418
	1.000000	0.000000	0.000000	0.000000	0.000000	0.008138	0.009103	-0.019451	-0.055064	0.161508
	1.000000	0.000000	0.000000	0.000000	0.000000	0.093436	0.453221	0.019894	0.766618	0.885752
	1.000000	0.000000	0.000000	0.000000	0.000000	0.037069	0.421271	-0.122850	-0.079044	-0.115978
	1.000000	0.000000	0.000000	0.000000	0.000000	0.092353	0.841287	-0.041010	-0.123462	0.008730
	1.000000	0.000000	0.000000	0.000000	0.000000	0.002259	0.968962	-0.022933	0.010072	1.078878
	1.000000	0.000000	0.000000	0.000000	0.000000	-0.057329	0.215190	-0.014903	0.466518	-0.110319
	1.000000	0.000000	0.000000	0.000000	0.000000	-0.007042	0.446941	-0.102709	0.072188	0.475028
	1.000000	0.000000	0.000000	0.000000	0.000000	-0.002124	0.964686	0.036834	-0.083983	1.118295
	1.000000	0.000000	0.000000	0.000000	0.000000	0.044119	0.782905	0.059026	-0.030539	0.341381
	1.000000	0.000000	0.000000	0.000000	0.000000	-0.016890	0.824946	-0.015115	0.410025	-0.124386
	1.000000	0.000000	0.000000	0.000000	0.000000	0.097117	1.124501	-0.082168	0.076647	0.173375
	1.000000	0.000000	0.000000	0.000000	0.000000	-0.023277	0.980033	-0.041245	0.176139	0.428832
	0.000000	1.000000	0.000000	0.000000	0.000000	-0.008453	1.117378	0.033680	0.380297	-0.049492
	0.000000	1.000000	0.000000	0.000000	0.000000	-0.041805	-0.116938	0.003574	-0.096997	0.011283
	0.000000	1.000000	0.000000	0.000000	0.000000	0.001783	0.584087	-0.035236	0.478475	0.827106
	0.000000	1.000000	0.000000	0.000000	0.000000	-0.031429	0.303138	0.075378	-0.118481	1.118544
	0.000000	1.000000	0.000000	0.000000	0.000000	-0.002747	0.342102	-0.093296	-0.117392	-0.124772
	0.000000	1.000000	0.000000	0.000000	0.000000	0.035734	0.046311	-0.107857	-0.099358	0.299606
	0.000000	1.000000	0.000000	0.000000	0.000000	-0.081461	0.984161	-0.013949	-0.114999	0.010189
	0.000000	1.000000	0.000000	0.000000	0.000000	0.036321	1.124921	-0.054690	0.170281	0.771038
	0.000000	1.000000	0.000000	0.000000	0.000000	0.174114	0.159979	-0.067358	0.210901	0.006269
	0.000000	1.000000	0.000000	0.000000	0.000000	0.043983	0.985954	0.042743	0.492690	0.497175
	0.000000	1.000000	0.000000	0.000000	0.000000	0.000136	0.917054	0.061298	0.562669	0.421063
	0.000000	1.000000	0.000000	0.000000	0.000000	0.023415	0.235701	0.104081	0.004621	0.785015
	0.000000	1.000000	0.000000	0.000000	0.000000	0.028770	0.074969	-0.052052	0.516144	-0.118456
	0.000000	1.000000	0.000000	0.000000	0.000000	0.033047	0.944670	0.029104	0.520449	-0.080481
	0.000000	1.000000	0.000000	0.000000	0.000000	-0.012059	-0.065276	-0.041020	0.624527	1.057620
	0.000000	1.000000	0.000000	0.000000	0.000000	0.058022	1.073198	0.021357	0.424663	0.664798
	0.000000	1.000000	0.000000	0.000000	0.000000	0.015201	0.988248	-0.070703	-0.069618	0.435542
	0.000000	1.000000	0.000000	0.000000	0.000000	-0.052973	0.107159	0.085068	0.131751	-0.101089
	0.000000	1.000000	0.000000	0.000000	0.000000	0.028582	0.678816	0.081345	-0.038874	-0.011868
	0.000000	1.000000	0.000000	0.000000	0.000000	0.001634	0.833928	-0.061725	-0.027801	-0.116666
	0.000000	1.000000	0.000000	0.000000	0.000000	0.069111	1.115738	-0.074433	-0.069322	0.960233
	0.000000	1.000000	0.000000	0.000000	0.000000	0.071964	-0.077023	-0.011587	0.811718	0.102523
	0.000000	1.000000	0.000000	0.000000	0.000000	-0.050823	-0.086065	-0.045370	0.163308	0.592545
	0.000000	1.000000	0.000000	0.000000	0.000000	-0.058397	-0.114863	0.042589	-0.078691	0.192228
	0.000000	1.000000	0.000000	0.000000	0.000000	-0.028787	0.973320	-0.037637	-0.018456	0.912453
	0.000000	1.000000	0.000000	0.000000	0.000000	-0.032480	0.083141	-0.010536	0.224812	0.596433
	0.000000	1.000000	0.000000	0.000000	0.000000	-0.043883	1.033315	0.025444	-0.124941	0.718394
	0.000000	1.000000	0.000000	0.000000	0.000000	0.010682	-0.053280	-0.086751	-0.123388	0.697617
	0.000000	1.000000	0.000000	0.000000	0.000000	0.003611	1.123881	-0.012019	0.556592	1.069563
	0.000000	1.000000	0.000000	0.000000	0.000000	-0.061290	1.124986	0.013628	0.307951	0.940653
	0.000000	1.000000	0.000000	0.000000	0.000000	0.060823	1.095909	-0.036583	-0.080166	1.124761
	0.000000	1.000000	0.000000	0.000000	0.000000	-0.084771	0.627494	0.028127	0.065311	0.113045
	0.000000	1.000000	0.000000	0.000000	0.000000	-0.048485	1.074295	0.010605	-0.044064	0.962927
	0.000000	1.000000	0.000000	0.000000	0.000000	0.045152	1.022666	0.008623	0.151013	0.509577
	0.000000	1.000000	0.000000	0.000000	0.000000	-0.048243	0.321705	-0.029243	-0.119183	0.375216
	0.000000	1.000000	0.000000	0.000000	0.000000	0.034213	-0.124499	-0.020510	-0.107340	0.393259
	0.000000	1.000000	0.000000	0.000000	0.000000	-0.031957	0.834319	0.074057	-0.122769	0.922056
	0.000000	1.000000	0.000000	0.000000	0.000000	-0.027237	0.594075	-0.005063	-0.120290	0.863705
	0.000000	1.000000	0.000000	0.000000	0.000000	-0.076248	-0.080835	0.019572	-0.105459	1.048681
	0.000000	0.000000	1.000000	0.000000	0.000000	0.034575	-0.111009	0.007999	0.008373	-0.124918
	0.000000	0.000000	1.000000	0.000000	0.000000	-0.071718	1.083210	-0.030649	-0.111724	0.746373
	0.000000	0.000000	1.000000	0.000000	0.000000	0.067683	0.802907	-0.015884	-0.081554	0.546106
	0.000000	0.000000	1.000000	0.000000	0.000000	-0.029468	0.854916	-0.029381	-0.003278	1.112264
	0.000000	0.000000	1.000000	0.000000	0.000000	0.036548	0.320947	-0.084657	0.265308	0.910331
	0.000000	0.000000	1.000000	0.000000	0.000000	-0.053812	0.933396	-0.054250	-0.025581	0.026413
	0.000000	0.000000	1.000000	0.000000	0.000000	0.018858	1.057290	-0.044296	0.533499	0.806972
	0.000000	0.000000	1.000000	0.000000	0.000000	0.104683	0.348265	-0.041571	-0.124669	-0.088847
	0.000000	0.000000	1.000000	0.000000	0.000000	-0.021795	0.321757	0.092916	0.368718	0.478211
	0.000000	0.000000	1.000000	0.000000	0.000000	0.005836	-0.123578	-0.079488	-0.122937	0.010260
	0.000000	0.000000	1.000000	0.000000	0.000000	0.018549	-0.092990	0.007294	0.894662	0.925710
	0.000000	0.000000	1.000000	0.000000	0.000000	-0.026343	1.096769	-0.102872	-0.075563	0.874427
	0.000000	0.000000	1.000000	0.000000	0.000000	0.016928	0.891801	-0.032952	0.420412	-0.012672
	0.000000	0.000000	0.000000	1.000000	0.000000	-0.053714	1.096074	-0.074243	-0.026041	1.023043
	0.000000	0.000000	0.000000	1.000000	0.000000	-0.065379	1.092064	0.066750	0.103674	-0.120497
	0.000000	0.000000	0.000000	1.000000	0.000000	-0.041861	-0.071254	0.006177	0.075603	0.611458
	0.000000	0.000000	0.000000	1.000000	0.000000	-0.058921	0.198031	-0.007774	0.008050	0.048655
	0.000000	0.000000	0.000000	1.000000	0.000000	-0.080867	0.636594	-0.051367	0.098144	-0.124942
	0.000000	0.000000	0.000000	1.000000	0.000000	-0.019006	0.839469	0.011149	-0.038591	-0.039486
	0.000000	0.000000	0.000000	1.000000	0.000000	-0.068121	0.666747	-0.021396	-0.114355	0.862496
	0.000000	0.000000	0.000000	1.000000	0.000000	0.018424	-0.121430	-0.045484	0.611087	1.017710
	0.000000	0.000000	0.000000	1.000000	0.000000	-0.067718	-0.119289	0.022410	0.153272	1.104816
	0.000000	0.000000	0.000000	1.000000	0.000000	-0.003268	1.107834	0.010329	0.090984	0.596385
	0.000000	0.000000	0.000000	1.000000	0.000000	-0.080413	1.089713	0.022171	-0.117415	1.122258
	0.000000	0.000000	0.000000	1.000000	0.000000	-0.033739	0.407117	-0.022930	-0.039684	0.846687
	0.000000	0.000000	0.000000	1.000000	0.000000	0.024050	0.026670	-0.054994	-0.124862	0.420242
	0.000000	0.000000	0.000000	1.000000	0.000000	0.011468	-0.051094	0.032413	-0.021386	0.147268
	0.000000	0.000000	0.000000	1.000000	0.000000	0.068654	-0.117145	-0.062861	0.367311	0.129944
	0.000000	0.000000	0.000000	1.000000	0.000000	-0.028891	0.338096	-0.098076	-0.026093	0.018683
	0.000000	0.000000	0.000000	0.000000	1.000000	0.098055	1.124858	-0.013901	-0.098745	0.516618
	0.000000	0.000000	0.000000	0.000000	1.000000	0.033188	1.100521	-0.068367	0.583169	1.104454
	0.000000	0.000000	0.000000	0.000000	1.000000	0.022381	1.073051	-0.017147	0.060341	1.079072
	0.000000	0.000000	0.000000	0.000000	1.000000	-0.004505	0.527446	-0.016627	0.055226	1.064741
	0.000000	0.000000	0.000000	0.000000	1.000000	0.139117	0.124796	-0.037617	0.558862	0.114592
	0.000000	0.000000	0.000000	0.000000	1.000000	0.007364	0.048616	0.039024	-0.070653	0.209652
	0.000000	0.000000	0.000000	0.000000	1.000000	0.015998	0.152450	0.126591	0.409232	0.518564
	0.000000	0.000000	0.000000	0.000000	1.000000	-0.005158	0.220035	-0.012673	0.321055	0.976625
	0.000000	0.000000	0.000000	0.000000	1.000000	0.089213	0.342676	-0.048796	0.220033	0.942986
	0.000000	0.000000	0.000000	0.000000	1.000000	0.019822	1.024022	-0.034710	-0.097842	-0.009449
	0.000000	0.000000	0.000000	0.000000	1.000000	0.029742	0.945714	-0.006142	-0.033058	-0.058896
	0.000000	0.000000	0.000000	0.000000	1.000000	-0.001870	0.848397	-0.093909	-0.071113	0.241641
	0.000000	0.000000	0.000000	0.000000	1.000000	-0.003373	0.296352	-0.031307	-0.058749	0.178102
	0.000000	0.000000	0.000000	0.000000	1.000000	-0.049289	-0.059716	-0.033877	0.094115	-0.123461
	0.000000	0.000000	0.000000	0.000000	1.000000	0.000479	0.791046	0.006439	0.183990	0.283818
	0.000000	0.000000	0.000000	0.000000	1.000000	0.022938	0.835998	-0.050516	-0.004816	1.041149
	0.000000	0.000000	0.000000	0.000000	1.000000	0.103779	0.595966	-0.101939	-0.108617	0.142734
	0.000000	0.000000	0.000000	0.000000	1.000000	-0.064740	0.086201	-0.076876	0.135662	-0.122480
	0.000000	0.000000	0.000000	0.000000	1.000000	-0.029307	-0.020832	-0.021520	0.576436	0.324843
	0.000000	0.000000	0.000000	0.000000	1.000000	0.019208	0.871304	-0.026542	0.271024	1.043059
	0.000000	0.000000	0.000000	0.000000	1.000000	0.057825	0.516939	0.083039	0.439925	0.806705
	0.000000	0.000000	0.000000	0.000000	1.000000	-0.036527	0.963337	-0.108564	-0.076212	0.275577
	0.000000	0.000000	0.000000	0.000000	1.000000	0.005500	0.140506	-0.069400	-0.122549	-0.093590
	0.000000	0.000000	0.000000	0.000000	1.000000	0.021691	1.124381	-0.010134	-0.120090	0.450553
	0.000000	0.000000	0.000000	0.000000	1.000000	0.077855	0.898691	-0.107547	-0.124964	1.080897
	0.000000	0.000000	0.000000	0.000000	1.000000	0.013694	1.103650	-0.101667	-0.042578	0.614601
	0.000000	0.000000	0.000000	0.000000	1.000000	0.010369	0.602935	-0.065364	0.336722	0.110901
	0.000000	0.000000	0.000000	0.000000	1.000000	-0.008461	-0.125000	-0.005959	0.347537	1.122800
	0.000000	0.000000	0.000000	0.000000	1.000000	0.058214	1.122628	-0.030692	0.249082	0.095655
	0.000000	0.000000	0.000000	0.000000	1.000000	0.000215	0.476591	0.007161	0.424517	-0.100394
	0.000000	0.000000	0.000000	0.000000	1.000000	-0.033163	1.107202	-0.062547	0.039632	0.446626
	0.000000	0.000000	0.000000	0.000000	1.000000	0.097102	1.119109	0.050642	0.358820	0.224015
	0.000000	0.000000	0.000000	0.000000	1.000000	0.036519	-0.066647	-0.021802	0.851813	0.478362
	0.000000	0.000000	0.000000	0.000000	1.000000	-0.037905	0.468064	-0.020002	0.054300	0.514619
	0.000000	0.000000	0.000000	0.000000	1.000000	-0.042326	0.808002	-0.055008	-0.093458	0.274909
	0.000000	0.000000	0.000000	0.000000	1.000000	0.005275	-0.118229	-0.053409	-0.053506	0.218429
	0.000000	0.000000	0.000000	0.000000	1.000000	-0.038401	0.951832	-0.037944	0.453455	0.087348
	0.000000	0.000000	0.000000	0.000000	1.000000	-0.030076	-0.123438	0.024839	0.033564	0.002258
	0.000000	0.000000	0.000000	0.000000	1.000000	0.031269	0.311339	-0.004966	-0.114522	-0.080764
	0.000000	0.000000	0.000000	0.000000	1.000000	-0.001720	1.089715	0.121182	-0.124927	1.032241
	0.000000	0.000000	0.000000	0.000000	1.000000	0.008666	0.797440	0.039144	0.091757	1.015162
	0.000000	0.000000	0.000000	0.000000	1.000000	-0.017190	-0.044885	-0.053544	0.571102	0.217980
	0.000000	0.000000	0.000000	0.000000	1.000000	-0.009197	0.205659	0.016341	0.013707	0.930899
	0.000000	0.000000	0.000000	0.000000	1.000000	0.014233	-0.030368	0.006423	-0.090790	0.549014
	0.000000	0.000000	0.000000	0.000000	1.000000	-0.052212	0.970049	-0.022215	0.151037	-0.048701
	0.000000	0.000000	0.000000	0.000000	1.000000	0.042351	1.096544	0.010682	-0.075779	0.334278
	0.000000	0.000000	0.000000	0.000000	1.000000	-0.004131	1.124923	0.045789	0.019230	0.279609
	0.000000	0.000000	0.000000	0.000000	1.000000	-0.013382	-0.048597	-0.017867	0.055389	0.977403
	0.000000	0.000000	0.000000	0.000000	1.000000	0.018783	-0.122758	-0.060058	0.198031	-0.103851
	0.000000	0.000000	0.000000	0.000000	1.000000	0.054268	1.042412	-0.116629	-0.114655	1.091739
	0.000000	0.000000	0.000000	0.000000	1.000000	0.072176	-0.123862	-0.030589	-0.092683	1.117845
	0.000000	0.000000	0.000000	0.000000	1.000000	0.020237	-0.121629	0.085163	0.076383	-0.124805
	0.000000	0.000000	0.000000	0.000000	1.000000	0.013631	-0.114869	-0.000202	-0.026681	0.364574
	0.000000	0.000000	0.000000	0.000000	1.000000	0.025483	0.223319	-0.045011	-0.054736	0.874294
	0.000000	0.000000	0.000000	0.000000	1.000000	0.089953	0.629046	-0.040926	0.343245	0.401858
	0.000000	0.000000	0.000000	0.000000	1.000000	0.060709	-0.117805	-0.061011	0.159468	1.112370
	0.000000	0.000000	0.000000	0.000000	1.000000	-0.033855	0.585130	-0.005268	-0.074948	1.086886
	0.000000	0.000000	0.000000	0.000000	1.000000	-0.097986	1.115344	-0.014244	0.099953	0.059904
	0.000000	0.000000	0.000000	0.000000	1.000000	-0.034013	0.487252	-0.000831	-0.030712	1.112700
	0.000000	0.000000	0.000000	0.000000	1.000000	0.035066	0.434724	-0.051537	-0.096497	1.087066
	0.000000	0.000000	0.000000	0.000000	1.000000	0.052924	1.109565	0.020191	0.057749	0.683369
	0.000000	0.000000	0.000000	0.000000	1.000000	0.044930	0.630079	0.064446	0.778364	0.709671
	0.000000	0.000000	0.000000	0.000000	1.000000	-0.050971	0.998215	-0.011754	0.127791	-0.119281
	0.000000	0.000000	0.000000	0.000000	1.000000	-0.036973	0.457138	0.120134	-0.060985	1.123290
	0.000000	0.000000	0.000000	0.000000	1.000000	0.050554	0.168454	0.090901	0.750077	0.707598
	1.000000	0.000000	0.000000	0.000000	0.000000	0.057258	-0.062140	-0.022806	0.507096	0.311235
	1.000000	0.000000	0.000000	0.000000	0.000000	-0.021684	-0.119528	-0.054595	0.200373	-0.124654
	1.000000	0.000000	0.000000	0.000000	0.000000	-0.072235	0.979064	-0.000287	0.261625	1.108304
	1.000000	0.000000	0.000000	0.000000	0.000000	-0.061131	0.168130	0.009571	0.160155	0.050714
	1.000000	0.000000	0.000000	0.000000	0.000000	-0.009477	1.032520	0.038595	0.214172	0.403361
	1.000000	0.000000	0.000000	0.000000	0.000000	-0.013144	1.081675	0.018846	0.809232	0.720376
	1.000000	0.000000	0.000000	0.000000	0.000000	-0.025608	-0.047940	-0.040236	0.112643	0.378649
	1.000000	0.000000	0.000000	0.000000	0.000000	0.020534	0.949183	-0.025961	0.535247	1.124882
	1.000000	0.000000	0.000000	0.000000	0.000000	0.004481	0.277569	0.078219	0.370832	0.767867
	1.000000	0.000000	0.000000	0.000000	0.000000	-0.054252	0.415238	-0.071120	-0.051621	0.446959
	1.000000	0.000000	0.000000	0.000000	0.000000	0.016123	0.844348	-0.034444	-0.088712	0.193539
	1.000000	0.000000	0.000000	0.000000	0.000000	0.034718	0.494958	-0.044948	0.237081	0.437498
	1.000000	0.000000	0.000000	0.000000	0.000000	-0.054846	0.889499	-0.029005	0.119392	-0.112276
	1.000000	0.000000	0.000000	0.000000	0.000000	0.039229	-0.105553	-0.056633	0.651993	0.275052
	1.000000	0.000000	0.000000	0.000000	0.000000	0.014931	0.797061	-0.063044	-0.121150	-0.124286
	1.000000	0.000000	0.000000	0.000000	0.000000	0.045720	-0.112118	0.093456	0.754934	0.129242
	0.000000	1.000000	0.000000	0.000000	0.000000	-0.004767	0.905353	-0.036019	-0.016957	-0.086193
	0.000000	1.000000	0.000000	0.000000	0.000000	0.045487	-0.118056	0.003213	0.457364	1.063113
	0.000000	1.000000	0.000000	0.000000	0.000000	0.028575	-0.101538	0.010996	-0.098952	0.314706
	0.000000	1.000000	0.000000	0.000000	0.000000	0.025505	0.603549	-0.064765	-0.124517	-0.107141
	0.000000	1.000000	0.000000	0.000000	0.000000	0.037847	-0.118577	0.070351	-0.016004	-0.092069
	0.000000	1.000000	0.000000	0.000000	0.000000	0.072462	0.008353	-0.033787	-0.123719	0.345568
	0.000000	1.000000	0.000000	0.000000	0.000000	0.021892	0.983647	-0.000029	0.157156	-0.121940
	0.000000	1.000000	0.000000	0.000000	0.000000	-0.003340	0.166667	-0.008080	0.140844	1.114009
	0.000000	1.000000	0.000000	0.000000	0.000000	0.061100	1.096215	-0.071584	-0.124750	1.081771
	0.000000	1.000000	0.000000	0.000000	0.000000	0.004979	0.011967	0.091379	0.652415	0.024847
	0.000000	1.000000	0.000000	0.000000	0.000000	-0.031940	0.237208	0.034410	-0.123552	1.085174
	0.000000	1.000000	0.000000	0.000000	0.000000	0.000593	1.115868	-0.032669	0.359664	-0.106112
	0.000000	1.000000	0.000000	0.000000	0.000000	0.062200	-0.091943	-0.041797	0.701286	0.103720
	0.000000	1.000000	0.000000	0.000000	0.000000	-0.000172	0.666127	-0.054854	0.049353	1.124593
	0.000000	1.000000	0.000000	0.000000	0.000000	0.077089	-0.114778	0.026710	0.432940	1.071421
	0.000000	1.000000	0.000000	0.000000	0.000000	-0.041992	1.112608	0.055385	-0.035743	1.114899
	0.000000	1.000000	0.000000	0.000000	0.000000	0.035822	1.049070	-0.072093	0.217410	0.280857
	0.000000	1.000000	0.000000	0.000000	0.000000	-0.019109	-0.007382	-0.102156	-0.121794	-0.106916
	0.000000	1.000000	0.000000	0.000000	0.000000	0.040906	0.754082	0.009159	0.136419	0.001922
	0.000000	1.000000	0.000000	0.000000	0.000000	-0.059835	0.322456	0.001725	-0.074206	0.201451
	0.000000	1.000000	0.000000	0.000000	0.000000	0.014021	0.230667	-0.095536	0.211810	1.124054
	0.000000	1.000000	0.000000	0.000000	0.000000	0.044861	0.506178	-0.077047	0.118791	0.605682
	0.000000	1.000000	0.000000	0.000000	0.000000	0.030656	0.939085	0.091223	-0.000312	-0.045714
	0.000000	1.000000	0.000000	0.000000	0.000000	-0.029607	0.516512	-0.044459	0.121459	-0.097525
	0.000000	1.000000	0.000000	0.000000	0.000000	0.061746	0.021169	-0.005509	0.115729	1.082963
	0.000000	1.000000	0.000000	0.000000	0.000000	0.022848	-0.078084	-0.067429	0.268207	0.050064
	0.000000	1.000000	0.000000	0.000000	0.000000	0.019942	-0.026310	-0.018535	-0.099991	0.275863
	0.000000	1.000000	0.000000	0.000000	0.000000	-0.000047	1.118999	0.108865	0.021888	0.307744
	0.000000	1.000000	0.000000	0.000000	0.000000	0.000117	0.438451	0.107907	0.331432	0.849947
	0.000000	1.000000	0.000000	0.000000	0.000000	-0.056196	0.072872	0.044880	0.047145	0.269980
	0.000000	1.000000	0.000000	0.000000	0.000000	-0.014260	0.755902	0.098351	0.158236	0.016960
	0.000000	1.000000	0.000000	0.000000	0.000000	0.079519	1.119495	-0.036096	-0.004285	-0.097353
	0.000000	1.000000	0.000000	0.000000	0.000000	-0.007050	0.922309	-0.043253	0.111022	1.097077
	0.000000	1.000000	0.000000	0.000000	0.000000	-0.014916	0.569911	-0.012536	0.221259	0.770673
	0.000000	1.000000	0.000000	0.000000	0.000000	-0.021318	-0.057836	-0.026905	0.008143	1.119440
	0.000000	0.000000	1.000000	0.000000	0.000000	0.071069	1.117770	-0.101206	0.043419	0.497883
	0.000000	0.000000	1.000000	0.000000	0.000000	-0.028262	1.120257	-0.054677	-0.124966	0.334859
	0.000000	0.000000	1.000000	0.000000	0.000000	0.036257	-0.100613	-0.014694	-0.115647	0.693354
	0.000000	0.000000	1.000000	0.000000	0.000000	-0.048832	0.935092	-0.020062	-0.118630	-0.117603
	0.000000	0.000000	1.000000	0.000000	0.000000	0.032749	0.545719	-0.041132	0.004012	0.951248
	0.000000	0.000000	1.000000	0.000000	0.000000	-0.026317	1.125000	0.035281	0.294226	0.427971
	0.000000	0.000000	1.000000	0.000000	0.000000	0.126162	1.101135	0.000583	-0.020654	0.773635
	0.000000	0.000000	1.000000	0.000000	0.000000	0.016444	0.364746	-0.042688	-0.028756	1.009159
	0.000000	0.000000	1.000000	0.000000	0.000000	0.085649	0.978492	0.093336	0.874711	-0.118589
	0.000000	0.000000	1.000000	0.000000	0.000000	-0.008842	0.861178	-0.004371	0.120004	0.133246
	0.000000	0.000000	1.000000	0.000000	0.000000	0.010277	0.896026	-0.021669	-0.073993	0.525827
	0.000000	0.000000	1.000000	0.000000	0.000000	-0.007736	-0.097620	-0.027398	-0.007607	1.036760
	0.000000	0.000000	1.000000	0.000000	0.000000	0.052206	-0.073491	0.031798	-0.110473	0.156415
	0.000000	0.000000	1.000000	0.000000	0.000000	-0.017319	1.123864	-0.024856	-0.066910	0.121243
	0.000000	0.000000	1.000000	0.000000	0.000000	0.034330	0.760144	-0.019825	-0.118054	1.087258
	0.000000	0.000000	1.000000	0.000000	0.000000	0.023697	-0.041674	-0.011103	0.000550	0.197469
	0.000000	0.000000	0.000000	1.000000	0.000000	0.037720	0.797127	0.034283	0.575281	0.598779
	0.000000	0.000000	0.000000	1.000000	0.000000	0.010007	0.688479	-0.016447	0.032525	0.659977
	0.000000	0.000000	0.000000	1.000000	0.000000	-0.027540	0.679769	-0.052334	-0.065945	0.162737
	0.000000	0.000000	0.000000	1.000000	0.000000	-0.053958	-0.032574	-0.007176	-0.053436	0.211514
	0.000000	0.000000	0.000000	1.000000	0.000000	-0.024598	-0.049039	0.110301	0.803205	-0.085301
	0.000000	0.000000	0.000000	1.000000	0.000000	-0.008708	0.883661	-0.010240	0.643849	1.062425
	0.000000	0.000000	0.000000	1.000000	0.000000	0.020241	0.186388	0.017123	0.070256	0.043747
	0.000000	0.000000	0.000000	1.000000	0.000000	-0.053046	1.004733	0.054626	-0.124836	0.949363
	0.000000	0.000000	0.000000	1.000000	0.000000	-0.002501	0.108716	-0.027998	-0.123749	0.684504
	0.000000	0.000000	0.000000	1.000000	0.000000	0.117212	1.029730	-0.070544	0.106181	1.124940
	0.000000	0.000000	0.000000	1.000000	0.000000	-0.037116	0.569432	0.101395	0.365898	1.117985
	0.000000	0.000000	0.000000	1.000000	0.000000	0.072233	-0.048329	0.027173	-0.118194	1.044954
	0.000000	0.000000	0.000000	1.000000	0.000000	0.015661	0.571685	0.013438	-0.064664	-0.099653
	0.000000	0.000000	0.000000	1.000000	0.000000	0.017060	-0.001398	-0.065228	0.200279	0.044642
	0.000000	0.000000	0.000000	1.000000	0.000000	0.004266	0.032815	-0.097683	0.093326	0.749428
	0.000000	0.000000	0.000000	0.000000	1.000000	0.050982	-0.073967	-0.040094	0.201703	0.107130
	0.000000	0.000000	0.000000	0.000000	1.000000	0.058419	1.059859	-0.034926	-0.076893	0.992608
	0.000000	0.000000	0.000000	0.000000	1.000000	0.053882	0.914107	0.000958	-0.102684	-0.067819
	0.000000	0.000000	0.000000	0.000000	1.000000	0.045202	0.808437	-0.057134	-0.121370	0.051003
	0.000000	0.000000	0.000000	0.000000	1.000000	0.001400	1.113989	-0.029494	-0.111823	0.027492
	0.000000	0.000000	0.000000	0.000000	1.000000	0.018455	0.866636	0.004910	-0.112521	0.921080
	0.000000	0.000000	0.000000	0.000000	1.000000	-0.022863	0.416941	-0.082496	-0.096195	0.535317
	0.000000	0.000000	0.000000	0.000000	1.000000	0.054478	0.034009	-0.027560	0.313595	0.505348
	0.000000	0.000000	0.000000	0.000000	1.000000	-0.017373	0.993562	0.021321	-0.060753	0.824464
	0.000000	0.000000	0.000000	0.000000	1.000000	0.040492	0.494013	-0.007475	0.230108	0.893761
	0.000000	0.000000	0.000000	0.000000	1.000000	-0.014334	0.170092	-0.012748	0.590132	0.981832
	0.000000	0.000000	0.000000	0.000000	1.000000	-0.013797	0.096436	-0.078659	0.000383	0.666519
	0.000000	0.000000	0.000000	0.000000	1.000000	-0.036580	0.650387	-0.065616	-0.112963	0.216067
	0.000000	0.000000	0.000000	0.000000	1.000000	-0.025721	0.792663	-0.013120	0.161455	0.954659
	0.000000	0.000000	0.000000	0.000000	1.000000	-0.044551	-0.117631	-0.050902	-0.121802	0.794155
	0.000000	0.000000	0.000000	0.000000	1.000000	-0.058264	-0.118125	-0.062482	-0.114833	0.558313
	0.000000	0.000000	0.000000	0.000000	1.000000	0.016009	1.056353	0.023555	0.112214	0.041151
	0.000000	0.000000	0.000000	0.000000	1.000000	-0.030227	0.129978	-0.039785	-0.020937	0.298585
	0.000000	0.000000	0.000000	0.000000	1.000000	0.053954	0.896831	-0.098970	-0.097652	0.951192
	0.000000	0.000000	0.000000	0.000000	1.000000	-0.023718	0.095190	0.018798	0.431121	0.601728
	0.000000	0.000000	0.000000	0.000000	1.000000	-0.034711	0.755318	-0.084497	-0.059565	0.972168
	0.000000	0.000000	0.000000	0.000000	1.000000	-0.065412	0.310262	0.048591	0.308120	0.810216
	0.000000	0.000000	0.000000	0.000000	1.000000	0.007504	0.737038	-0.054906	-0.124990	0.463858
	0.000000	0.000000	0.000000	0.000000	1.000000	0.029238	0.682769	0.113639	-0.090931	1.121370
	0.000000	0.000000	0.000000	0.000000	1.000000	0.046948	-0.021474	0.002453	0.506097	1.085556
	0.000000	0.000000	0.000000	0.000000	1.000000	-0.047218	1.090202	-0.052759	0.003131	0.894155
	0.000000	0.000000	0.000000	0.000000	1.000000	0.020758	0.279676	0.037945	-0.124097	1.024808
	0.000000	0.000000	0.000000	0.000000	1.000000	0.008664	0.237278	-0.031964	0.267338	0.766423
	0.000000	0.000000	0.000000	0.000000	1.000000	-0.025043	0.910153	-0.067598	-0.085569	0.815303
	0.000000	0.000000	0.000000	0.000000	1.000000	0.131677	-0.124538	-0.043634	0.397687	1.102604
	0.000000	0.000000	0.000000	0.000000	1.000000	-0.006724	0.566995	-0.097802	-0.086773	0.673405
	0.000000	0.000000	0.000000	0.000000	1.000000	0.065821	-0.113889	-0.006065	0.185995	0.279847
	0.000000	0.000000	0.000000	0.000000	1.000000	0.050659	1.016558	0.091889	0.331161	0.758925
	0.000000	0.000000	0.000000	0.000000	1.000000	-0.058414	0.624841	-0.016168	-0.044047	0.631615
	0.000000	0.000000	0.000000	0.000000	1.000000	-0.048468	0.817851	0.067078	0.001892	0.916166
	0.000000	0.000000	0.000000	0.000000	1.000000	-0.047285	-0.069583	-0.012441	-0.035152	0.535702
	0.000000	0.000000	0.000000	0.000000	1.000000	-0.001899	0.750693	0.044935	-0.084759	1.124276
	0.000000	0.000000	0.000000	0.000000	1.000000	-0.009381	-0.119188	-0.060493	-0.086599	1.025795
	0.000000	0.000000	0.000000	0.000000	1.000000	-0.006440	0.732984	-0.059738	0.186802	0.039049
	0.000000	0.000000	0.000000	0.000000	1.000000	-0.020433	1.006394	0.086564	-0.090388	0.920885
	0.000000	0.000000	0.000000	0.000000	1.000000	-0.041493	0.168290	0.017569	-0.123356	-0.121489
	0.000000	0.000000	0.000000	0.000000	1.000000	-0.059478	0.639606	0.064355	0.104891	0.010971
	0.000000	0.000000	0.000000	0.000000	1.000000	0.103394	0.303372	-0.039316	0.575398	0.028402
	0.000000	0.000000	0.000000	0.000000	1.000000	0.031214	0.120693	0.006683	-0.078068	1.000097
	0.000000	0.000000	0.000000	0.000000	1.000000	-0.012237	0.904810	-0.008829	-0.100619	0.297306
	0.000000	0.000000	0.000000	0.000000	1.000000	0.028893	0.980245	-0.090800	0.534921	0.534917
	0.000000	0.000000	0.000000	0.000000	1.000000	0.035125	0.031445	-0.012124	0.044168	0.884507
	0.000000	0.000000	0.000000	0.000000	1.000000	0.000259	0.050531	-0.043698	0.029228	0.465811
	0.000000	0.000000	0.000000	0.000000	1.000000	-0.029727	0.553644	-0.020537	0.433576	0.975846
	0.000000	0.000000	0.000000	0.000000	1.000000	-0.011547	1.067157	0.012066	0.245799	0.030257
	0.000000	0.000000	0.000000	0.000000	1.000000	-0.026363	-0.015901	-0.016037	0.268416	0.166151
	0.000000	0.000000	0.000000	0.000000	1.000000	0.067385	1.123425	-0.068328	-0.050635	1.072180
	0.000000	0.000000	0.000000	0.000000	1.000000	0.011704	0.669777	-0.091271	0.032001	0.879007
	0.000000	0.000000	0.000000	0.000000	1.000000	0.055284	0.677318	-0.020198	-0.119609	-0.089128
	0.000000	0.000000	0.000000	0.000000	1.000000	0.053861	-0.116685	-0.072184	-0.105936	-0.076133
	0.000000	0.000000	0.000000	0.000000	1.000000	0.018366	1.092900	0.029783	0.025710	0.016108
	0.000000	0.000000	0.000000	0.000000	1.000000	-0.001214	-0.089708	0.020353	-0.122355	0.609595
	0.000000	0.000000	0.000000	0.000000	1.000000	-0.020881	-0.079579	0.070902	0.119642	1.093496
	0.000000	0.000000	0.000000	0.000000	1.000000	0.036149	0.614816	-0.034124	-0.124698	0.686550
	0.000000	0.000000	0.000000	0.000000	1.000000	-0.034812	0.795485	-0.047948	-0.119628	0.652626
	0.000000	0.000000	0.000000	0.000000	1.000000	-0.018155	-0.057205	-0.052095	-0.119151	0.055696
