	1.000000	0.000000	0.000000	0.000000	0.000000	-0.113037	0.142502	-0.114698	-0.122307	-0.123836
	1.000000	0.000000	0.000000	0.000000	0.000000	-0.114474	-0.075551	0.032910	0.092374	-0.115535
	1.000000	0.000000	0.000000	0.000000	0.000000	-0.098514	0.640214	-0.061249	-0.072161	0.072304
	1.000000	0.000000	0.000000	0.000000	0.000000	-0.110275	0.754697	-0.084621	0.112772	0.870092
	1.000000	0.000000	0.000000	0.000000	0.000000	-0.094683	0.695390	-0.060059	-0.124994	1.099961
	1.000000	0.000000	0.000000	0.000000	0.000000	-0.117024	0.961079	-0.015695	-0.002142	-0.124304
	1.000000	0.000000	0.000000	0.000000	0.000000	-0.071432	0.595885	-0.007312	-0.124387	0.726697
	1.000000	0.000000	0.000000	0.000000	0.000000	-0.122904	0.925924	0.010066	-0.105564	0.211047
	1.000000	0.000000	0.000000	0.000000	0.000000	-0.018675	0.536450	-0.123600	0.261710	0.724997
	1.000000	0.000000	0.000000	0.000000	0.000000	-0.080478	0.742588	-0.124483	0.475305	1.124976
	1.000000	0.000000	0.000000	0.000000	0.000000	0.182599	0.774412	0.058453	0.070706	-0.111300
	1.000000	0.000000	0.000000	0.000000	0.000000	-0.102353	-0.106740	-0.122198	0.297058	0.978829
	1.000000	0.000000	0.000000	0.000000	0.000000	0.118402	0.719696	0.064640	-0.099022	0.901663
	1.000000	0.000000	0.000000	0.000000	0.000000	-0.124403	-0.113736	-0.069519	-0.124655	0.167562
	0.000000	1.000000	0.000000	0.000000	0.000000	-0.096409	-0.103237	-0.113248	0.130138	0.362190
	0.000000	1.000000	0.000000	0.000000	0.000000	-0.091148	0.192536	-0.092282	-0.123335	0.130543
	0.000000	1.000000	0.000000	0.000000	0.000000	-0.082938	0.770735	-0.098894	-0.107886	0.689975
	0.000000	1.000000	0.000000	0.000000	0.000000	-0.096798	-0.121445	-0.002287	-0.124870	0.608906
	0.000000	1.000000	0.000000	0.000000	0.000000	-0.038792	-0.028986	0.001371	-0.068765	0.354745
	0.000000	1.000000	0.000000	0.000000	0.000000	-0.009458	1.112003	0.189884	-0.105309	0.729739
	0.000000	1.000000	0.000000	0.000000	0.000000	-0.041387	0.054319	-0.060461	-0.093494	1.028966
	0.000000	1.000000	0.000000	0.000000	0.000000	-0.081122	-0.112255	0.217315	-0.124997	0.432514
	0.000000	1.000000	0.000000	0.000000	0.000000	0.016399	0.844755	-0.124872	0.062419	0.778768
	0.000000	1.000000	0.000000	0.000000	0.000000	-0.124973	0.450233	-0.069223	-0.103058	-0.033963
	0.000000	1.000000	0.000000	0.000000	0.000000	-0.122222	0.426904	-0.034493	-0.027620	-0.079895
	0.000000	1.000000	0.000000	0.000000	0.000000	-0.113998	1.003098	-0.080837	0.057141	1.123222
	0.000000	1.000000	0.000000	0.000000	0.000000	-0.114242	1.112950	-0.107655	0.024183	0.496566
	0.000000	1.000000	0.000000	0.000000	0.000000	-0.121616	1.028880	-0.121637	0.139683	1.063956
	0.000000	1.000000	0.000000	0.000000	0.000000	-0.038114	0.140597	0.026405	0.210212	-0.081360
	0.000000	1.000000	0.000000	0.000000	0.000000	-0.016346	0.991108	-0.001119	0.538379	-0.016984
	0.000000	1.000000	0.000000	0.000000	0.000000	-0.092504	1.006328	0.152883	0.267858	1.093984
	0.000000	1.000000	0.000000	0.000000	0.000000	-0.003943	0.977040	0.050044	-0.112141	0.571646
	0.000000	1.000000	0.000000	0.000000	0.000000	0.022652	0.606259	-0.121996	-0.091001	0.882970
	0.000000	1.000000	0.000000	0.000000	0.000000	-0.082663	1.124201	-0.109356	-0.098415	-0.069887
	0.000000	1.000000	0.000000	0.000000	0.000000	-0.050446	0.019174	0.319100	-0.093744	1.116389
	0.000000	1.000000	0.000000	0.000000	0.000000	-0.085610	0.288610	-0.001419	-0.031531	0.825049
	0.000000	1.000000	0.000000	0.000000	0.000000	-0.124408	1.086212	-0.066679	-0.124675	0.012848
	0.000000	1.000000	0.000000	0.000000	0.000000	-0.123215	1.056383	-0.114028	0.256674	-0.068715
	0.000000	1.000000	0.000000	0.000000	0.000000	-0.025266	-0.030162	0.082372	0.113420	0.249008
	0.000000	1.000000	0.000000	0.000000	0.000000	-0.121945	0.040627	-0.124903	-0.124575	0.019324
	0.000000	1.000000	0.000000	0.000000	0.000000	-0.107971	0.142392	-0.120505	-0.085090	-0.011290
	0.000000	1.000000	0.000000	0.000000	0.000000	-0.124602	-0.003393	0.020609	-0.124551	0.590179
	0.000000	1.000000	0.000000	0.000000	0.000000	-0.034331	1.080894	0.000469	-0.067118	-0.080145
	0.000000	1.000000	0.000000	0.000000	0.000000	0.121371	0.049213	-0.124999	-0.092348	-0.106959
	0.000000	1.000000	0.000000	0.000000	0.000000	-0.013251	0.727827	0.053289	0.226752	0.505491
	0.000000	1.000000	0.000000	0.000000	0.000000	-0.083562	-0.109137	-0.085253	0.054295	-0.046678
	0.000000	1.000000	0.000000	0.000000	0.000000	-0.094799	0.254756	-0.022044	-0.124788	-0.027930
	0.000000	1.000000	0.000000	0.000000	0.000000	0.081795	0.937601	-0.124952	-0.030974	0.404338
	0.000000	1.000000	0.000000	0.000000	0.000000	-0.122921	1.086660	-0.070132	-0.115455	0.443652
	0.000000	1.000000	0.000000	0.000000	0.000000	-0.096127	0.512313	0.452346	0.202486	-0.031058
	0.000000	1.000000	0.000000	0.000000	0.000000	-0.098844	1.066214	0.025741	-0.108920	-0.095712
	0.000000	1.000000	0.000000	0.000000	0.000000	-0.124741	1.101729	-0.122622	0.193231	-0.019492
	0.000000	1.000000	0.000000	0.000000	0.000000	0.056016	-0.124963	-0.124258	-0.050874	1.122555
	0.000000	0.000000	1.000000	0.000000	0.000000	0.166642	1.104040	0.058723	0.509827	1.124995
	0.000000	0.000000	1.000000	0.000000	0.000000	0.031207	1.106629	-0.123479	-0.108110	1.021482
	0.000000	0.000000	1.000000	0.000000	0.000000	-0.120087	0.838430	-0.052589	0.007708	0.208587
	0.000000	0.000000	1.000000	0.000000	0.000000	0.116431	0.392774	-0.025395	-0.085042	-0.122500
	0.000000	0.000000	1.000000	0.000000	0.000000	-0.086547	0.053352	0.125642	0.141205	0.360476
	0.000000	0.000000	1.000000	0.000000	0.000000	-0.124958	0.523486	-0.122801	0.064666	0.858536
	0.000000	0.000000	1.000000	0.000000	0.000000	-0.006336	-0.098904	-0.121279	0.206421	-0.027833
	0.000000	0.000000	1.000000	0.000000	0.000000	0.023799	0.555447	-0.027795	-0.051923	1.049980
	0.000000	0.000000	1.000000	0.000000	0.000000	-0.051114	0.846659	0.249457	-0.118029	0.910480
	0.000000	0.000000	1.000000	0.000000	0.000000	0.109378	0.326561	-0.047742	-0.113511	-0.108775
	0.000000	0.000000	1.000000	0.000000	0.000000	0.041928	0.713931	-0.019638	0.135415	0.525046
	0.000000	0.000000	1.000000	0.000000	0.000000	-0.124106	0.378404	-0.111331	0.015068	-0.093584
	0.000000	0.000000	1.000000	0.000000	0.000000	-0.086674	0.892864	-0.093498	-0.116392	0.677046
	0.000000	0.000000	0.000000	1.000000	0.000000	0.254657	0.054722	0.084653	0.425849	-0.051858
	0.000000	0.000000	0.000000	1.000000	0.000000	-0.024174	1.124915	0.243600	0.032991	-0.043834
	0.000000	0.000000	0.000000	1.000000	0.000000	-0.062518	1.118264	-0.116195	-0.100959	0.162511
	0.000000	0.000000	0.000000	1.000000	0.000000	-0.111084	1.113656	-0.092972	-0.088144	1.107490
	0.000000	0.000000	0.000000	1.000000	0.000000	0.205146	-0.115807	0.235760	0.143067	0.086404
	0.000000	0.000000	0.000000	1.000000	0.000000	-0.084798	1.122931	-0.087355	-0.091669	0.882716
	0.000000	0.000000	0.000000	1.000000	0.000000	0.303649	-0.109411	-0.023172	-0.036116	-0.037582
	0.000000	0.000000	0.000000	1.000000	0.000000	-0.106105	0.628721	-0.111331	-0.117361	1.123866
	0.000000	0.000000	0.000000	1.000000	0.000000	-0.123399	0.474027	-0.052816	-0.041229	1.119114
	0.000000	0.000000	0.000000	1.000000	0.000000	0.000244	0.287052	-0.054375	-0.050629	0.845332
	0.000000	0.000000	0.000000	1.000000	0.000000	-0.079825	0.139598	-0.102759	0.199781	0.921361
	0.000000	0.000000	0.000000	1.000000	0.000000	-0.111148	0.456826	-0.119791	-0.122151	-0.107121
	0.000000	0.000000	0.000000	1.000000	0.000000	-0.106349	-0.121075	-0.124959	-0.105486	0.881454
	0.000000	0.000000	0.000000	1.000000	0.000000	-0.091825	-0.101531	-0.052283	-0.119058	0.199702
	0.000000	0.000000	0.000000	1.000000	0.000000	-0.124597	0.154158	-0.071141	-0.010017	0.129669
	0.000000	0.000000	0.000000	1.000000	0.000000	-0.100916	1.006647	0.293112	-0.054196	0.598864
	0.000000	0.000000	0.000000	0.000000	1.000000	-0.102458	0.199260	0.112461	-0.079116	1.122024
	0.000000	0.000000	0.000000	0.000000	1.000000	-0.047543	-0.124103	-0.085585	-0.106534	0.027047
	0.000000	0.000000	0.000000	0.000000	1.000000	-0.059942	0.086767	0.111184	0.234151	1.044527
	0.000000	0.000000	0.000000	0.000000	1.000000	0.403705	-0.125000	-0.123468	0.395056	-0.065185
	0.000000	0.000000	0.000000	0.000000	1.000000	0.081301	0.057254	-0.009640	0.048874	1.001130
	0.000000	0.000000	0.000000	0.000000	1.000000	0.509177	0.038743	-0.065885	0.481162	1.049099
	0.000000	0.000000	0.000000	0.000000	1.000000	-0.029932	-0.082363	0.043997	-0.123829	0.857512
	0.000000	0.000000	0.000000	0.000000	1.000000	-0.073471	1.077291	-0.048045	-0.086162	0.802889
	0.000000	0.000000	0.000000	0.000000	1.000000	-0.124783	0.597543	-0.100652	-0.124079	1.066719
	0.000000	0.000000	0.000000	0.000000	1.000000	-0.088100	1.006879	0.088551	-0.113208	0.534649
	0.000000	0.000000	0.000000	0.000000	1.000000	0.091872	0.681323	0.121265	-0.124572	0.557951
	0.000000	0.000000	0.000000	0.000000	1.000000	-0.121940	0.119265	-0.121131	0.018110	0.782457
	0.000000	0.000000	0.000000	0.000000	1.000000	0.142039	0.188835	-0.124640	-0.081895	0.938710
	0.000000	0.000000	0.000000	0.000000	1.000000	0.334774	0.341317	-0.124999	0.194719	-0.070542
	0.000000	0.000000	0.000000	0.000000	1.000000	-0.103207	0.067223	-0.028939	-0.059331	-0.124902
	0.000000	0.000000	0.000000	0.000000	1.000000	0.229254	0.679845	-0.083060	-0.054498	0.356930
	0.000000	0.000000	0.000000	0.000000	1.000000	-0.090008	-0.055110	-0.109172	0.076942	0.435802
	0.000000	0.000000	0.000000	0.000000	1.000000	-0.082858	0.401799	-0.114131	-0.111455	0.603269
	0.000000	0.000000	0.000000	0.000000	1.000000	-0.100863	-0.104785	-0.050177	-0.108545	0.207877
	0.000000	0.000000	0.000000	0.000000	1.000000	-0.111949	0.550780	-0.084628	-0.097136	0.931714
	0.000000	0.000000	0.000000	0.000000	1.000000	-0.031731	1.097001	-0.096429	0.027790	-0.109573
	0.000000	0.000000	0.000000	0.000000	1.000000	-0.013852	1.109599	-0.123513	-0.066457	1.047459
	0.000000	0.000000	0.000000	0.000000	1.000000	-0.108564	0.959993	0.025508	-0.080855	1.096999
	0.000000	0.000000	0.000000	0.000000	1.000000	-0.122235	0.688417	-0.102046	-0.124985	-0.122105
	0.000000	0.000000	0.000000	0.000000	1.000000	0.210287	0.257618	0.113055	-0.106855	1.122497
	0.000000	0.000000	0.000000	0.000000	1.000000	-0.030405	0.654691	-0.009781	-0.049445	0.441342
	0.000000	0.000000	0.000000	0.000000	1.000000	-0.119533	0.235340	0.032669	-0.064765	0.671424
	0.000000	0.000000	0.000000	0.000000	1.000000	0.006855	0.987026	-0.046077	-0.087663	0.082047
	0.000000	0.000000	0.000000	0.000000	1.000000	0.050717	0.148161	0.108301	0.009047	0.342889
	0.000000	0.000000	0.000000	0.000000	1.000000	-0.118236	0.179239	0.179121	-0.075801	1.081742
	0.000000	0.000000	0.000000	0.000000	1.000000	0.264947	-0.124978	-0.103130	0.341115	0.460708
	0.000000	0.000000	0.000000	0.000000	1.000000	-0.095077	-0.111443	-0.074932	-0.025073	0.078338
	0.000000	0.000000	0.000000	0.000000	1.000000	-0.117479	0.173533	0.004190	-0.104648	1.111691
	0.000000	0.000000	0.000000	0.000000	1.000000	-0.121666	0.776028	0.076595	-0.082361	0.373277
	0.000000	0.000000	0.000000	0.000000	1.000000	0.094068	-0.043728	-0.010995	0.112045	-0.027971
	0.000000	0.000000	0.000000	0.000000	1.000000	0.184134	-0.082092	-0.116841	0.098092	0.745284
	0.000000	0.000000	0.000000	0.000000	1.000000	-0.097555	1.035982	-0.124962	0.019423	0.101700
	0.000000	0.000000	0.000000	0.000000	1.000000	-0.113482	0.906240	-0.124983	0.052571	1.111173
	0.000000	0.000000	0.000000	0.000000	1.000000	-0.112156	-0.099832	0.047716	-0.028665	0.599543
	0.000000	0.000000	0.000000	0.000000	1.000000	0.025360	1.121160	0.014554	0.061458	0.113591
	0.000000	0.000000	0.000000	0.000000	1.000000	-0.008885	-0.124318	0.041458	0.009085	-0.124056
	0.000000	0.000000	0.000000	0.000000	1.000000	0.086925	0.962530	-0.122946	-0.062942	0.578057
	0.000000	0.000000	0.000000	0.000000	1.000000	0.139731	-0.101383	-0.086057	-0.012742	1.043602
	0.000000	0.000000	0.000000	0.000000	1.000000	-0.017818	0.112295	-0.095558	-0.075666	0.557400
	0.000000	0.000000	0.000000	0.000000	1.000000	0.243959	0.935761	-0.120043	0.085477	-0.123167
	0.000000	0.000000	0.000000	0.000000	1.000000	-0.121596	0.363538	-0.079803	0.067169	0.244850
	0.000000	0.000000	0.000000	0.000000	1.000000	-0.112392	0.615104	-0.104086	-0.099600	-0.120126
	0.000000	0.000000	0.000000	0.000000	1.000000	-0.041315	0.243071	-0.037966	-0.109310	0.400962
	0.000000	0.000000	0.000000	0.000000	1.000000	-0.058174	0.723813	-0.108487	-0.048733	0.504577
	0.000000	0.000000	0.000000	0.000000	1.000000	-0.097131	1.066283	0.103519	-0.032591	0.198979
	0.000000	0.000000	0.000000	0.000000	1.000000	-0.120227	1.123189	0.117839	-0.025174	0.568155
	0.000000	0.000000	0.000000	0.000000	1.000000	0.431866	0.933611	-0.111740	0.028224	1.057663
	0.000000	0.000000	0.000000	0.000000	1.000000	-0.025948	0.290050	-0.082707	-0.032910	0.320564
	0.000000	0.000000	0.000000	0.000000	1.000000	-0.117498	1.122398	-0.031736	-0.099379	-0.022123
	0.000000	0.000000	0.000000	0.000000	1.000000	-0.086924	0.153603	-0.117467	-0.118156	0.284106
	0.000000	0.000000	0.000000	0.000000	1.000000	-0.055934	1.025846	-0.013618	-0.044678	0.579994
	0.000000	0.000000	0.000000	0.000000	1.000000	-0.040295	1.107917	-0.116419	0.016362	-0.060148
	0.000000	0.000000	0.000000	0.000000	1.000000	-0.024898	1.116765	-0.121389	-0.104470	0.984902
	0.000000	0.000000	0.000000	0.000000	1.000000	-0.070269	1.037509	-0.124632	0.056118	0.778941
	0.000000	0.000000	0.000000	0.000000	1.000000	-0.113701	-0.006112	-0.100895	-0.085397	1.079525
	0.000000	0.000000	0.000000	0.000000	1.000000	-0.045174	0.498259	-0.109477	-0.014584	1.115524
	0.000000	0.000000	0.000000	0.000000	1.000000	-0.124713	0.321759	0.029362	0.011253	0.408253
	0.000000	0.000000	0.000000	0.000000	1.000000	-0.031445	0.257388	0.076569	0.332934	-0.034705
	0.000000	0.000000	0.000000	0.000000	1.000000	-0.031583	0.690696	-0.075218	-0.125000	0.906178
	0.000000	0.000000	0.000000	0.000000	1.000000	-0.082773	-0.085207	0.103579	-0.084848	0.580790
	1.000000	0.000000	0.000000	0.000000	0.000000	-0.095670	0.479758	-0.121359	-0.090729	0.625658
	1.000000	0.000000	0.000000	0.000000	0.000000	0.046113	0.244854	0.030005	0.154244	0.696933
	1.000000	0.000000	0.000000	0.000000	0.000000	-0.045539	0.920843	-0.079716	-0.123186	0.721960
	1.000000	0.000000	0.000000	0.000000	0.000000	-0.106697	0.645335	-0.121148	0.036035	-0.120063
	1.000000	0.000000	0.000000	0.000000	0.000000	-0.122124	0.103626	-0.106699	-0.000810	-0.069832
	1.000000	0.000000	0.000000	0.000000	0.000000	-0.041495	1.089496	-0.056607	-0.116425	0.069530
	1.000000	0.000000	0.000000	0.000000	0.000000	-0.125000	1.056862	-0.086687	0.338406	0.041462
	1.000000	0.000000	0.000000	0.000000	0.000000	0.013888	0.681248	-0.066789	0.085913	1.112065
	1.000000	0.000000	0.000000	0.000000	0.000000	-0.124856	0.821266	0.016964	0.040895	1.059869
	1.000000	0.000000	0.000000	0.000000	0.000000	0.067905	0.549944	0.046082	-0.044244	0.506756
	1.000000	0.000000	0.000000	0.000000	0.000000	0.059121	0.430824	-0.108189	-0.071724	0.264089
	1.000000	0.000000	0.000000	0.000000	0.000000	-0.124821	-0.124186	-0.099250	-0.091231	-0.072967
	1.000000	0.000000	0.000000	0.000000	0.000000	0.035203	-0.103499	-0.032751	-0.026960	0.414101
	1.000000	0.000000	0.000000	0.000000	0.000000	-0.000109	0.289341	-0.119840	-0.114699	1.037724
	1.000000	0.000000	0.000000	0.000000	0.000000	-0.122056	1.030124	-0.044977	-0.111431	0.198375
	1.000000	0.000000	0.000000	0.000000	0.000000	-0.114005	-0.076892	-0.076972	-0.121975	-0.106270
	0.000000	1.000000	0.000000	0.000000	0.000000	0.235782	-0.119400	-0.115196	0.357478	0.291728
	0.000000	1.000000	0.000000	0.000000	0.000000	0.323280	0.986911	0.048947	-0.081027	1.123569
	0.000000	1.000000	0.000000	0.000000	0.000000	-0.124617	1.120793	-0.047503	0.064959	0.159872
	0.000000	1.000000	0.000000	0.000000	0.000000	-0.120488	0.982479	-0.081143	0.250999	0.134424
	0.000000	1.000000	0.000000	0.000000	0.000000	-0.089150	-0.123043	0.227192	0.056157	-0.015382
	0.000000	1.000000	0.000000	0.000000	0.000000	-0.115126	0.570289	-0.124883	-0.013703	0.788003
	0.000000	1.000000	0.000000	0.000000	0.000000	-0.054068	0.950060	-0.111189	-0.124293	1.110492
	0.000000	1.000000	0.000000	0.000000	0.000000	-0.092736	0.254642	0.079295	-0.021832	0.768448
	0.000000	1.000000	0.000000	0.000000	0.000000	-0.018836	1.089885	-0.025430	-0.050339	-0.124567
	0.000000	1.000000	0.000000	0.000000	0.000000	-0.104383	0.417226	-0.093896	-0.056294	0.444643
	0.000000	1.000000	0.000000	0.000000	0.000000	-0.091014	1.120918	-0.123889	-0.114256	0.613561
	0.000000	1.000000	0.000000	0.000000	0.000000	-0.124999	-0.052757	-0.028726	-0.100607	0.464490
	0.000000	1.000000	0.000000	0.000000	0.000000	-0.115796	0.564416	-0.121755	-0.108655	0.343487
	0.000000	1.000000	0.000000	0.000000	0.000000	-0.063293	-0.019547	-0.105058	-0.124775	0.121168
	0.000000	1.000000	0.000000	0.000000	0.000000	-0.120383	-0.049011	-0.008333	0.291925	0.758442
	0.000000	1.000000	0.000000	0.000000	0.000000	0.101913	0.041984	-0.122390	-0.124987	1.124525
	0.000000	1.000000	0.000000	0.000000	0.000000	-0.116926	0.242655	-0.100585	-0.124102	1.097151
	0.000000	1.000000	0.000000	0.000000	0.000000	-0.111521	0.146357	-0.116267	-0.121746	0.697734
	0.000000	1.000000	0.000000	0.000000	0.000000	-0.084539	0.104728	-0.027260	0.160346	0.977010
	0.000000	1.000000	0.000000	0.000000	0.000000	-0.103407	0.590708	-0.033836	-0.042253	-0.086786
	0.000000	1.000000	0.000000	0.000000	0.000000	0.154216	0.698136	-0.119489	-0.111366	0.924513
	0.000000	1.000000	0.000000	0.000000	0.000000	-0.110049	-0.114562	-0.115309	-0.051362	0.999285
	0.000000	1.000000	0.000000	0.000000	0.000000	-0.086336	0.154804	-0.113562	-0.068688	0.225268
	0.000000	1.000000	0.000000	0.000000	0.000000	-0.025768	0.383758	-0.110567	-0.010330	1.064515
	0.000000	1.000000	0.000000	0.000000	0.000000	0.023481	-0.123761	-0.120806	0.263750	0.691469
	0.000000	1.000000	0.000000	0.000000	0.000000	-0.009702	0.356292	-0.123524	0.110133	1.116983
	0.000000	1.000000	0.000000	0.000000	0.000000	-0.109433	0.993512	-0.124880	-0.063340	0.395407
	0.000000	1.000000	0.000000	0.000000	0.000000	0.209736	0.927112	0.066781	0.202072	1.111311
	0.000000	1.000000	0.000000	0.000000	0.000000	-0.066070	-0.094702	-0.115988	0.314484	0.451011
	0.000000	1.000000	0.000000	0.000000	0.000000	0.059458	0.357267	0.141164	-0.124850	0.754129
	0.000000	1.000000	0.000000	0.000000	0.000000	-0.106573	0.954774	0.077131	-0.111885	0.558723
	0.000000	1.000000	0.000000	0.000000	0.000000	-0.124925	0.449348	-0.121134	-0.007967	0.546037
	0.000000	1.000000	0.000000	0.000000	0.000000	-0.111219	0.910131	-0.121263	-0.108241	0.734978
	0.000000	1.000000	0.000000	0.000000	0.000000	0.012484	0.052330	-0.114524	-0.009051	0.298946
	0.000000	1.000000	0.000000	0.000000	0.000000	-0.110893	0.036789	0.055435	-0.086140	0.868460
	0.000000	0.000000	1.000000	0.000000	0.000000	-0.120662	1.115379	-0.091429	-0.124071	0.431648
	0.000000	0.000000	1.000000	0.000000	0.000000	-0.041325	0.715416	-0.102008	-0.084316	0.622422
	0.000000	0.000000	1.000000	0.000000	0.000000	0.045341	0.413481	-0.098479	0.081883	0.410689
	0.000000	0.000000	1.000000	0.000000	0.000000	-0.122629	-0.057038	-0.124983	0.204430	0.884237
	0.000000	0.000000	1.000000	0.000000	0.000000	0.090239	-0.111747	-0.091515	-0.049185	-0.015500
	0.000000	0.000000	1.000000	0.000000	0.000000	0.270996	0.607301	-0.119413	0.215115	0.930812
	0.000000	0.000000	1.000000	0.000000	0.000000	-0.098614	0.764542	-0.121602	-0.076262	-0.031333
	0.000000	0.000000	1.000000	0.000000	0.000000	-0.074649	0.018500	0.008841	-0.122671	-0.102379
	0.000000	0.000000	1.000000	0.000000	0.000000	0.238831	1.051691	-0.002624	-0.090271	0.957631
	0.000000	0.000000	1.000000	0.000000	0.000000	-0.087383	0.669474	0.459757	0.030230	0.121643
	0.000000	0.000000	1.000000	0.000000	0.000000	-0.087914	-0.028942	-0.123649	-0.117874	0.461855
	0.000000	0.000000	1.000000	0.000000	0.000000	-0.124431	1.116582	0.046561	-0.121298	0.750928
	0.000000	0.000000	1.000000	0.000000	0.000000	-0.121806	-0.077070	-0.035955	0.231288	0.921502
	0.000000	0.000000	1.000000	0.000000	0.000000	-0.114995	0.117942	0.036033	-0.051729	1.100046
	0.000000	0.000000	1.000000	0.000000	0.000000	0.093667	0.856802	-0.123429	0.342728	0.568098
	0.000000	0.000000	1.000000	0.000000	0.000000	-0.055298	1.124838	-0.123346	-0.061889	-0.068636
	0.000000	0.000000	0.000000	1.000000	0.000000	-0.104756	1.039784	-0.045035	-0.086683	1.088069
	0.000000	0.000000	0.000000	1.000000	0.000000	-0.095889	0.562675	-0.080453	-0.082503	-0.080980
	0.000000	0.000000	0.000000	1.000000	0.000000	-0.097651	1.112109	-0.098770	-0.123703	0.940347
	0.000000	0.000000	0.000000	1.000000	0.000000	-0.124250	-0.104182	-0.102977	-0.123485	0.042579
	0.000000	0.000000	0.000000	1.000000	0.000000	-0.100965	-0.007569	0.013849	-0.091523	0.427108
	0.000000	0.000000	0.000000	1.000000	0.000000	-0.041012	1.121543	-0.105892	0.009723	0.302680
	0.000000	0.000000	0.000000	1.000000	0.000000	0.179771	0.069093	0.039342	-0.124375	-0.124410
	0.000000	0.000000	0.000000	1.000000	0.000000	-0.037608	0.267486	0.134039	-0.059323	0.570217
	0.000000	0.000000	0.000000	1.000000	0.000000	-0.109664	1.069339	-0.016544	0.127179	1.102089
	0.000000	0.000000	0.000000	1.000000	0.000000	-0.054470	-0.120594	0.005567	-0.103672	1.087272
	0.000000	0.000000	0.000000	1.000000	0.000000	-0.044246	0.028772	0.377251	0.053726	0.191370
	0.000000	0.000000	0.000000	1.000000	0.000000	-0.124998	0.775723	0.028619	-0.046382	-0.089865
	0.000000	0.000000	0.000000	1.000000	0.000000	-0.124781	0.679489	-0.124291	-0.054712	0.987773
	0.000000	0.000000	0.000000	1.000000	0.000000	-0.114346	0.317145	0.096777	-0.124753	-0.092719
	0.000000	0.000000	0.000000	1.000000	0.000000	-0.106952	0.184384	-0.014704	-0.118561	0.675011
	0.000000	0.000000	0.000000	0.000000	1.000000	-0.012715	1.122716	-0.124638	0.394732	0.652698
	0.000000	0.000000	0.000000	0.000000	1.000000	-0.034031	1.030100	0.469132	-0.007900	0.948573
	0.000000	0.000000	0.000000	0.000000	1.000000	-0.094708	1.027240	0.155865	-0.077173	0.009343
	0.000000	0.000000	0.000000	0.000000	1.000000	-0.077615	1.074780	-0.092720	-0.121099	-0.003760
	0.000000	0.000000	0.000000	0.000000	1.000000	-0.047950	0.749258	-0.110226	0.207035	1.077919
	0.000000	0.000000	0.000000	0.000000	1.000000	-0.064533	0.617218	-0.093494	0.175278	1.118658
	0.000000	0.000000	0.000000	0.000000	1.000000	0.074410	0.104951	-0.012171	-0.123829	-0.117859
	0.000000	0.000000	0.000000	0.000000	1.000000	-0.117101	0.708279	-0.112143	-0.103600	-0.000115
	0.000000	0.000000	0.000000	0.000000	1.000000	-0.071182	0.134389	-0.097559	-0.052666	1.010032
	0.000000	0.000000	0.000000	0.000000	1.000000	-0.102599	0.794312	0.024536	0.241630	0.867878
	0.000000	0.000000	0.000000	0.000000	1.000000	0.180386	-0.109370	0.012011	0.341992	1.124960
	0.000000	0.000000	0.000000	0.000000	1.000000	-0.124559	0.649323	-0.072288	-0.078937	-0.079016
	0.000000	0.000000	0.000000	0.000000	1.000000	-0.124757	-0.053094	-0.086548	-0.047391	0.378161
	0.000000	0.000000	0.000000	0.000000	1.000000	-0.109851	0.904309	-0.084584	0.032347	1.023134
	0.000000	0.000000	0.000000	0.000000	1.000000	-0.085619	0.112032	-0.065943	-0.106557	1.013344
	0.000000	0.000000	0.000000	0.000000	1.000000	0.036487	0.469331	0.233793	-0.108706	0.587855
	0.000000	0.000000	0.000000	0.000000	1.000000	0.174359	0.563792	0.111372	0.268615	1.006796
	0.000000	0.000000	0.000000	0.000000	1.000000	-0.104834	1.118188	-0.122970	-0.043177	-0.123230
	0.000000	0.000000	0.000000	0.000000	1.000000	-0.123252	1.031761	-0.002674	-0.124836	0.741130
	0.000000	0.000000	0.000000	0.000000	1.000000	-0.046085	0.617330	0.185554	-0.122211	0.053141
	0.000000	0.000000	0.000000	0.000000	1.000000	-0.060430	0.178010	-0.122972	-0.114645	0.448047
	0.000000	0.000000	0.000000	0.000000	1.000000	0.082557	0.387919	-0.030719	0.095610	0.573622
	0.000000	0.000000	0.000000	0.000000	1.000000	0.034907	-0.109296	-0.011293	-0.032651	0.398545
	0.000000	0.000000	0.000000	0.000000	1.000000	-0.076628	1.098522	-0.123979	0.310743	1.037024
	0.000000	0.000000	0.000000	0.000000	1.000000	-0.109248	1.119871	-0.119076	0.076188	0.709411
	0.000000	0.000000	0.000000	0.000000	1.000000	-0.122584	0.269228	0.010256	-0.067735	0.882985
	0.000000	0.000000	0.000000	0.000000	1.000000	-0.101002	0.016873	-0.088301	-0.112882	0.958070
	0.000000	0.000000	0.000000	0.000000	1.000000	-0.043187	1.115981	-0.099951	0.000502	0.190730
	0.000000	0.000000	0.000000	0.000000	1.000000	-0.119890	0.150586	-0.054597	-0.124987	0.899296
	0.000000	0.000000	0.000000	0.000000	1.000000	0.304173	1.112824	-0.124727	0.191609	-0.072776
	0.000000	0.000000	0.000000	0.000000	1.000000	-0.080260	-0.070363	-0.005011	-0.118448	0.121450
	0.000000	0.000000	0.000000	0.000000	1.000000	0.025185	0.872836	-0.122038	-0.111161	-0.120798
	0.000000	0.000000	0.000000	0.000000	1.000000	-0.124947	-0.118709	-0.124874	-0.106505	-0.079187
	0.000000	0.000000	0.000000	0.000000	1.000000	-0.082039	0.005578	-0.092880	-0.124058	1.120816
	0.000000	0.000000	0.000000	0.000000	1.000000	-0.031319	1.030427	-0.037742	-0.117751	0.656836
	0.000000	0.000000	0.000000	0.000000	1.000000	-0.044833	0.204586	0.168108	-0.046959	1.093539
	0.000000	0.000000	0.000000	0.000000	1.000000	-0.067696	0.514674	-0.123441	0.063938	1.121096
	0.000000	0.000000	0.000000	0.000000	1.000000	-0.080882	0.485049	-0.122868	0.180252	-0.019358
	0.000000	0.000000	0.000000	0.000000	1.000000	0.461811	1.057882	-0.096859	0.247009	0.642149
	0.000000	0.000000	0.000000	0.000000	1.000000	-0.104205	0.223829	-0.012665	-0.118735	0.513912
	0.000000	0.000000	0.000000	0.000000	1.000000	-0.030207	0.897709	-0.081566	-0.000396	0.953621
	0.000000	0.000000	0.000000	0.000000	1.000000	-0.082689	1.062187	-0.112923	0.058470	0.287081
	0.000000	0.000000	0.000000	0.000000	1.000000	-0.124077	0.144290	-0.051459	-0.119857	0.146081
	0.000000	0.000000	0.000000	0.000000	1.000000	-0.091350	1.116753	0.333796	-0.105772	1.107708
	0.000000	0.000000	0.000000	0.000000	1.000000	0.465186	0.664912	0.105088	0.285927	0.962337
	0.000000	0.000000	0.000000	0.000000	1.000000	-0.112866	-0.119646	-0.011542	-0.123587	0.965361
	0.000000	0.000000	0.000000	0.000000	1.000000	-0.073728	0.434934	0.100801	-0.098411	0.082913
	0.000000	0.000000	0.000000	0.000000	1.000000	-0.106616	0.301592	-0.049801	-0.010356	0.097575
	0.000000	0.000000	0.000000	0.000000	1.000000	-0.111998	0.643106	0.080094	0.188138	1.002866
	0.000000	0.000000	0.000000	0.000000	1.000000	-0.095037	0.843296	0.011952	-0.122545	0.460306
	0.000000	0.000000	0.000000	0.000000	1.000000	-0.124465	-0.054964	-0.119258	-0.010578	0.120987
	0.000000	0.000000	0.000000	0.000000	1.000000	0.175682	0.389676	0.140195	-0.122906	-0.065017
	0.000000	0.000000	0.000000	0.000000	1.000000	-0.110730	0.083925	-0.101943	0.063066	-0.053662
	0.000000	0.000000	0.000000	0.000000	1.000000	-0.123136	1.124825	0.036328	0.022062	0.274187
	0.000000	0.000000	0.000000	0.000000	1.000000	0.027248	1.104835	-0.051300	-0.091064	-0.109369
	0.000000	0.000000	0.000000	0.000000	1.000000	-0.074636	0.352195	-0.036129	0.164292	0.138604
	0.000000	0.000000	0.000000	0.000000	1.000000	0.031797	0.227856	-0.124834	0.057582	-0.105358
	0.000000	0.000000	0.000000	0.000000	1.000000	-0.120797	0.544138	-0.073995	-0.035934	0.148038
	0.000000	0.000000	0.000000	0.000000	1.000000	-0.088102	1.015872	-0.093940	-0.124197	-0.064348
	0.000000	0.000000	0.000000	0.000000	1.000000	-0.122965	0.943764	-0.113931	-0.071853	1.097051
	0.000000	0.000000	0.000000	0.000000	1.000000	-0.124144	-0.106652	-0.058303	0.011040	0.951634
