	1.000000	0.000000	0.000000	0.000000	0.000000	-0.032982	0.886977	-0.099544	0.237330	1.003732
	1.000000	0.000000	0.000000	0.000000	0.000000	-0.122634	0.293823	-0.102823	-0.074699	0.363558
	1.000000	0.000000	0.000000	0.000000	0.000000	-0.089106	0.146983	-0.027245	-0.123964	1.124612
	1.000000	0.000000	0.000000	0.000000	0.000000	0.003506	1.044142	-0.121558	0.163362	0.195270
	1.000000	0.000000	0.000000	0.000000	0.000000	-0.123805	0.081119	0.048256	-0.090277	0.748886
	1.000000	0.000000	0.000000	0.000000	0.000000	-0.043519	-0.102282	-0.066338	-0.084759	0.766918
	1.000000	0.000000	0.000000	0.000000	0.000000	-0.118962	-0.124918	-0.088722	0.209532	-0.061768
	1.000000	0.000000	0.000000	0.000000	0.000000	-0.124050	0.126909	-0.124933	-0.115534	0.133959
	1.000000	0.000000	0.000000	0.000000	0.000000	-0.124741	1.083665	-0.081122	0.069556	1.124851
	1.000000	0.000000	0.000000	0.000000	0.000000	-0.110984	0.686153	-0.123114	0.132108	0.015524
	1.000000	0.000000	0.000000	0.000000	0.000000	0.050840	-0.120334	-0.124740	-0.012605	0.421850
	1.000000	0.000000	0.000000	0.000000	0.000000	-0.113435	-0.118811	-0.112992	0.210466	0.761114
	1.000000	0.000000	0.000000	0.000000	0.000000	-0.117797	0.728519	-0.077150	0.007134	0.385238
	1.000000	0.000000	0.000000	0.000000	0.000000	-0.114658	1.070785	-0.116801	0.016241	0.542756
	0.000000	1.000000	0.000000	0.000000	0.000000	-0.123010	0.253624	-0.119850	-0.123992	1.019466
	0.000000	1.000000	0.000000	0.000000	0.000000	-0.114943	-0.108244	-0.107714	-0.110445	0.812198
	0.000000	1.000000	0.000000	0.000000	0.000000	0.124944	-0.094024	-0.039688	0.173662	0.649523
	0.000000	1.000000	0.000000	0.000000	0.000000	-0.050593	0.937109	-0.105315	-0.096600	1.113294
	0.000000	1.000000	0.000000	0.000000	0.000000	-0.054338	1.027433	0.086535	0.199955	1.087049
	0.000000	1.000000	0.000000	0.000000	0.000000	-0.077952	0.399890	-0.075444	-0.124323	0.539091
	0.000000	1.000000	0.000000	0.000000	0.000000	-0.121248	0.131940	-0.031053	0.652345	0.403708
	0.000000	1.000000	0.000000	0.000000	0.000000	-0.062396	0.709229	-0.070224	-0.122361	0.894607
	0.000000	1.000000	0.000000	0.000000	0.000000	-0.053572	0.728034	-0.119673	-0.124959	0.874980
	0.000000	1.000000	0.000000	0.000000	0.000000	-0.120319	0.027419	-0.070345	0.159031	1.119910
	0.000000	1.000000	0.000000	0.000000	0.000000	-0.040280	1.113082	-0.099430	-0.098887	0.282198
	0.000000	1.000000	0.000000	0.000000	0.000000	-0.087407	0.847544	-0.088612	-0.122907	0.430583
	0.000000	1.000000	0.000000	0.000000	0.000000	-0.113559	-0.069433	-0.115810	0.004525	0.422632
	0.000000	1.000000	0.000000	0.000000	0.000000	-0.043509	1.005793	-0.102085	-0.034213	0.114412
	0.000000	1.000000	0.000000	0.000000	0.000000	-0.120521	1.117166	-0.098796	0.292122	1.070454
	0.000000	1.000000	0.000000	0.000000	0.000000	-0.083510	0.023065	-0.047363	-0.086697	0.907678
	0.000000	1.000000	0.000000	0.000000	0.000000	-0.088220	0.019310	-0.117028	0.147551	0.678119
	0.000000	1.000000	0.000000	0.000000	0.000000	-0.003695	0.317004	0.048910	0.257157	0.066350
	0.000000	1.000000	0.000000	0.000000	0.000000	0.009703	1.124157	-0.107892	0.096884	1.002607
	0.000000	1.000000	0.000000	0.000000	0.000000	0.134388	-0.123470	-0.013699	0.187612	0.099292
	0.000000	1.000000	0.000000	0.000000	0.000000	-0.092281	0.585062	-0.116360	-0.102884	0.631216
	0.000000	1.000000	0.000000	0.000000	0.000000	-0.104389	0.356438	-0.123046	-0.097304	-0.120099
	0.000000	1.000000	0.000000	0.000000	0.000000	-0.065342	-0.114332	0.006536	-0.074567	-0.045415
	0.000000	1.000000	0.000000	0.000000	0.000000	-0.120369	0.909008	-0.124717	0.180070	-0.023649
	0.000000	1.000000	0.000000	0.000000	0.000000	-0.113194	-0.067627	-0.020455	-0.048601	0.556327
	0.000000	1.000000	0.000000	0.000000	0.000000	-0.114589	0.919223	-0.096649	0.205449	1.117225
	0.000000	1.000000	0.000000	0.000000	0.000000	-0.120986	0.004807	-0.057820	0.415668	0.254681
	0.000000	1.000000	0.000000	0.000000	0.000000	-0.100240	1.010185	-0.114829	-0.110564	0.699342
	0.000000	1.000000	0.000000	0.000000	0.000000	-0.024990	1.073493	-0.056967	-0.004290	-0.123524
	0.000000	1.000000	0.000000	0.000000	0.000000	-0.115248	0.201749	-0.114842	0.487050	0.648516
	0.000000	1.000000	0.000000	0.000000	0.000000	-0.083976	0.237364	-0.070010	0.262656	0.951163
	0.000000	1.000000	0.000000	0.000000	0.000000	-0.117786	0.490833	-0.117958	-0.112201	0.598966
	0.000000	1.000000	0.000000	0.000000	0.000000	-0.123046	1.062520	0.017221	0.375864	0.343535
	0.000000	1.000000	0.000000	0.000000	0.000000	0.153134	0.584953	-0.113510	0.037556	0.156490
	0.000000	1.000000	0.000000	0.000000	0.000000	-0.085833	-0.113577	-0.124409	-0.032458	0.368388
	0.000000	1.000000	0.000000	0.000000	0.000000	-0.044564	1.121085	-0.061515	-0.094107	-0.056059
	0.000000	1.000000	0.000000	0.000000	0.000000	-0.118209	0.818741	-0.081977	-0.104498	0.545272
	0.000000	1.000000	0.000000	0.000000	0.000000	-0.088660	0.799550	-0.117233	0.329196	0.894164
	0.000000	1.000000	0.000000	0.000000	0.000000	-0.092494	0.667042	-0.089530	-0.096047	0.643166
	0.000000	0.000000	1.000000	0.000000	0.000000	-0.065498	0.015982	-0.097791	0.214227	0.758268
	0.000000	0.000000	1.000000	0.000000	0.000000	-0.081763	0.991783	-0.090275	-0.100749	1.095109
	0.000000	0.000000	1.000000	0.000000	0.000000	-0.121386	0.924528	-0.115863	-0.095878	0.603403
	0.000000	0.000000	1.000000	0.000000	0.000000	-0.093362	0.390809	-0.105454	0.223293	0.146850
	0.000000	0.000000	1.000000	0.000000	0.000000	0.042853	0.465085	-0.011979	0.189655	1.111382
	0.000000	0.000000	1.000000	0.000000	0.000000	-0.116883	-0.093163	-0.119264	-0.086849	0.982794
	0.000000	0.000000	1.000000	0.000000	0.000000	0.038731	1.026815	0.074540	0.307377	-0.111592
	0.000000	0.000000	1.000000	0.000000	0.000000	-0.123043	0.086767	-0.108887	0.004619	0.460886
	0.000000	0.000000	1.000000	0.000000	0.000000	0.065423	1.048165	-0.119692	-0.093814	0.440665
	0.000000	0.000000	1.000000	0.000000	0.000000	-0.034168	1.001614	-0.123599	-0.124997	-0.076811
	0.000000	0.000000	1.000000	0.000000	0.000000	-0.123395	0.382559	-0.101405	-0.089592	0.143850
	0.000000	0.000000	1.000000	0.000000	0.000000	-0.124650	-0.108464	-0.120066	-0.114643	0.408851
	0.000000	0.000000	1.000000	0.000000	0.000000	-0.062358	1.094528	-0.122358	-0.115937	0.611941
	0.000000	0.000000	0.000000	1.000000	0.000000	-0.076459	0.630400	-0.004956	-0.095563	0.528859
	0.000000	0.000000	0.000000	1.000000	0.000000	-0.124959	0.317479	-0.123612	0.271059	-0.105802
	0.000000	0.000000	0.000000	1.000000	0.000000	0.029855	0.285945	0.075960	0.079289	-0.055527
	0.000000	0.000000	0.000000	1.000000	0.000000	-0.117633	0.190204	-0.020623	-0.124629	1.039855
	0.000000	0.000000	0.000000	1.000000	0.000000	-0.087724	1.121038	-0.000092	0.332243	0.430776
	0.000000	0.000000	0.000000	1.000000	0.000000	-0.057643	0.783140	-0.087958	0.069597	0.320088
	0.000000	0.000000	0.000000	1.000000	0.000000	-0.091076	-0.007416	0.082549	0.148462	0.967112
	0.000000	0.000000	0.000000	1.000000	0.000000	-0.041814	0.518451	0.076971	-0.039164	0.897168
	0.000000	0.000000	0.000000	1.000000	0.000000	-0.117261	0.670199	-0.097736	0.455177	0.623606
	0.000000	0.000000	0.000000	1.000000	0.000000	-0.119261	0.495410	-0.122016	0.011459	-0.070919
	0.000000	0.000000	0.000000	1.000000	0.000000	-0.077838	0.939141	-0.113721	0.170783	1.071047
	0.000000	0.000000	0.000000	1.000000	0.000000	-0.117771	-0.104253	-0.108328	-0.083903	0.293715
	0.000000	0.000000	0.000000	1.000000	0.000000	-0.054488	0.993661	-0.086612	-0.043347	-0.121305
	0.000000	0.000000	0.000000	1.000000	0.000000	-0.123019	-0.001605	-0.036081	-0.099098	-0.032636
	0.000000	0.000000	0.000000	1.000000	0.000000	-0.045431	0.593972	-0.044631	-0.018087	0.263156
	0.000000	0.000000	0.000000	1.000000	0.000000	-0.084328	-0.124507	-0.081413	-0.066756	1.111927
	0.000000	0.000000	0.000000	0.000000	1.000000	-0.100336	0.532114	-0.120471	-0.085773	0.909279
	0.000000	0.000000	0.000000	0.000000	1.000000	-0.104143	0.703563	-0.123246	0.669152	0.920686
	0.000000	0.000000	0.000000	0.000000	1.000000	-0.062658	0.819195	-0.123404	-0.124496	0.073172
	0.000000	0.000000	0.000000	0.000000	1.000000	-0.119801	0.231533	-0.114300	0.088305	0.409105
	0.000000	0.000000	0.000000	0.000000	1.000000	-0.122901	-0.022517	-0.013734	0.281259	0.351506
	0.000000	0.000000	0.000000	0.000000	1.000000	-0.093564	-0.074807	-0.080501	-0.124786	0.274158
	0.000000	0.000000	0.000000	0.000000	1.000000	0.154977	0.388167	-0.124285	0.420817	0.682059
	0.000000	0.000000	0.000000	0.000000	1.000000	-0.124569	0.628026	-0.115501	-0.116233	-0.100122
	0.000000	0.000000	0.000000	0.000000	1.000000	-0.124858	0.092231	0.022842	0.264840	-0.051737
	0.000000	0.000000	0.000000	0.000000	1.000000	-0.044951	-0.115849	-0.105098	0.506466	0.587176
	0.000000	0.000000	0.000000	0.000000	1.000000	-0.071609	-0.033102	0.032920	-0.119669	-0.085888
	0.000000	0.000000	0.000000	0.000000	1.000000	-0.124996	0.524843	-0.111732	0.037226	1.122491
	0.000000	0.000000	0.000000	0.000000	1.000000	0.196369	0.545778	-0.081163	-0.124884	0.565408
	0.000000	0.000000	0.000000	0.000000	1.000000	-0.109642	-0.092930	0.004477	0.067267	1.023643
	0.000000	0.000000	0.000000	0.000000	1.000000	-0.106891	-0.085589	-0.120409	-0.042628	0.048114
	0.000000	0.000000	0.000000	0.000000	1.000000	-0.020158	0.439846	-0.119010	-0.008218	0.825253
	0.000000	0.000000	0.000000	0.000000	1.000000	-0.123755	1.000864	-0.115073	-0.026695	0.155795
	0.000000	0.000000	0.000000	0.000000	1.000000	-0.032437	-0.124488	-0.124108	-0.106630	1.046466
	0.000000	0.000000	0.000000	0.000000	1.000000	-0.113082	0.318180	-0.056655	-0.087103	0.090449
	0.000000	0.000000	0.000000	0.000000	1.000000	-0.122846	-0.113340	-0.114471	-0.068114	0.524136
	0.000000	0.000000	0.000000	0.000000	1.000000	-0.109087	0.264182	-0.108558	0.014732	0.248740
	0.000000	0.000000	0.000000	0.000000	1.000000	-0.116724	0.938405	-0.018799	-0.003433	-0.004032
	0.000000	0.000000	0.000000	0.000000	1.000000	-0.113699	0.650487	-0.048791	-0.035784	-0.117778
	0.000000	0.000000	0.000000	0.000000	1.000000	0.033328	0.965218	-0.124202	-0.096464	0.754037
	0.000000	0.000000	0.000000	0.000000	1.000000	-0.073085	-0.124978	-0.124616	0.555668	0.075436
	0.000000	0.000000	0.000000	0.000000	1.000000	-0.087413	-0.017376	-0.066650	0.540828	0.114945
	0.000000	0.000000	0.000000	0.000000	1.000000	0.049695	0.215937	-0.109530	0.003032	0.040127
	0.000000	0.000000	0.000000	0.000000	1.000000	-0.095769	-0.044969	-0.088010	-0.122801	1.093096
	0.000000	0.000000	0.000000	0.000000	1.000000	-0.119882	0.580412	-0.124257	0.685753	0.144400
	0.000000	0.000000	0.000000	0.000000	1.000000	0.170482	0.237076	0.110145	0.335521	0.992418
	0.000000	0.000000	0.000000	0.000000	1.000000	-0.122420	0.702738	-0.116940	-0.079168	-0.094894
	0.000000	0.000000	0.000000	0.000000	1.000000	0.115022	1.117314	-0.033177	0.341895	0.733523
	0.000000	0.000000	0.000000	0.000000	1.000000	-0.050517	0.300207	-0.120205	0.024008	-0.095663
	0.000000	0.000000	0.000000	0.000000	1.000000	0.205800	-0.124347	-0.110010	-0.086154	0.534689
	0.000000	0.000000	0.000000	0.000000	1.000000	-0.035564	-0.020713	-0.099183	0.068789	-0.123822
	0.000000	0.000000	0.000000	0.000000	1.000000	-0.074086	1.033246	-0.008130	0.141154	-0.049105
	0.000000	0.000000	0.000000	0.000000	1.000000	-0.118829	0.927292	-0.124783	-0.062178	0.914722
	0.000000	0.000000	0.000000	0.000000	1.000000	-0.123858	0.937122	-0.119548	0.051212	0.828280
	0.000000	0.000000	0.000000	0.000000	1.000000	0.046638	0.208816	-0.106047	-0.000699	1.050130
	0.000000	0.000000	0.000000	0.000000	1.000000	-0.115381	1.040721	-0.113912	0.169249	0.674595
	0.000000	0.000000	0.000000	0.000000	1.000000	-0.121671	-0.027207	0.021366	-0.102690	0.532075
	0.000000	0.000000	0.000000	0.000000	1.000000	-0.047390	0.904047	-0.119626	-0.113953	0.217739
	0.000000	0.000000	0.000000	0.000000	1.000000	0.061694	0.955313	-0.119077	0.415161	0.838774
	0.000000	0.000000	0.000000	0.000000	1.000000	-0.052252	0.593729	-0.103003	-0.099005	0.760156
	0.000000	0.000000	0.000000	0.000000	1.000000	-0.119652	0.913307	-0.111960	-0.118765	0.958770
	0.000000	0.000000	0.000000	0.000000	1.000000	-0.124633	0.465292	-0.047177	0.128569	-0.070869
	0.000000	0.000000	0.000000	0.000000	1.000000	-0.040804	0.197071	-0.103629	0.538181	-0.123868
	0.000000	0.000000	0.000000	0.000000	1.000000	-0.049244	0.291516	-0.124650	0.299558	0.761476
	0.000000	0.000000	0.000000	0.000000	1.000000	0.006290	0.362871	-0.120061	0.002078	1.121136
	0.000000	0.000000	0.000000	0.000000	1.000000	0.159865	-0.069617	-0.094658	0.566157	1.124983
	0.000000	0.000000	0.000000	0.000000	1.000000	-0.020852	1.088547	-0.120922	0.029138	1.012578
	0.000000	0.000000	0.000000	0.000000	1.000000	0.145156	-0.047672	-0.078197	0.084748	-0.110671
	0.000000	0.000000	0.000000	0.000000	1.000000	-0.124902	0.668510	-0.122540	-0.064397	0.691879
	0.000000	0.000000	0.000000	0.000000	1.000000	-0.108438	0.951029	-0.108226	-0.101309	0.621253
	0.000000	0.000000	0.000000	0.000000	1.000000	-0.089559	-0.123890	-0.009369	-0.100579	1.116246
	0.000000	0.000000	0.000000	0.000000	1.000000	-0.027000	0.781766	-0.031930	0.379074	-0.049138
	0.000000	0.000000	0.000000	0.000000	1.000000	-0.081972	0.143079	-0.089808	-0.055962	0.297805
	0.000000	0.000000	0.000000	0.000000	1.000000	-0.097391	-0.115350	-0.114839	-0.085808	0.858590
	0.000000	0.000000	0.000000	0.000000	1.000000	-0.096770	0.019258	-0.121432	0.452826	-0.072201
	0.000000	0.000000	0.000000	0.000000	1.000000	0.041731	0.732468	-0.105926	-0.117689	0.802296
	0.000000	0.000000	0.000000	0.000000	1.000000	-0.123112	1.123235	-0.094971	-0.066758	0.552161
	0.000000	0.000000	0.000000	0.000000	1.000000	-0.124497	1.084656	-0.090794	0.002584	0.332907
	0.000000	0.000000	0.000000	0.000000	1.000000	-0.123534	0.923871	-0.026220	0.292646	1.123435
	0.000000	0.000000	0.000000	0.000000	1.000000	-0.118590	1.090098	-0.090793	0.147191	1.114389
	0.000000	0.000000	0.000000	0.000000	1.000000	-0.114631	-0.088431	-0.038292	-0.078002	0.615885
	1.000000	0.000000	0.000000	0.000000	0.000000	-0.085096	0.014286	-0.124570	0.164319	0.757438
	1.000000	0.000000	0.000000	0.000000	0.000000	-0.095586	-0.124610	-0.099221	-0.104301	0.227142
	1.000000	0.000000	0.000000	0.000000	0.000000	-0.032162	0.684314	-0.118330	0.031605	0.385647
	1.000000	0.000000	0.000000	0.000000	0.000000	-0.123227	0.816178	-0.036818	-0.111684	-0.113817
	1.000000	0.000000	0.000000	0.000000	0.000000	-0.107488	0.909828	-0.122919	-0.041059	0.538727
	1.000000	0.000000	0.000000	0.000000	0.000000	-0.123662	1.088192	-0.092786	0.450547	-0.116577
	1.000000	0.000000	0.000000	0.000000	0.000000	-0.083138	1.105354	-0.101095	-0.091966	0.032004
	1.000000	0.000000	0.000000	0.000000	0.000000	-0.112393	0.222496	-0.078120	0.610614	0.562632
	1.000000	0.000000	0.000000	0.000000	0.000000	-0.103403	0.000659	-0.116138	-0.011807	0.140293
	1.000000	0.000000	0.000000	0.000000	0.000000	-0.082912	1.106838	-0.095077	0.142531	0.129249
	1.000000	0.000000	0.000000	0.000000	0.000000	0.004109	0.557581	-0.072177	0.347463	0.698590
	1.000000	0.000000	0.000000	0.000000	0.000000	-0.124997	0.700245	-0.072817	-0.124660	-0.032839
	1.000000	0.000000	0.000000	0.000000	0.000000	0.032874	-0.013632	-0.120439	-0.116742	0.745699
	1.000000	0.000000	0.000000	0.000000	0.000000	-0.081795	0.448928	-0.008059	0.658317	0.901779
	1.000000	0.000000	0.000000	0.000000	0.000000	-0.114456	1.063335	0.012523	0.578689	1.093179
	1.000000	0.000000	0.000000	0.000000	0.000000	-0.124409	1.046281	-0.043713	-0.124949	0.443461
	0.000000	1.000000	0.000000	0.000000	0.000000	-0.119605	0.090122	-0.057820	0.623880	0.507070
	0.000000	1.000000	0.000000	0.000000	0.000000	-0.083960	0.079356	-0.081429	0.073504	-0.120856
	0.000000	1.000000	0.000000	0.000000	0.000000	-0.048100	1.063178	-0.122946	-0.059608	0.847855
	0.000000	1.000000	0.000000	0.000000	0.000000	-0.098797	0.941550	-0.107820	0.056720	0.870413
	0.000000	1.000000	0.000000	0.000000	0.000000	-0.101228	0.695447	-0.123494	-0.001311	0.431987
	0.000000	1.000000	0.000000	0.000000	0.000000	-0.080676	-0.117918	-0.123010	0.342369	0.106481
	0.000000	1.000000	0.000000	0.000000	0.000000	-0.060517	-0.015716	-0.115381	-0.112269	-0.072269
	0.000000	1.000000	0.000000	0.000000	0.000000	-0.096620	0.781161	-0.108800	-0.104330	0.883461
	0.000000	1.000000	0.000000	0.000000	0.000000	-0.024934	0.140705	-0.044806	-0.016650	-0.096757
	0.000000	1.000000	0.000000	0.000000	0.000000	0.113098	-0.095504	-0.102230	0.039602	-0.116188
	0.000000	1.000000	0.000000	0.000000	0.000000	0.013292	-0.122016	-0.108856	-0.074276	0.609228
	0.000000	1.000000	0.000000	0.000000	0.000000	-0.122235	0.214528	-0.121410	0.185829	0.637585
	0.000000	1.000000	0.000000	0.000000	0.000000	-0.051652	0.388505	-0.121019	0.883061	0.253076
	0.000000	1.000000	0.000000	0.000000	0.000000	-0.099252	0.045417	-0.092596	-0.000674	0.017181
	0.000000	1.000000	0.000000	0.000000	0.000000	-0.032344	0.846276	-0.017542	0.637355	0.623586
	0.000000	1.000000	0.000000	0.000000	0.000000	0.189386	0.281489	-0.123820	-0.022149	0.771245
	0.000000	1.000000	0.000000	0.000000	0.000000	-0.119880	1.124999	-0.029009	0.041703	0.404272
	0.000000	1.000000	0.000000	0.000000	0.000000	-0.114652	0.969021	-0.043082	0.000664	0.801533
	0.000000	1.000000	0.000000	0.000000	0.000000	-0.053126	0.914033	-0.122854	-0.061182	0.563939
	0.000000	1.000000	0.000000	0.000000	0.000000	-0.019406	0.856448	-0.116659	-0.106944	-0.123967
	0.000000	1.000000	0.000000	0.000000	0.000000	-0.090760	0.503496	-0.105618	-0.106479	-0.106687
	0.000000	1.000000	0.000000	0.000000	0.000000	-0.124944	0.339721	-0.108216	0.498999	-0.118461
	0.000000	1.000000	0.000000	0.000000	0.000000	-0.094296	0.130780	-0.122622	-0.124460	0.636088
	0.000000	1.000000	0.000000	0.000000	0.000000	-0.123638	-0.052551	-0.114836	0.070190	1.093260
	0.000000	1.000000	0.000000	0.000000	0.000000	-0.076954	0.992706	0.022888	0.482903	0.157405
	0.000000	1.000000	0.000000	0.000000	0.000000	-0.122188	-0.069712	-0.103845	0.598835	0.063713
	0.000000	1.000000	0.000000	0.000000	0.000000	-0.066568	0.670519	-0.000211	-0.123881	1.100974
	0.000000	1.000000	0.000000	0.000000	0.000000	-0.044338	0.222512	-0.124023	-0.055181	0.549224
	0.000000	1.000000	0.000000	0.000000	0.000000	-0.115477	-0.072880	-0.098414	-0.109540	-0.089393
	0.000000	1.000000	0.000000	0.000000	0.000000	-0.033438	0.272547	-0.035531	-0.000819	0.192975
	0.000000	1.000000	0.000000	0.000000	0.000000	-0.122265	0.558959	-0.061978	0.047920	-0.124967
	0.000000	1.000000	0.000000	0.000000	0.000000	-0.124991	0.244817	-0.122036	0.477726	1.114418
	0.000000	1.000000	0.000000	0.000000	0.000000	-0.119938	0.381133	-0.094074	0.250025	0.814455
	0.000000	1.000000	0.000000	0.000000	0.000000	-0.118889	-0.039322	-0.082969	-0.014166	0.802208
	0.000000	1.000000	0.000000	0.000000	0.000000	-0.122951	0.960502	-0.118912	-0.083504	0.134946
	0.000000	0.000000	1.000000	0.000000	0.000000	-0.094039	0.507033	0.003877	0.138855	0.972194
	0.000000	0.000000	1.000000	0.000000	0.000000	-0.124592	-0.036769	-0.103837	-0.116416	0.366902
	0.000000	0.000000	1.000000	0.000000	0.000000	-0.094468	0.719296	-0.096294	-0.011316	0.490870
	0.000000	0.000000	1.000000	0.000000	0.000000	-0.085557	0.093005	-0.122170	-0.119185	0.365617
	0.000000	0.000000	1.000000	0.000000	0.000000	-0.121400	0.367847	-0.041780	-0.084861	0.983123
	0.000000	0.000000	1.000000	0.000000	0.000000	-0.094682	0.858050	-0.101131	0.181634	1.122876
	0.000000	0.000000	1.000000	0.000000	0.000000	-0.093260	0.279313	-0.121848	0.350985	-0.087315
	0.000000	0.000000	1.000000	0.000000	0.000000	-0.124995	0.312294	-0.113637	0.123438	0.527522
	0.000000	0.000000	1.000000	0.000000	0.000000	-0.028561	0.062492	-0.059061	-0.118446	0.337076
	0.000000	0.000000	1.000000	0.000000	0.000000	-0.119997	0.822812	-0.122494	0.080595	0.742436
	0.000000	0.000000	1.000000	0.000000	0.000000	-0.119930	0.342099	-0.123253	-0.086696	-0.058718
	0.000000	0.000000	1.000000	0.000000	0.000000	-0.124996	0.192184	-0.002512	0.338673	-0.116750
	0.000000	0.000000	1.000000	0.000000	0.000000	-0.014576	0.060400	-0.115862	-0.102712	0.029426
	0.000000	0.000000	1.000000	0.000000	0.000000	-0.026491	0.093535	-0.069397	0.183574	0.045356
	0.000000	0.000000	1.000000	0.000000	0.000000	-0.077045	0.794293	-0.112332	0.112073	0.967549
	0.000000	0.000000	1.000000	0.000000	0.000000	-0.046750	0.563594	-0.111627	0.052032	1.089425
	0.000000	0.000000	0.000000	1.000000	0.000000	0.007935	0.974225	-0.110492	-0.121780	1.111719
	0.000000	0.000000	0.000000	1.000000	0.000000	-0.070676	0.007251	-0.084585	0.764707	0.866067
	0.000000	0.000000	0.000000	1.000000	0.000000	-0.086962	0.605804	-0.113497	-0.036733	-0.122384
	0.000000	0.000000	0.000000	1.000000	0.000000	-0.101460	-0.119178	-0.124833	-0.089240	1.122488
	0.000000	0.000000	0.000000	1.000000	0.000000	-0.107282	1.051705	-0.123099	0.111810	-0.057094
	0.000000	0.000000	0.000000	1.000000	0.000000	-0.010831	-0.007394	-0.086076	0.181737	0.467836
	0.000000	0.000000	0.000000	1.000000	0.000000	-0.124981	0.734491	-0.090550	0.012875	0.864850
	0.000000	0.000000	0.000000	1.000000	0.000000	0.067125	0.916311	-0.104667	-0.124165	0.687422
	0.000000	0.000000	0.000000	1.000000	0.000000	-0.080657	0.715539	-0.120447	-0.087767	1.084451
	0.000000	0.000000	0.000000	1.000000	0.000000	-0.010329	0.439155	0.057358	0.294442	0.003233
	0.000000	0.000000	0.000000	1.000000	0.000000	-0.003305	0.527705	-0.032498	0.475222	0.398280
	0.000000	0.000000	0.000000	1.000000	0.000000	-0.124423	1.096795	-0.105891	0.022437	1.044875
	0.000000	0.000000	0.000000	1.000000	0.000000	-0.098016	0.168699	-0.011351	-0.018569	0.507201
	0.000000	0.000000	0.000000	1.000000	0.000000	-0.115011	0.758149	-0.122698	0.155263	0.947712
	0.000000	0.000000	0.000000	1.000000	0.000000	0.022029	1.059789	-0.095393	0.071122	1.124999
	0.000000	0.000000	0.000000	0.000000	1.000000	-0.124065	0.946962	-0.095097	0.363637	0.565929
	0.000000	0.000000	0.000000	0.000000	1.000000	-0.117745	0.906619	-0.107337	0.056593	0.013709
	0.000000	0.000000	0.000000	0.000000	1.000000	-0.120503	0.188841	-0.112221	-0.120461	-0.055178
	0.000000	0.000000	0.000000	0.000000	1.000000	-0.005387	-0.123346	-0.084271	-0.122090	0.936700
	0.000000	0.000000	0.000000	0.000000	1.000000	0.131593	1.124876	-0.124820	-0.058907	0.066998
	0.000000	0.000000	0.000000	0.000000	1.000000	-0.084120	0.062992	-0.111082	0.127922	1.066919
	0.000000	0.000000	0.000000	0.000000	1.000000	-0.122239	1.124974	-0.071528	0.001124	0.816779
	0.000000	0.000000	0.000000	0.000000	1.000000	-0.093532	-0.065076	-0.109839	-0.119857	0.840514
	0.000000	0.000000	0.000000	0.000000	1.000000	0.110083	0.789433	-0.045950	0.472129	0.950204
	0.000000	0.000000	0.000000	0.000000	1.000000	-0.124974	0.578783	-0.010366	-0.104272	1.124999
	0.000000	0.000000	0.000000	0.000000	1.000000	-0.099622	-0.108571	-0.123604	0.146087	0.360153
	0.000000	0.000000	0.000000	0.000000	1.000000	-0.091779	1.020566	-0.046372	-0.096747	0.124226
	0.000000	0.000000	0.000000	0.000000	1.000000	-0.112736	0.205831	-0.061203	0.155228	0.911236
	0.000000	0.000000	0.000000	0.000000	1.000000	-0.123688	0.263410	-0.013695	0.643327	-0.093978
	0.000000	0.000000	0.000000	0.000000	1.000000	-0.102832	0.061603	-0.006641	-0.110354	0.991106
	0.000000	0.000000	0.000000	0.000000	1.000000	0.080144	0.650799	-0.124247	-0.069621	1.105223
	0.000000	0.000000	0.000000	0.000000	1.000000	0.086849	0.972170	-0.058889	0.002072	1.066971
	0.000000	0.000000	0.000000	0.000000	1.000000	-0.078538	-0.020671	-0.107882	0.162482	0.743078
	0.000000	0.000000	0.000000	0.000000	1.000000	-0.108208	0.764706	0.066335	0.193997	0.820504
	0.000000	0.000000	0.000000	0.000000	1.000000	0.005793	0.626660	-0.124972	-0.104401	-0.121163
	0.000000	0.000000	0.000000	0.000000	1.000000	-0.056106	0.088177	-0.052128	-0.019886	-0.105474
	0.000000	0.000000	0.000000	0.000000	1.000000	-0.107655	-0.114179	-0.109915	-0.119093	0.360988
	0.000000	0.000000	0.000000	0.000000	1.000000	-0.107003	0.398384	-0.119413	-0.123847	0.518704
	0.000000	0.000000	0.000000	0.000000	1.000000	-0.124781	0.632348	-0.114501	-0.122640	0.930407
	0.000000	0.000000	0.000000	0.000000	1.000000	-0.123648	1.043120	-0.043394	0.153840	-0.024630
	0.000000	0.000000	0.000000	0.000000	1.000000	-0.124777	0.963403	-0.109656	0.011986	0.836747
	0.000000	0.000000	0.000000	0.000000	1.000000	-0.112487	0.795054	-0.089960	0.189345	0.919042
	0.000000	0.000000	0.000000	0.000000	1.000000	0.007865	-0.069515	-0.111029	-0.124481	0.000945
	0.000000	0.000000	0.000000	0.000000	1.000000	-0.063397	1.113382	-0.122923	0.264851	-0.122828
	0.000000	0.000000	0.000000	0.000000	1.000000	-0.032278	0.083406	0.061937	0.035436	-0.116183
	0.000000	0.000000	0.000000	0.000000	1.000000	0.007648	0.310571	-0.071399	0.732574	0.034306
	0.000000	0.000000	0.000000	0.000000	1.000000	-0.098755	1.124275	-0.100146	-0.073340	0.967449
	0.000000	0.000000	0.000000	0.000000	1.000000	-0.091035	0.188986	-0.110010	-0.106980	0.719074
	0.000000	0.000000	0.000000	0.000000	1.000000	-0.100550	0.119876	-0.107087	0.023689	0.966480
	0.000000	0.000000	0.000000	0.000000	1.000000	-0.122692	0.336515	-0.027783	0.637228	-0.124786
	0.000000	0.000000	0.000000	0.000000	1.000000	-0.123135	-0.112409	-0.061191	-0.049936	-0.091018
	0.000000	0.000000	0.000000	0.000000	1.000000	0.177652	-0.069134	-0.121464	0.239482	0.418971
	0.000000	0.000000	0.000000	0.000000	1.000000	-0.121537	0.286140	-0.083051	-0.086741	0.583990
	0.000000	0.000000	0.000000	0.000000	1.000000	-0.009633	0.890671	-0.119379	-0.012081	1.085792
	0.000000	0.000000	0.000000	0.000000	1.000000	-0.109506	0.168260	-0.070419	0.044358	1.071642
	0.000000	0.000000	0.000000	0.000000	1.000000	-0.095151	0.985416	-0.124412	-0.117198	0.685787
	0.000000	0.000000	0.000000	0.000000	1.000000	-0.120734	1.036151	-0.065391	-0.017647	-0.115608
	0.000000	0.000000	0.000000	0.000000	1.000000	-0.117319	0.438285	-0.049187	-0.123309	1.109447
	0.000000	0.000000	0.000000	0.000000	1.000000	-0.103818	-0.116279	-0.124292	-0.000539	-0.124963
	0.000000	0.000000	0.000000	0.000000	1.000000	-0.122767	0.880431	-0.045948	0.525201	1.103349
	0.000000	0.000000	0.000000	0.000000	1.000000	-0.122277	0.699329	-0.122855	-0.123099	0.975196
	0.000000	0.000000	0.000000	0.000000	1.000000	-0.115952	0.064443	-0.019459	0.254451	-0.097265
	0.000000	0.000000	0.000000	0.000000	1.000000	-0.032992	0.858538	-0.109076	0.466068	1.037166
	0.000000	0.000000	0.000000	0.000000	1.000000	-0.015994	1.122788	-0.123824	-0.025721	0.547192
	0.000000	0.000000	0.000000	0.000000	1.000000	-0.087526	0.642438	-0.109627	-0.124842	0.652155
	0.000000	0.000000	0.000000	0.000000	1.000000	-0.124443	0.080635	-0.070527	0.003589	0.233171
	0.000000	0.000000	0.000000	0.000000	1.000000	-0.123653	-0.065201	-0.124889	0.722415	0.914628
	0.000000	0.000000	0.000000	0.000000	1.000000	-0.116206	0.233437	0.103059	0.253204	0.550009
	0.000000	0.000000	0.000000	0.000000	1.000000	-0.119662	1.108733	-0.115959	0.160833	0.445102
	0.000000	0.000000	0.000000	0.000000	1.000000	-0.088270	0.669238	-0.105460	-0.077175	0.217392
	0.000000	0.000000	0.000000	0.000000	1.000000	-0.104145	0.936564	-0.087691	0.133726	1.075324
	0.000000	0.000000	0.000000	0.000000	1.000000	-0.103609	-0.089425	-0.118312	-0.012255	0.355903
	0.000000	0.000000	0.000000	0.000000	1.000000	-0.086974	1.047851	-0.119344	-0.022124	0.777630
	0.000000	0.000000	0.000000	0.000000	1.000000	-0.018338	0.939254	-0.014784	0.302291	0.205030
	0.000000	0.000000	0.000000	0.000000	1.000000	-0.118290	0.227514	-0.090475	-0.124999	0.365050
	0.000000	0.000000	0.000000	0.000000	1.000000	-0.082131	1.121154	-0.044294	-0.083394	0.757994
