	1.000000	0.000000	0.000000	0.000000	0.000000	0.377484	0.624953	0.402639	0.585550	0.564825
	1.000000	0.000000	0.000000	0.000000	0.000000	0.383598	0.629153	0.422013	0.589790	0.560931
	1.000000	0.000000	0.000000	0.000000	0.000000	0.325144	0.603587	0.324902	0.544087	0.520475
	1.000000	0.000000	0.000000	0.000000	0.000000	0.396261	0.614387	0.422137	0.593515	0.547756
	1.000000	0.000000	0.000000	0.000000	0.000000	0.393997	0.626205	0.413524	0.587406	0.564299
	1.000000	0.000000	0.000000	0.000000	0.000000	0.381557	0.611393	0.409269	0.575288	0.559403
	1.000000	0.000000	0.000000	0.000000	0.000000	0.381005	0.627368	0.439233	0.592233	0.563423
	1.000000	0.000000	0.000000	0.000000	0.000000	0.366891	0.613313	0.397682	0.576608	0.563032
	1.000000	0.000000	0.000000	0.000000	0.000000	0.358708	0.641219	0.396746	0.587189	0.578335
	1.000000	0.000000	0.000000	0.000000	0.000000	0.342588	0.582352	0.328894	0.559899	0.531714
	1.000000	0.000000	0.000000	0.000000	0.000000	0.390779	0.630729	0.373845	0.584127	0.534455
	1.000000	0.000000	0.000000	0.000000	0.000000	0.333820	0.605767	0.330836	0.577789	0.539113
	1.000000	0.000000	0.000000	0.000000	0.000000	0.377058	0.621507	0.392520	0.579915	0.564216
	1.000000	0.000000	0.000000	0.000000	0.000000	0.380888	0.655585	0.452471	0.598530	0.587121
	0.000000	1.000000	0.000000	0.000000	0.000000	0.378592	0.693711	0.493920	0.597571	0.617505
	0.000000	1.000000	0.000000	0.000000	0.000000	0.405877	0.673323	0.489238	0.599903	0.598943
	0.000000	1.000000	0.000000	0.000000	0.000000	0.289247	0.690355	0.459452	0.571092	0.654498
	0.000000	1.000000	0.000000	0.000000	0.000000	0.426551	0.655803	0.492696	0.595406	0.590159
	0.000000	1.000000	0.000000	0.000000	0.000000	0.450127	0.651161	0.511608	0.597073	0.566605
	0.000000	1.000000	0.000000	0.000000	0.000000	0.395089	0.680676	0.479138	0.593951	0.601560
	0.000000	1.000000	0.000000	0.000000	0.000000	0.390089	0.690035	0.493527	0.595374	0.610176
	0.000000	1.000000	0.000000	0.000000	0.000000	0.406396	0.661927	0.466575	0.591701	0.589459
	0.000000	1.000000	0.000000	0.000000	0.000000	0.419632	0.675952	0.504128	0.593795	0.565899
	0.000000	1.000000	0.000000	0.000000	0.000000	0.412361	0.672096	0.498417	0.588805	0.596148
	0.000000	1.000000	0.000000	0.000000	0.000000	0.393875	0.652506	0.475514	0.596917	0.589585
	0.000000	1.000000	0.000000	0.000000	0.000000	0.414546	0.696440	0.509031	0.585271	0.601695
	0.000000	1.000000	0.000000	0.000000	0.000000	0.383308	0.617617	0.465373	0.525155	0.563520
	0.000000	1.000000	0.000000	0.000000	0.000000	0.401002	0.689930	0.489523	0.597119	0.594730
	0.000000	1.000000	0.000000	0.000000	0.000000	0.406807	0.683603	0.470077	0.605988	0.594731
	0.000000	1.000000	0.000000	0.000000	0.000000	0.415875	0.690409	0.523937	0.599402	0.595497
	0.000000	1.000000	0.000000	0.000000	0.000000	0.395052	0.684162	0.469028	0.601956	0.601749
	0.000000	1.000000	0.000000	0.000000	0.000000	0.394254	0.690883	0.468968	0.596870	0.605344
	0.000000	1.000000	0.000000	0.000000	0.000000	0.421381	0.650651	0.494045	0.603670	0.579678
	0.000000	1.000000	0.000000	0.000000	0.000000	0.398484	0.687003	0.473881	0.593348	0.601162
	0.000000	1.000000	0.000000	0.000000	0.000000	0.444231	0.660971	0.527082	0.608740	0.575669
	0.000000	1.000000	0.000000	0.000000	0.000000	0.427980	0.670230	0.504269	0.594434	0.581039
	0.000000	1.000000	0.000000	0.000000	0.000000	0.419782	0.662970	0.492476	0.597351	0.591343
	0.000000	1.000000	0.000000	0.000000	0.000000	0.395509	0.681037	0.502087	0.600994	0.614293
	0.000000	1.000000	0.000000	0.000000	0.000000	0.459524	0.680938	0.509821	0.607692	0.564066
	0.000000	1.000000	0.000000	0.000000	0.000000	0.386986	0.683664	0.536275	0.599718	0.603843
	0.000000	1.000000	0.000000	0.000000	0.000000	0.414038	0.666964	0.503173	0.607001	0.590970
	0.000000	1.000000	0.000000	0.000000	0.000000	0.353297	0.682546	0.444211	0.594494	0.613110
	0.000000	1.000000	0.000000	0.000000	0.000000	0.385939	0.651147	0.473358	0.587311	0.600626
	0.000000	1.000000	0.000000	0.000000	0.000000	0.385412	0.680518	0.479267	0.591869	0.604419
	0.000000	1.000000	0.000000	0.000000	0.000000	0.410333	0.679016	0.526266	0.601725	0.599245
	0.000000	1.000000	0.000000	0.000000	0.000000	0.433778	0.677286	0.472727	0.596834	0.573649
	0.000000	1.000000	0.000000	0.000000	0.000000	0.452183	0.670251	0.514761	0.596602	0.552730
	0.000000	1.000000	0.000000	0.000000	0.000000	0.397344	0.678148	0.506180	0.617699	0.610319
	0.000000	1.000000	0.000000	0.000000	0.000000	0.308505	0.641805	0.391589	0.588324	0.583721
	0.000000	1.000000	0.000000	0.000000	0.000000	0.413360	0.671802	0.476327	0.606208	0.589810
	0.000000	1.000000	0.000000	0.000000	0.000000	0.434292	0.641573	0.500589	0.580550	0.562428
	0.000000	1.000000	0.000000	0.000000	0.000000	0.416634	0.681787	0.495734	0.602161	0.593338
	0.000000	1.000000	0.000000	0.000000	0.000000	0.431958	0.687484	0.484811	0.592883	0.583173
	0.000000	0.000000	1.000000	0.000000	0.000000	0.334088	0.636602	0.449525	0.574312	0.584705
	0.000000	0.000000	1.000000	0.000000	0.000000	0.317521	0.648475	0.435834	0.603349	0.603198
	0.000000	0.000000	1.000000	0.000000	0.000000	0.318863	0.640777	0.403860	0.588377	0.590542
	0.000000	0.000000	1.000000	0.000000	0.000000	0.319935	0.651565	0.418800	0.591992	0.585449
	0.000000	0.000000	1.000000	0.000000	0.000000	0.333662	0.620257	0.427656	0.584962	0.568012
	0.000000	0.000000	1.000000	0.000000	0.000000	0.320749	0.650068	0.431450	0.592144	0.603109
	0.000000	0.000000	1.000000	0.000000	0.000000	0.344646	0.617243	0.405501	0.579322	0.562212
	0.000000	0.000000	1.000000	0.000000	0.000000	0.336068	0.593346	0.388770	0.578092	0.556621
	0.000000	0.000000	1.000000	0.000000	0.000000	0.330267	0.617232	0.411258	0.564810	0.562666
	0.000000	0.000000	1.000000	0.000000	0.000000	0.329523	0.654806	0.421954	0.604228	0.591437
	0.000000	0.000000	1.000000	0.000000	0.000000	0.319855	0.621608	0.383580	0.576815	0.577082
	0.000000	0.000000	1.000000	0.000000	0.000000	0.331592	0.597749	0.390602	0.577515	0.563893
	0.000000	0.000000	1.000000	0.000000	0.000000	0.339631	0.598817	0.400232	0.586188	0.558839
	0.000000	0.000000	0.000000	1.000000	0.000000	0.321193	0.661893	0.409033	0.595442	0.609227
	0.000000	0.000000	0.000000	1.000000	0.000000	0.298044	0.670460	0.374794	0.604946	0.590060
	0.000000	0.000000	0.000000	1.000000	0.000000	0.411805	0.624825	0.448087	0.597746	0.584318
	0.000000	0.000000	0.000000	1.000000	0.000000	0.374272	0.642043	0.431247	0.572689	0.588683
	0.000000	0.000000	0.000000	1.000000	0.000000	0.331582	0.623795	0.368756	0.561318	0.565496
	0.000000	0.000000	0.000000	1.000000	0.000000	0.343097	0.601715	0.375491	0.574426	0.544916
	0.000000	0.000000	0.000000	1.000000	0.000000	0.323650	0.629841	0.357841	0.590311	0.576553
	0.000000	0.000000	0.000000	1.000000	0.000000	0.378501	0.650768	0.426628	0.574028	0.591262
	0.000000	0.000000	0.000000	1.000000	0.000000	0.352146	0.614995	0.381266	0.587182	0.543972
	0.000000	0.000000	0.000000	1.000000	0.000000	0.349299	0.613663	0.408534	0.555053	0.562910
	0.000000	0.000000	0.000000	1.000000	0.000000	0.334022	0.643823	0.370297	0.582185	0.578666
	0.000000	0.000000	0.000000	1.000000	0.000000	0.301157	0.650097	0.352826	0.571666	0.599427
	0.000000	0.000000	0.000000	1.000000	0.000000	0.313872	0.670205	0.387635	0.598340	0.609765
	0.000000	0.000000	0.000000	1.000000	0.000000	0.346093	0.658908	0.442789	0.622988	0.602440
	0.000000	0.000000	0.000000	1.000000	0.000000	0.331462	0.665193	0.397173	0.589014	0.605861
	0.000000	0.000000	0.000000	1.000000	0.000000	0.320942	0.657067	0.375883	0.591318	0.599861
	0.000000	0.000000	0.000000	0.000000	1.000000	0.395279	0.657599	0.460556	0.585114	0.584274
	0.000000	0.000000	0.000000	0.000000	1.000000	0.388317	0.667447	0.450996	0.597710	0.594431
	0.000000	0.000000	0.000000	0.000000	1.000000	0.385182	0.657387	0.463460	0.590436	0.585831
	0.000000	0.000000	0.000000	0.000000	1.000000	0.365880	0.643053	0.406075	0.564130	0.589037
	0.000000	0.000000	0.000000	0.000000	1.000000	0.398102	0.634289	0.428860	0.577785	0.571731
	0.000000	0.000000	0.000000	0.000000	1.000000	0.378604	0.672817	0.455905	0.597692	0.585570
	0.000000	0.000000	0.000000	0.000000	1.000000	0.391567	0.655134	0.462736	0.577638	0.602328
	0.000000	0.000000	0.000000	0.000000	1.000000	0.387739	0.643806	0.438041	0.566039	0.576138
	0.000000	0.000000	0.000000	0.000000	1.000000	0.375753	0.687627	0.451869	0.587553	0.612452
	0.000000	0.000000	0.000000	0.000000	1.000000	0.372355	0.697788	0.454213	0.588780	0.613812
	0.000000	0.000000	0.000000	0.000000	1.000000	0.371500	0.694933	0.449614	0.593076	0.610273
	0.000000	0.000000	0.000000	0.000000	1.000000	0.381508	0.694606	0.471096	0.594693	0.611619
	0.000000	0.000000	0.000000	0.000000	1.000000	0.414226	0.669408	0.454804	0.606152	0.596257
	0.000000	0.000000	0.000000	0.000000	1.000000	0.390671	0.683019	0.474266	0.597889	0.604572
	0.000000	0.000000	0.000000	0.000000	1.000000	0.391969	0.676075	0.430712	0.607595	0.599943
	0.000000	0.000000	0.000000	0.000000	1.000000	0.388508	0.662540	0.415069	0.588853	0.591791
	0.000000	0.000000	0.000000	0.000000	1.000000	0.399615	0.658755	0.456015	0.588377	0.600537
	0.000000	0.000000	0.000000	0.000000	1.000000	0.387090	0.650685	0.433189	0.578472	0.593567
	0.000000	0.000000	0.000000	0.000000	1.000000	0.386544	0.648121	0.439315	0.575183	0.586046
	0.000000	0.000000	0.000000	0.000000	1.000000	0.372390	0.671887	0.437843	0.597044	0.587460
	0.000000	0.000000	0.000000	0.000000	1.000000	0.417256	0.661701	0.460753	0.598634	0.585092
	0.000000	0.000000	0.000000	0.000000	1.000000	0.424804	0.625577	0.438866	0.594137	0.573628
	0.000000	0.000000	0.000000	0.000000	1.000000	0.408766	0.681994	0.478953	0.603584	0.592867
	0.000000	0.000000	0.000000	0.000000	1.000000	0.405686	0.655930	0.469251	0.596123	0.578850
	0.000000	0.000000	0.000000	0.000000	1.000000	0.387862	0.675375	0.446379	0.610682	0.607954
	0.000000	0.000000	0.000000	0.000000	1.000000	0.386400	0.672162	0.440080	0.603449	0.603631
	0.000000	0.000000	0.000000	0.000000	1.000000	0.383914	0.653035	0.465625	0.551075	0.572652
	0.000000	0.000000	0.000000	0.000000	1.000000	0.375869	0.693766	0.451382	0.598417	0.609101
	0.000000	0.000000	0.000000	0.000000	1.000000	0.372293	0.637048	0.440118	0.570692	0.566636
	0.000000	0.000000	0.000000	0.000000	1.000000	0.351685	0.660256	0.371641	0.620106	0.559859
	0.000000	0.000000	0.000000	0.000000	1.000000	0.394892	0.667163	0.443544	0.598139	0.588498
	0.000000	0.000000	0.000000	0.000000	1.000000	0.382234	0.673727	0.438689	0.594004	0.595967
	0.000000	0.000000	0.000000	0.000000	1.000000	0.380348	0.693390	0.484415	0.588299	0.615487
	0.000000	0.000000	0.000000	0.000000	1.000000	0.392223	0.673779	0.460284	0.597721	0.595200
	0.000000	0.000000	0.000000	0.000000	1.000000	0.397277	0.655531	0.444227	0.609027	0.583650
	0.000000	0.000000	0.000000	0.000000	1.000000	0.409463	0.667248	0.483018	0.602819	0.584977
	0.000000	0.000000	0.000000	0.000000	1.000000	0.381567	0.670659	0.451157	0.592341	0.599599
	0.000000	0.000000	0.000000	0.000000	1.000000	0.355641	0.701463	0.453416	0.598068	0.627069
	0.000000	0.000000	0.000000	0.000000	1.000000	0.397664	0.642133	0.420909	0.562302	0.560486
	0.000000	0.000000	0.000000	0.000000	1.000000	0.381716	0.679082	0.445981	0.599617	0.610934
	0.000000	0.000000	0.000000	0.000000	1.000000	0.382749	0.683760	0.451908	0.592349	0.599005
	0.000000	0.000000	0.000000	0.000000	1.000000	0.391159	0.685370	0.442887	0.607183	0.602977
	0.000000	0.000000	0.000000	0.000000	1.000000	0.378395	0.680827	0.448593	0.587532	0.608112
	0.000000	0.000000	0.000000	0.000000	1.000000	0.395364	0.677548	0.486765	0.602037	0.602605
	0.000000	0.000000	0.000000	0.000000	1.000000	0.413643	0.671367	0.453415	0.603775	0.589497
	0.000000	0.000000	0.000000	0.000000	1.000000	0.378987	0.666605	0.447832	0.596901	0.594453
	0.000000	0.000000	0.000000	0.000000	1.000000	0.381648	0.678745	0.461914	0.598629	0.601912
	0.000000	0.000000	0.000000	0.000000	1.000000	0.356811	0.665931	0.412300	0.594782	0.581644
	0.000000	0.000000	0.000000	0.000000	1.000000	0.417462	0.662550	0.458310	0.609080	0.579683
	0.000000	0.000000	0.000000	0.000000	1.000000	0.372037	0.704481	0.464581	0.601724	0.618725
	0.000000	0.000000	0.000000	0.000000	1.000000	0.374130	0.697168	0.456156	0.598343	0.614860
	0.000000	0.000000	0.000000	0.000000	1.000000	0.421164	0.608181	0.443374	0.579377	0.562165
	0.000000	0.000000	0.000000	0.000000	1.000000	0.338867	0.612354	0.357697	0.565833	0.551063
	0.000000	0.000000	0.000000	0.000000	1.000000	0.336038	0.626873	0.363524	0.573542	0.536781
	0.000000	0.000000	0.000000	0.000000	1.000000	0.399120	0.683618	0.441836	0.630138	0.600897
	0.000000	0.000000	0.000000	0.000000	1.000000	0.316454	0.627072	0.363887	0.599277	0.567722
	0.000000	0.000000	0.000000	0.000000	1.000000	0.424017	0.630698	0.508504	0.599304	0.594820
	0.000000	0.000000	0.000000	0.000000	1.000000	0.407585	0.661583	0.461505	0.602350	0.600414
	0.000000	0.000000	0.000000	0.000000	1.000000	0.318622	0.626205	0.373675	0.571447	0.560930
	0.000000	0.000000	0.000000	0.000000	1.000000	0.403743	0.651551	0.446610	0.598036	0.582491
	0.000000	0.000000	0.000000	0.000000	1.000000	0.378796	0.644403	0.429965	0.590158	0.583402
	0.000000	0.000000	0.000000	0.000000	1.000000	0.379317	0.709070	0.467286	0.610158	0.602027
	0.000000	0.000000	0.000000	0.000000	1.000000	0.387209	0.639254	0.445635	0.574603	0.580197
	0.000000	0.000000	0.000000	0.000000	1.000000	0.388344	0.638888	0.446435	0.574266	0.569984
	0.000000	0.000000	0.000000	0.000000	1.000000	0.340854	0.620764	0.374132	0.566737	0.550785
	1.000000	0.000000	0.000000	0.000000	0.000000	0.394100	0.634848	0.424771	0.588172	0.582271
	1.000000	0.000000	0.000000	0.000000	0.000000	0.315551	0.637897	0.351286	0.590917	0.573919
	1.000000	0.000000	0.000000	0.000000	0.000000	0.382823	0.647849	0.439184	0.595458	0.584374
	1.000000	0.000000	0.000000	0.000000	0.000000	0.363971	0.633872	0.399676	0.580386	0.572669
	1.000000	0.000000	0.000000	0.000000	0.000000	0.364386	0.640249	0.391497	0.593683	0.586696
	1.000000	0.000000	0.000000	0.000000	0.000000	0.391436	0.632667	0.421099	0.577010	0.567809
	1.000000	0.000000	0.000000	0.000000	0.000000	0.390996	0.629262	0.425905	0.593662	0.562563
	1.000000	0.000000	0.000000	0.000000	0.000000	0.388080	0.622895	0.432436	0.598063	0.568387
	1.000000	0.000000	0.000000	0.000000	0.000000	0.380617	0.616207	0.408131	0.568188	0.553180
	1.000000	0.000000	0.000000	0.000000	0.000000	0.388559	0.650709	0.422588	0.595801	0.585716
	1.000000	0.000000	0.000000	0.000000	0.000000	0.367534	0.662884	0.434979	0.600889	0.589224
	1.000000	0.000000	0.000000	0.000000	0.000000	0.378501	0.645724	0.432886	0.595689	0.588768
	1.000000	0.000000	0.000000	0.000000	0.000000	0.363645	0.618174	0.403928	0.539884	0.558537
	1.000000	0.000000	0.000000	0.000000	0.000000	0.397531	0.634611	0.455805	0.589612	0.560036
	1.000000	0.000000	0.000000	0.000000	0.000000	0.326256	0.619403	0.360132	0.588087	0.563677
	1.000000	0.000000	0.000000	0.000000	0.000000	0.353126	0.562778	0.337962	0.567716	0.513977
	0.000000	1.000000	0.000000	0.000000	0.000000	0.421109	0.650697	0.494532	0.599087	0.582408
	0.000000	1.000000	0.000000	0.000000	0.000000	0.394354	0.695448	0.488865	0.580988	0.612373
	0.000000	1.000000	0.000000	0.000000	0.000000	0.379731	0.651598	0.474636	0.593051	0.609209
	0.000000	1.000000	0.000000	0.000000	0.000000	0.390943	0.693462	0.513786	0.593156	0.610158
	0.000000	1.000000	0.000000	0.000000	0.000000	0.377808	0.698259	0.480947	0.580794	0.605246
	0.000000	1.000000	0.000000	0.000000	0.000000	0.397240	0.666446	0.501184	0.598392	0.591499
	0.000000	1.000000	0.000000	0.000000	0.000000	0.375356	0.693880	0.475294	0.597776	0.617884
	0.000000	1.000000	0.000000	0.000000	0.000000	0.318144	0.694084	0.439921	0.583664	0.632241
	0.000000	1.000000	0.000000	0.000000	0.000000	0.429809	0.648568	0.481700	0.582500	0.569218
	0.000000	1.000000	0.000000	0.000000	0.000000	0.414684	0.693482	0.480718	0.599386	0.595993
	0.000000	1.000000	0.000000	0.000000	0.000000	0.440914	0.668663	0.522340	0.605323	0.577955
	0.000000	1.000000	0.000000	0.000000	0.000000	0.416384	0.675730	0.488310	0.581783	0.590659
	0.000000	1.000000	0.000000	0.000000	0.000000	0.416269	0.680714	0.485482	0.594762	0.584271
	0.000000	1.000000	0.000000	0.000000	0.000000	0.415291	0.665318	0.468592	0.594168	0.585745
	0.000000	1.000000	0.000000	0.000000	0.000000	0.361184	0.668490	0.464870	0.565792	0.599082
	0.000000	1.000000	0.000000	0.000000	0.000000	0.304405	0.657858	0.404433	0.611445	0.585344
	0.000000	1.000000	0.000000	0.000000	0.000000	0.439648	0.665502	0.493408	0.605835	0.579514
	0.000000	1.000000	0.000000	0.000000	0.000000	0.298624	0.698604	0.466200	0.578747	0.654002
	0.000000	1.000000	0.000000	0.000000	0.000000	0.416026	0.673658	0.525008	0.591654	0.596481
	0.000000	1.000000	0.000000	0.000000	0.000000	0.401048	0.655678	0.454357	0.591021	0.589468
	0.000000	1.000000	0.000000	0.000000	0.000000	0.413763	0.690660	0.494001	0.593467	0.599975
	0.000000	1.000000	0.000000	0.000000	0.000000	0.411852	0.680324	0.472076	0.604534	0.591167
	0.000000	1.000000	0.000000	0.000000	0.000000	0.306417	0.693767	0.485981	0.568065	0.645377
	0.000000	1.000000	0.000000	0.000000	0.000000	0.424468	0.672086	0.506114	0.606498	0.585735
	0.000000	1.000000	0.000000	0.000000	0.000000	0.438220	0.665608	0.529897	0.594121	0.570503
	0.000000	1.000000	0.000000	0.000000	0.000000	0.416956	0.681382	0.493411	0.594301	0.603046
	0.000000	1.000000	0.000000	0.000000	0.000000	0.297453	0.714345	0.466655	0.589604	0.659983
	0.000000	1.000000	0.000000	0.000000	0.000000	0.429624	0.652921	0.506328	0.588451	0.577618
	0.000000	1.000000	0.000000	0.000000	0.000000	0.426346	0.678738	0.485912	0.590908	0.587057
	0.000000	1.000000	0.000000	0.000000	0.000000	0.406830	0.661438	0.490010	0.588638	0.593946
	0.000000	1.000000	0.000000	0.000000	0.000000	0.367657	0.685832	0.445371	0.592019	0.610531
	0.000000	1.000000	0.000000	0.000000	0.000000	0.401777	0.674136	0.481731	0.601953	0.599222
	0.000000	1.000000	0.000000	0.000000	0.000000	0.397358	0.680049	0.479550	0.592886	0.600191
	0.000000	1.000000	0.000000	0.000000	0.000000	0.420255	0.680306	0.483027	0.590702	0.587732
	0.000000	1.000000	0.000000	0.000000	0.000000	0.325168	0.667126	0.442811	0.582297	0.604461
	0.000000	0.000000	1.000000	0.000000	0.000000	0.326539	0.630433	0.415729	0.578504	0.586129
	0.000000	0.000000	1.000000	0.000000	0.000000	0.286221	0.644173	0.362889	0.584666	0.594459
	0.000000	0.000000	1.000000	0.000000	0.000000	0.344280	0.589805	0.422110	0.571973	0.555229
	0.000000	0.000000	1.000000	0.000000	0.000000	0.326856	0.664850	0.444495	0.584018	0.605623
	0.000000	0.000000	1.000000	0.000000	0.000000	0.328033	0.661024	0.461083	0.591523	0.598243
	0.000000	0.000000	1.000000	0.000000	0.000000	0.318854	0.645367	0.414690	0.579923	0.584733
	0.000000	0.000000	1.000000	0.000000	0.000000	0.313268	0.626884	0.371313	0.588341	0.558914
	0.000000	0.000000	1.000000	0.000000	0.000000	0.324479	0.668415	0.419247	0.631292	0.598569
	0.000000	0.000000	1.000000	0.000000	0.000000	0.299543	0.651775	0.390807	0.606848	0.607497
	0.000000	0.000000	1.000000	0.000000	0.000000	0.343260	0.627000	0.414028	0.596775	0.567717
	0.000000	0.000000	1.000000	0.000000	0.000000	0.361390	0.636438	0.462415	0.597985	0.596739
	0.000000	0.000000	1.000000	0.000000	0.000000	0.335028	0.618710	0.383394	0.593514	0.565517
	0.000000	0.000000	1.000000	0.000000	0.000000	0.312777	0.614864	0.395947	0.591524	0.568524
	0.000000	0.000000	1.000000	0.000000	0.000000	0.333261	0.673716	0.422154	0.584373	0.605449
	0.000000	0.000000	1.000000	0.000000	0.000000	0.337016	0.619298	0.410853	0.581435	0.583416
	0.000000	0.000000	1.000000	0.000000	0.000000	0.315830	0.634569	0.415766	0.612109	0.590372
	0.000000	0.000000	0.000000	1.000000	0.000000	0.310690	0.616030	0.358673	0.561032	0.576176
	0.000000	0.000000	0.000000	1.000000	0.000000	0.329578	0.632939	0.361870	0.572401	0.562540
	0.000000	0.000000	0.000000	1.000000	0.000000	0.330774	0.663705	0.417152	0.569025	0.600038
	0.000000	0.000000	0.000000	1.000000	0.000000	0.362464	0.640134	0.403916	0.567064	0.589212
	0.000000	0.000000	0.000000	1.000000	0.000000	0.320169	0.658019	0.345497	0.608599	0.580608
	0.000000	0.000000	0.000000	1.000000	0.000000	0.330176	0.620905	0.358194	0.561923	0.561393
	0.000000	0.000000	0.000000	1.000000	0.000000	0.342369	0.609813	0.398940	0.585431	0.562731
	0.000000	0.000000	0.000000	1.000000	0.000000	0.319914	0.666252	0.383519	0.593435	0.598189
	0.000000	0.000000	0.000000	1.000000	0.000000	0.320307	0.645788	0.396684	0.591732	0.602985
	0.000000	0.000000	0.000000	1.000000	0.000000	0.319315	0.690938	0.392581	0.591267	0.600117
	0.000000	0.000000	0.000000	1.000000	0.000000	0.323502	0.662113	0.383087	0.611424	0.595074
	0.000000	0.000000	0.000000	1.000000	0.000000	0.321448	0.647831	0.357415	0.580401	0.584657
	0.000000	0.000000	0.000000	1.000000	0.000000	0.321570	0.642125	0.388108	0.586451	0.590741
	0.000000	0.000000	0.000000	1.000000	0.000000	0.306493	0.652189	0.331382	0.611487	0.587388
	0.000000	0.000000	0.000000	1.000000	0.000000	0.339819	0.595369	0.373257	0.552089	0.554971
	0.000000	0.000000	0.000000	0.000000	1.000000	0.408874	0.653905	0.468751	0.596687	0.580429
	0.000000	0.000000	0.000000	0.000000	1.000000	0.402013	0.662775	0.481576	0.595655	0.585158
	0.000000	0.000000	0.000000	0.000000	1.000000	0.388005	0.676917	0.480762	0.585555	0.599305
	0.000000	0.000000	0.000000	0.000000	1.000000	0.395868	0.668381	0.417373	0.604146	0.585845
	0.000000	0.000000	0.000000	0.000000	1.000000	0.383885	0.667878	0.446302	0.595674	0.596697
	0.000000	0.000000	0.000000	0.000000	1.000000	0.405753	0.644622	0.456822	0.587572	0.574576
	0.000000	0.000000	0.000000	0.000000	1.000000	0.372959	0.667962	0.442796	0.591098	0.587991
	0.000000	0.000000	0.000000	0.000000	1.000000	0.403063	0.675176	0.483313	0.602910	0.593497
	0.000000	0.000000	0.000000	0.000000	1.000000	0.390032	0.621633	0.431520	0.577527	0.546364
	0.000000	0.000000	0.000000	0.000000	1.000000	0.384330	0.608638	0.403396	0.562097	0.569567
	0.000000	0.000000	0.000000	0.000000	1.000000	0.387171	0.679812	0.428563	0.602521	0.603670
	0.000000	0.000000	0.000000	0.000000	1.000000	0.407155	0.671710	0.455493	0.619232	0.586979
	0.000000	0.000000	0.000000	0.000000	1.000000	0.375380	0.687355	0.448834	0.599792	0.609485
	0.000000	0.000000	0.000000	0.000000	1.000000	0.391108	0.674904	0.453639	0.595340	0.600478
	0.000000	0.000000	0.000000	0.000000	1.000000	0.390975	0.684115	0.471657	0.590533	0.601119
	0.000000	0.000000	0.000000	0.000000	1.000000	0.368489	0.657759	0.421002	0.573859	0.595333
	0.000000	0.000000	0.000000	0.000000	1.000000	0.389947	0.670575	0.463569	0.602051	0.598921
	0.000000	0.000000	0.000000	0.000000	1.000000	0.358626	0.673088	0.424756	0.587049	0.606508
	0.000000	0.000000	0.000000	0.000000	1.000000	0.379135	0.668667	0.427269	0.593665	0.606079
	0.000000	0.000000	0.000000	0.000000	1.000000	0.375240	0.688597	0.431688	0.612524	0.606905
	0.000000	0.000000	0.000000	0.000000	1.000000	0.388301	0.675348	0.435108	0.599873	0.599974
	0.000000	0.000000	0.000000	0.000000	1.000000	0.386355	0.679635	0.443361	0.597237	0.600241
	0.000000	0.000000	0.000000	0.000000	1.000000	0.395357	0.637422	0.482871	0.577037	0.566788
	0.000000	0.000000	0.000000	0.000000	1.000000	0.394792	0.661934	0.462953	0.597495	0.593905
	0.000000	0.000000	0.000000	0.000000	1.000000	0.395766	0.661704	0.464986	0.588291	0.594779
	0.000000	0.000000	0.000000	0.000000	1.000000	0.356863	0.679359	0.433684	0.599121	0.611771
	0.000000	0.000000	0.000000	0.000000	1.000000	0.411836	0.653734	0.523613	0.591261	0.592582
	0.000000	0.000000	0.000000	0.000000	1.000000	0.386942	0.655526	0.423794	0.591021	0.599027
	0.000000	0.000000	0.000000	0.000000	1.000000	0.396466	0.637698	0.422395	0.586201	0.584590
	0.000000	0.000000	0.000000	0.000000	1.000000	0.402920	0.671552	0.448623	0.601056	0.592862
	0.000000	0.000000	0.000000	0.000000	1.000000	0.397468	0.673486	0.457999	0.598929	0.597895
	0.000000	0.000000	0.000000	0.000000	1.000000	0.373932	0.698832	0.474217	0.596256	0.602505
	0.000000	0.000000	0.000000	0.000000	1.000000	0.446151	0.645944	0.513452	0.576036	0.573069
	0.000000	0.000000	0.000000	0.000000	1.000000	0.370429	0.698082	0.452222	0.593933	0.622481
	0.000000	0.000000	0.000000	0.000000	1.000000	0.392950	0.653608	0.443961	0.594085	0.587203
	0.000000	0.000000	0.000000	0.000000	1.000000	0.361196	0.697977	0.460717	0.598478	0.618831
	0.000000	0.000000	0.000000	0.000000	1.000000	0.411855	0.658762	0.452546	0.597646	0.585784
	0.000000	0.000000	0.000000	0.000000	1.000000	0.371739	0.691591	0.454386	0.608606	0.613826
	0.000000	0.000000	0.000000	0.000000	1.000000	0.373155	0.693357	0.473261	0.608454	0.617574
	0.000000	0.000000	0.000000	0.000000	1.000000	0.375099	0.679281	0.466011	0.601577	0.608123
	0.000000	0.000000	0.000000	0.000000	1.000000	0.400992	0.679645	0.465328	0.582244	0.596861
	0.000000	0.000000	0.000000	0.000000	1.000000	0.401095	0.654911	0.451566	0.597785	0.606238
	0.000000	0.000000	0.000000	0.000000	1.000000	0.373828	0.684699	0.445897	0.595256	0.614997
	0.000000	0.000000	0.000000	0.000000	1.000000	0.379162	0.664513	0.416898	0.604177	0.597557
	0.000000	0.000000	0.000000	0.000000	1.000000	0.402622	0.658673	0.441860	0.594351	0.592308
	0.000000	0.000000	0.000000	0.000000	1.000000	0.391644	0.675658	0.436816	0.607340	0.601286
	0.000000	0.000000	0.000000	0.000000	1.000000	0.377990	0.663768	0.468331	0.574266	0.584360
	0.000000	0.000000	0.000000	0.000000	1.000000	0.372931	0.666669	0.443028	0.589820	0.592513
	0.000000	0.000000	0.000000	0.000000	1.000000	0.412542	0.648950	0.476007	0.566795	0.563250
	0.000000	0.000000	0.000000	0.000000	1.000000	0.385626	0.661391	0.448803	0.580859	0.599110
	0.000000	0.000000	0.000000	0.000000	1.000000	0.392252	0.644854	0.464435	0.582804	0.576844
	0.000000	0.000000	0.000000	0.000000	1.000000	0.375790	0.679113	0.456489	0.584901	0.613868
	0.000000	0.000000	0.000000	0.000000	1.000000	0.388060	0.715869	0.481959	0.607019	0.613008
	0.000000	0.000000	0.000000	0.000000	1.000000	0.375779	0.697663	0.466277	0.590020	0.614307
	0.000000	0.000000	0.000000	0.000000	1.000000	0.332617	0.618903	0.384793	0.571092	0.560531
	0.000000	0.000000	0.000000	0.000000	1.000000	0.377470	0.664388	0.450095	0.585274	0.588401
	0.000000	0.000000	0.000000	0.000000	1.000000	0.412856	0.662515	0.454872	0.606469	0.584273
	0.000000	0.000000	0.000000	0.000000	1.000000	0.384108	0.673275	0.458322	0.602900	0.597333
	0.000000	0.000000	0.000000	0.000000	1.000000	0.391122	0.643802	0.469527	0.597215	0.575262
	0.000000	0.000000	0.000000	0.000000	1.000000	0.396954	0.654696	0.470560	0.586886	0.579701
	0.000000	0.000000	0.000000	0.000000	1.000000	0.391622	0.656346	0.451877	0.594284	0.585460
