	1.000000	0.000000	0.000000	0.000000	0.000000	0.933575	-0.057660	0.015848	-0.075224	0.147388
	1.000000	0.000000	0.000000	0.000000	0.000000	0.894790	-0.085591	-0.052468	0.063962	0.137589
	1.000000	0.000000	0.000000	0.000000	0.000000	1.059190	-0.104311	-0.027003	-0.037001	-0.042356
	1.000000	0.000000	0.000000	0.000000	0.000000	1.027694	-0.078110	-0.051346	0.031765	-0.014397
	1.000000	0.000000	0.000000	0.000000	0.000000	0.837550	-0.074185	-0.053094	0.103505	0.155184
	1.000000	0.000000	0.000000	0.000000	0.000000	0.887887	-0.062039	-0.017889	-0.009554	0.169616
	1.000000	0.000000	0.000000	0.000000	0.000000	0.801005	-0.061631	-0.046067	0.127468	0.147085
	1.000000	0.000000	0.000000	0.000000	0.000000	0.984760	-0.067025	-0.041373	0.064774	-0.028981
	1.000000	0.000000	0.000000	0.000000	0.000000	0.873736	-0.065630	-0.004095	-0.068638	0.270095
	1.000000	0.000000	0.000000	0.000000	0.000000	0.972828	-0.076753	-0.053380	0.181592	-0.106004
	1.000000	0.000000	0.000000	0.000000	0.000000	0.875116	-0.050256	-0.000557	-0.061697	0.225910
	1.000000	0.000000	0.000000	0.000000	0.000000	0.970945	-0.084996	-0.005867	-0.055932	0.064902
	1.000000	0.000000	0.000000	0.000000	0.000000	0.878842	-0.067791	-0.062694	0.161625	0.027325
	1.000000	0.000000	0.000000	0.000000	0.000000	0.380478	0.157322	0.062288	-0.043521	0.413941
	0.000000	1.000000	0.000000	0.000000	0.000000	0.007830	1.018860	0.008344	-0.048349	-0.006521
	0.000000	1.000000	0.000000	0.000000	0.000000	-0.019914	1.024870	-0.028852	0.051731	-0.032983
	0.000000	1.000000	0.000000	0.000000	0.000000	-0.011987	1.044106	0.013440	-0.051602	-0.002456
	0.000000	1.000000	0.000000	0.000000	0.000000	-0.034482	1.019785	-0.038669	0.080774	-0.015177
	0.000000	1.000000	0.000000	0.000000	0.000000	0.028790	1.045772	0.003443	-0.064566	-0.018070
	0.000000	1.000000	0.000000	0.000000	0.000000	-0.016110	0.979875	-0.044300	0.074209	-0.012902
	0.000000	1.000000	0.000000	0.000000	0.000000	-0.003992	0.907619	-0.050717	0.042164	0.080919
	0.000000	1.000000	0.000000	0.000000	0.000000	-0.021116	0.931701	-0.051700	0.129742	-0.003639
	0.000000	1.000000	0.000000	0.000000	0.000000	-0.032412	1.055044	-0.009445	0.054839	-0.064113
	0.000000	1.000000	0.000000	0.000000	0.000000	-0.015079	1.023531	-0.030582	0.063949	-0.063380
	0.000000	1.000000	0.000000	0.000000	0.000000	0.016210	0.997032	0.001825	-0.030029	0.005044
	0.000000	1.000000	0.000000	0.000000	0.000000	-0.010684	1.055439	-0.031186	0.039651	-0.065445
	0.000000	1.000000	0.000000	0.000000	0.000000	-0.027316	1.017890	0.011874	-0.013139	0.004189
	0.000000	1.000000	0.000000	0.000000	0.000000	-0.007170	1.028458	-0.021917	0.006927	-0.011396
	0.000000	1.000000	0.000000	0.000000	0.000000	0.016981	0.988633	-0.036443	-0.013103	0.024088
	0.000000	1.000000	0.000000	0.000000	0.000000	-0.006811	1.053094	0.000417	-0.017558	-0.035820
	0.000000	1.000000	0.000000	0.000000	0.000000	0.056892	0.821790	-0.052484	-0.036822	0.153590
	0.000000	1.000000	0.000000	0.000000	0.000000	0.035762	0.931041	-0.058780	-0.009138	0.059030
	0.000000	1.000000	0.000000	0.000000	0.000000	-0.020230	0.994242	0.055961	-0.005972	-0.040881
	0.000000	1.000000	0.000000	0.000000	0.000000	0.026018	0.976812	-0.055083	-0.002731	0.022773
	0.000000	1.000000	0.000000	0.000000	0.000000	0.001151	1.065590	0.054433	-0.073170	-0.048575
	0.000000	1.000000	0.000000	0.000000	0.000000	-0.018868	0.831628	-0.066108	0.094063	0.147936
	0.000000	1.000000	0.000000	0.000000	0.000000	-0.025037	0.816577	-0.040515	0.060962	0.190814
	0.000000	1.000000	0.000000	0.000000	0.000000	0.026215	0.896348	0.127674	-0.150676	0.108746
	0.000000	1.000000	0.000000	0.000000	0.000000	0.015499	1.070081	-0.009101	-0.042534	-0.039432
	0.000000	1.000000	0.000000	0.000000	0.000000	0.112215	1.047513	-0.002782	-0.144029	-0.012504
	0.000000	1.000000	0.000000	0.000000	0.000000	0.042580	1.028032	0.061666	-0.113459	-0.019696
	0.000000	1.000000	0.000000	0.000000	0.000000	-0.084287	0.967843	-0.006613	0.134382	-0.010103
	0.000000	1.000000	0.000000	0.000000	0.000000	0.058539	0.883420	0.006952	-0.012949	0.013944
	0.000000	1.000000	0.000000	0.000000	0.000000	0.010093	0.915928	-0.003076	0.001529	0.022034
	0.000000	1.000000	0.000000	0.000000	0.000000	0.022980	0.992224	0.048400	-0.030530	-0.060678
	0.000000	1.000000	0.000000	0.000000	0.000000	0.072624	0.970099	-0.047193	-0.080747	0.054764
	0.000000	1.000000	0.000000	0.000000	0.000000	-0.032713	1.094497	-0.004638	0.024854	-0.066187
	0.000000	1.000000	0.000000	0.000000	0.000000	-0.037967	1.007984	0.033223	0.009763	-0.036228
	0.000000	1.000000	0.000000	0.000000	0.000000	-0.014181	0.359636	0.103606	0.319759	0.102204
	0.000000	1.000000	0.000000	0.000000	0.000000	0.013944	0.974919	-0.036289	-0.014507	0.045981
	0.000000	1.000000	0.000000	0.000000	0.000000	0.000126	1.009772	-0.036379	0.053541	-0.037274
	0.000000	1.000000	0.000000	0.000000	0.000000	-0.004996	1.051041	0.008527	-0.023829	-0.044218
	0.000000	1.000000	0.000000	0.000000	0.000000	-0.022126	1.082906	-0.015913	0.024686	-0.062558
	0.000000	0.000000	1.000000	0.000000	0.000000	0.017930	0.045274	1.006403	-0.055642	-0.040318
	0.000000	0.000000	1.000000	0.000000	0.000000	-0.092724	0.081790	0.970227	0.005451	-0.022553
	0.000000	0.000000	1.000000	0.000000	0.000000	-0.008024	0.019848	1.031510	-0.054405	-0.015741
	0.000000	0.000000	1.000000	0.000000	0.000000	-0.043827	0.037323	0.875617	0.099095	0.002299
	0.000000	0.000000	1.000000	0.000000	0.000000	0.010114	0.006536	1.045829	-0.065362	-0.014765
	0.000000	0.000000	1.000000	0.000000	0.000000	-0.111791	0.001312	0.866984	0.209919	0.043460
	0.000000	0.000000	1.000000	0.000000	0.000000	0.034931	-0.000770	1.021377	-0.062844	-0.008331
	0.000000	0.000000	1.000000	0.000000	0.000000	0.058714	0.022235	0.939543	0.007089	-0.038884
	0.000000	0.000000	1.000000	0.000000	0.000000	0.090707	0.045017	1.022343	-0.120292	-0.038449
	0.000000	0.000000	1.000000	0.000000	0.000000	-0.060337	-0.025653	0.939086	0.107160	0.035725
	0.000000	0.000000	1.000000	0.000000	0.000000	0.041121	0.073055	0.875692	0.019122	-0.044499
	0.000000	0.000000	1.000000	0.000000	0.000000	-0.017965	-0.018320	1.032869	-0.032561	0.017799
	0.000000	0.000000	1.000000	0.000000	0.000000	0.002309	-0.010157	1.014097	-0.082937	0.069922
	0.000000	0.000000	0.000000	1.000000	0.000000	-0.115538	0.072930	-0.014660	1.007385	0.024807
	0.000000	0.000000	0.000000	1.000000	0.000000	0.113989	0.067889	0.028522	0.730224	-0.001270
	0.000000	0.000000	0.000000	1.000000	0.000000	0.199287	0.136310	-0.040807	0.575228	0.097644
	0.000000	0.000000	0.000000	1.000000	0.000000	-0.131502	0.216500	-0.061560	0.856652	0.179112
	0.000000	0.000000	0.000000	1.000000	0.000000	0.101510	-0.002427	0.043805	0.799948	-0.006384
	0.000000	0.000000	0.000000	1.000000	0.000000	0.087596	0.030898	-0.009328	0.650199	0.126901
	0.000000	0.000000	0.000000	1.000000	0.000000	0.047587	-0.003980	0.124011	0.930330	-0.080774
	0.000000	0.000000	0.000000	1.000000	0.000000	-0.088220	0.297763	-0.077850	0.796400	0.096398
	0.000000	0.000000	0.000000	1.000000	0.000000	-0.084800	0.039768	-0.029693	0.925568	0.118518
	0.000000	0.000000	0.000000	1.000000	0.000000	-0.113574	0.033499	-0.058890	0.827729	0.322198
	0.000000	0.000000	0.000000	1.000000	0.000000	0.195122	0.008863	0.164037	0.861803	-0.139926
	0.000000	0.000000	0.000000	1.000000	0.000000	0.015289	0.014318	0.096374	0.957152	-0.079070
	0.000000	0.000000	0.000000	1.000000	0.000000	-0.030501	0.061977	-0.006071	0.940617	-0.008663
	0.000000	0.000000	0.000000	1.000000	0.000000	0.237081	0.000468	0.137444	0.948550	-0.165524
	0.000000	0.000000	0.000000	1.000000	0.000000	-0.078874	0.036032	-0.008004	1.040876	-0.020824
	0.000000	0.000000	0.000000	1.000000	0.000000	0.035567	0.025260	0.074685	0.980930	-0.096252
	0.000000	0.000000	0.000000	0.000000	1.000000	0.002599	-0.001282	0.009393	-0.007896	1.010826
	0.000000	0.000000	0.000000	0.000000	1.000000	0.053761	-0.027550	-0.004201	0.028194	0.960422
	0.000000	0.000000	0.000000	0.000000	1.000000	0.044997	0.049205	0.046906	-0.048676	0.932795
	0.000000	0.000000	0.000000	0.000000	1.000000	0.021667	-0.071932	-0.035618	0.122703	0.952936
	0.000000	0.000000	0.000000	0.000000	1.000000	0.107331	0.009287	0.005539	-0.046011	0.922718
	0.000000	0.000000	0.000000	0.000000	1.000000	0.037433	0.089157	-0.002264	-0.087280	0.954867
	0.000000	0.000000	0.000000	0.000000	1.000000	-0.012256	0.018566	-0.010617	-0.027997	1.026397
	0.000000	0.000000	0.000000	0.000000	1.000000	0.029048	-0.031226	0.005935	-0.021451	1.020611
	0.000000	0.000000	0.000000	0.000000	1.000000	-0.033131	-0.045971	-0.016445	0.010523	1.083619
	0.000000	0.000000	0.000000	0.000000	1.000000	-0.000829	0.061232	-0.034709	-0.013511	0.968317
	0.000000	0.000000	0.000000	0.000000	1.000000	-0.033221	0.001375	-0.026251	0.046349	1.009408
	0.000000	0.000000	0.000000	0.000000	1.000000	-0.017026	-0.021437	-0.013376	-0.012409	1.058718
	0.000000	0.000000	0.000000	0.000000	1.000000	0.016097	0.053342	-0.017228	-0.058460	0.996689
	0.000000	0.000000	0.000000	0.000000	1.000000	-0.012663	-0.015538	-0.005486	-0.026508	1.057292
	0.000000	0.000000	0.000000	0.000000	1.000000	0.003965	-0.011942	-0.010922	-0.022088	1.035649
	0.000000	0.000000	0.000000	0.000000	1.000000	-0.003277	0.001319	-0.018154	0.024497	0.991987
	0.000000	0.000000	0.000000	0.000000	1.000000	-0.007119	0.098994	-0.031930	0.003666	0.925775
	0.000000	0.000000	0.000000	0.000000	1.000000	0.065008	-0.026561	-0.017261	0.071181	0.898527
	0.000000	0.000000	0.000000	0.000000	1.000000	0.003725	-0.017432	-0.016896	0.097505	0.936225
	0.000000	0.000000	0.000000	0.000000	1.000000	0.017231	0.056731	-0.001718	-0.006617	0.929247
	0.000000	0.000000	0.000000	0.000000	1.000000	-0.006250	0.016810	0.006782	-0.050352	1.038722
	0.000000	0.000000	0.000000	0.000000	1.000000	0.002582	-0.041291	0.002767	-0.022255	1.063764
	0.000000	0.000000	0.000000	0.000000	1.000000	-0.007202	0.010823	-0.013626	-0.034559	1.039599
	0.000000	0.000000	0.000000	0.000000	1.000000	0.070350	-0.022230	0.011015	-0.039733	1.001339
	0.000000	0.000000	0.000000	0.000000	1.000000	0.003232	-0.006965	0.007769	-0.044503	1.043411
	0.000000	0.000000	0.000000	0.000000	1.000000	-0.025655	-0.028509	-0.003515	-0.004014	1.063817
	0.000000	0.000000	0.000000	0.000000	1.000000	0.039324	0.004305	0.020208	-0.079858	1.028098
	0.000000	0.000000	0.000000	0.000000	1.000000	0.018393	0.104987	-0.028906	-0.033418	0.918584
	0.000000	0.000000	0.000000	0.000000	1.000000	0.003106	-0.030164	0.010774	0.000269	1.025990
	0.000000	0.000000	0.000000	0.000000	1.000000	-0.034038	-0.063524	-0.003227	0.019172	1.068777
	0.000000	0.000000	0.000000	0.000000	1.000000	0.009521	-0.003066	0.014005	-0.039532	1.027939
	0.000000	0.000000	0.000000	0.000000	1.000000	-0.019628	-0.065743	-0.014028	0.014791	1.084773
	0.000000	0.000000	0.000000	0.000000	1.000000	-0.026656	-0.017439	-0.025361	0.008924	1.056640
	0.000000	0.000000	0.000000	0.000000	1.000000	0.007157	0.034619	-0.021652	-0.024396	0.996439
	0.000000	0.000000	0.000000	0.000000	1.000000	0.242601	-0.018070	-0.003779	0.047425	0.729201
	0.000000	0.000000	0.000000	0.000000	1.000000	0.036465	0.062015	0.015484	-0.078850	0.976379
	0.000000	0.000000	0.000000	0.000000	1.000000	-0.002253	-0.039903	0.000593	-0.017325	1.060649
	0.000000	0.000000	0.000000	0.000000	1.000000	-0.034216	-0.038491	-0.022200	0.013141	1.077671
	0.000000	0.000000	0.000000	0.000000	1.000000	0.011825	0.028394	-0.023691	-0.049382	1.017928
	0.000000	0.000000	0.000000	0.000000	1.000000	0.007873	-0.052123	-0.004348	-0.014357	1.065301
	0.000000	0.000000	0.000000	0.000000	1.000000	0.036849	0.146606	-0.023406	-0.052634	0.870957
	0.000000	0.000000	0.000000	0.000000	1.000000	0.014487	0.077209	-0.017300	-0.001648	0.907719
	0.000000	0.000000	0.000000	0.000000	1.000000	-0.032701	-0.039387	-0.011306	0.015514	1.071773
	0.000000	0.000000	0.000000	0.000000	1.000000	-0.010258	0.003589	-0.008212	-0.022491	1.038322
	0.000000	0.000000	0.000000	0.000000	1.000000	-0.016507	0.011295	-0.014004	-0.012630	1.031975
	0.000000	0.000000	0.000000	0.000000	1.000000	0.008198	0.018497	0.011471	-0.008360	0.978939
	0.000000	0.000000	0.000000	0.000000	1.000000	0.012368	0.070027	0.005670	-0.067218	0.983515
	0.000000	0.000000	0.000000	0.000000	1.000000	0.032055	-0.015720	-0.001786	-0.015012	0.991453
	0.000000	0.000000	0.000000	0.000000	1.000000	-0.027091	0.141277	-0.002465	0.038495	0.869106
	0.000000	0.000000	0.000000	0.000000	1.000000	0.001599	0.055555	-0.020826	-0.021478	0.965963
	0.000000	0.000000	0.000000	0.000000	1.000000	-0.006493	0.045775	-0.027837	0.008596	0.960757
	0.000000	0.000000	0.000000	0.000000	1.000000	0.301310	-0.003959	-0.002718	0.153254	0.530533
	0.000000	0.000000	0.000000	0.000000	1.000000	-0.028350	0.047205	0.069847	0.006724	0.906537
	0.000000	0.000000	0.000000	0.000000	1.000000	0.133571	0.004254	0.070975	-0.107415	0.894367
	0.000000	0.000000	0.000000	0.000000	1.000000	-0.011837	0.177874	0.028510	-0.054085	0.889696
	0.000000	0.000000	0.000000	0.000000	1.000000	0.026552	-0.019009	0.048370	0.013996	0.893750
	0.000000	0.000000	0.000000	0.000000	1.000000	-0.060472	0.024071	0.016391	0.101866	0.971139
	0.000000	0.000000	0.000000	0.000000	1.000000	-0.012539	-0.000915	-0.009171	-0.032178	1.051914
	0.000000	0.000000	0.000000	0.000000	1.000000	0.042103	-0.043072	0.045158	-0.066528	1.008460
	0.000000	0.000000	0.000000	0.000000	1.000000	0.049563	0.009754	0.023320	-0.103547	1.035259
	0.000000	0.000000	0.000000	0.000000	1.000000	0.163897	0.016118	0.043960	-0.083902	0.892783
	0.000000	0.000000	0.000000	0.000000	1.000000	-0.012164	0.028606	-0.014441	-0.014978	1.011715
	0.000000	0.000000	0.000000	0.000000	1.000000	0.068567	-0.024414	0.038656	-0.116579	1.056008
	0.000000	0.000000	0.000000	0.000000	1.000000	0.070261	-0.038938	0.029796	-0.099636	1.056017
	0.000000	0.000000	0.000000	0.000000	1.000000	0.007421	0.085876	0.058411	0.070015	0.719551
	1.000000	0.000000	0.000000	0.000000	0.000000	0.493893	-0.069538	-0.071288	0.256014	0.337403
	1.000000	0.000000	0.000000	0.000000	0.000000	0.502591	-0.076057	-0.033196	0.066258	0.427431
	1.000000	0.000000	0.000000	0.000000	0.000000	0.639671	-0.057623	-0.054059	0.165003	0.268922
	1.000000	0.000000	0.000000	0.000000	0.000000	0.897355	-0.058034	0.016881	-0.110033	0.308224
	1.000000	0.000000	0.000000	0.000000	0.000000	0.724975	-0.084258	-0.071848	0.201267	0.145078
	1.000000	0.000000	0.000000	0.000000	0.000000	0.806334	-0.069126	-0.036619	0.044906	0.233187
	1.000000	0.000000	0.000000	0.000000	0.000000	0.792198	-0.082158	-0.056894	0.122664	0.177259
	1.000000	0.000000	0.000000	0.000000	0.000000	0.810577	-0.024964	-0.032743	0.208425	0.006779
	1.000000	0.000000	0.000000	0.000000	0.000000	0.817512	-0.057101	-0.062384	0.196972	0.056600
	1.000000	0.000000	0.000000	0.000000	0.000000	0.310766	-0.048430	-0.025775	0.064335	0.704835
	1.000000	0.000000	0.000000	0.000000	0.000000	0.198646	0.416815	0.014319	0.259512	0.027602
	1.000000	0.000000	0.000000	0.000000	0.000000	0.564495	-0.074848	-0.024752	0.019027	0.531104
	1.000000	0.000000	0.000000	0.000000	0.000000	0.356260	-0.046895	0.024180	-0.088012	0.757374
	1.000000	0.000000	0.000000	0.000000	0.000000	0.346850	-0.000297	0.043384	-0.030215	0.663680
	1.000000	0.000000	0.000000	0.000000	0.000000	0.674527	-0.077324	-0.032095	0.102847	0.195964
	1.000000	0.000000	0.000000	0.000000	0.000000	0.617446	-0.069633	0.016538	0.223630	0.057319
	0.000000	1.000000	0.000000	0.000000	0.000000	0.004790	1.047918	0.014675	0.009243	-0.095602
	0.000000	1.000000	0.000000	0.000000	0.000000	0.002549	0.908415	-0.089734	0.093502	0.052162
	0.000000	1.000000	0.000000	0.000000	0.000000	0.017224	0.896390	0.158368	-0.006219	-0.128540
	0.000000	1.000000	0.000000	0.000000	0.000000	-0.035086	0.973707	0.029768	0.046595	-0.082499
	0.000000	1.000000	0.000000	0.000000	0.000000	-0.015816	0.964573	-0.072500	0.099895	0.009747
	0.000000	1.000000	0.000000	0.000000	0.000000	0.108933	0.730208	0.059952	-0.109946	0.205651
	0.000000	1.000000	0.000000	0.000000	0.000000	0.022895	0.651094	-0.060785	0.049517	0.259990
	0.000000	1.000000	0.000000	0.000000	0.000000	-0.084304	0.567659	-0.089619	0.254145	0.405205
	0.000000	1.000000	0.000000	0.000000	0.000000	0.002210	1.024439	-0.031342	0.011912	-0.018642
	0.000000	1.000000	0.000000	0.000000	0.000000	-0.001243	1.041738	-0.029866	0.008735	-0.030381
	0.000000	1.000000	0.000000	0.000000	0.000000	0.036319	1.050996	0.043062	-0.094713	-0.039001
	0.000000	1.000000	0.000000	0.000000	0.000000	0.060047	0.917893	-0.065580	-0.041712	0.084218
	0.000000	1.000000	0.000000	0.000000	0.000000	-0.000039	1.001084	-0.054605	0.041860	-0.005283
	0.000000	1.000000	0.000000	0.000000	0.000000	0.012927	0.974867	-0.050948	0.018359	0.021190
	0.000000	1.000000	0.000000	0.000000	0.000000	-0.151956	0.917563	-0.080232	0.488396	-0.039836
	0.000000	1.000000	0.000000	0.000000	0.000000	-0.135642	0.695705	0.404978	-0.139966	0.303649
	0.000000	1.000000	0.000000	0.000000	0.000000	0.002298	1.034468	-0.028534	0.009260	-0.028527
	0.000000	1.000000	0.000000	0.000000	0.000000	-0.005218	1.034506	0.021123	-0.072076	0.010288
	0.000000	1.000000	0.000000	0.000000	0.000000	-0.036207	1.081618	0.005418	0.024443	-0.071256
	0.000000	1.000000	0.000000	0.000000	0.000000	0.179187	0.917481	0.000488	-0.090169	-0.023448
	0.000000	1.000000	0.000000	0.000000	0.000000	-0.007066	1.037334	-0.035345	0.032734	-0.040817
	0.000000	1.000000	0.000000	0.000000	0.000000	0.052849	0.935395	-0.046701	-0.045702	0.067012
	0.000000	1.000000	0.000000	0.000000	0.000000	-0.011905	1.029876	0.016588	-0.060735	0.013465
	0.000000	1.000000	0.000000	0.000000	0.000000	-0.009376	1.015109	-0.014251	0.000490	0.008937
	0.000000	1.000000	0.000000	0.000000	0.000000	-0.011569	1.072696	-0.011207	0.020164	-0.069147
	0.000000	1.000000	0.000000	0.000000	0.000000	-0.028459	0.855989	-0.065246	0.096115	0.142072
	0.000000	1.000000	0.000000	0.000000	0.000000	0.069736	0.973008	-0.009956	-0.124926	0.070081
	0.000000	1.000000	0.000000	0.000000	0.000000	0.021267	0.964683	-0.032422	0.006091	0.020183
	0.000000	1.000000	0.000000	0.000000	0.000000	-0.003789	1.045370	-0.027888	0.006564	-0.026360
	0.000000	1.000000	0.000000	0.000000	0.000000	-0.002121	0.905995	-0.024839	0.017617	0.081168
	0.000000	1.000000	0.000000	0.000000	0.000000	-0.073740	0.877752	-0.072406	0.286935	0.002619
	0.000000	1.000000	0.000000	0.000000	0.000000	-0.044200	0.878614	-0.028916	0.146432	0.016891
	0.000000	1.000000	0.000000	0.000000	0.000000	-0.008813	1.040985	-0.001205	-0.010542	-0.034313
	0.000000	1.000000	0.000000	0.000000	0.000000	-0.021425	1.088032	-0.006848	0.016046	-0.073042
	0.000000	1.000000	0.000000	0.000000	0.000000	-0.166736	0.728705	0.381931	-0.088690	0.192804
	0.000000	0.000000	1.000000	0.000000	0.000000	-0.099262	-0.004067	0.972127	-0.029285	0.164427
	0.000000	0.000000	1.000000	0.000000	0.000000	0.040390	-0.021518	0.945262	0.048548	-0.027174
	0.000000	0.000000	1.000000	0.000000	0.000000	0.045972	0.051775	1.043468	-0.125942	-0.032615
	0.000000	0.000000	1.000000	0.000000	0.000000	0.034012	0.062938	0.884996	-0.015952	-0.008848
	0.000000	0.000000	1.000000	0.000000	0.000000	-0.122005	0.082738	0.910342	0.060553	0.022489
	0.000000	0.000000	1.000000	0.000000	0.000000	0.058233	0.059355	0.919577	0.013941	-0.068396
	0.000000	0.000000	1.000000	0.000000	0.000000	-0.037682	0.020136	0.567950	0.480679	-0.023850
	0.000000	0.000000	1.000000	0.000000	0.000000	-0.038282	0.078354	0.980531	0.005644	-0.068410
	0.000000	0.000000	1.000000	0.000000	0.000000	0.018543	-0.022430	1.022892	-0.047626	0.007249
	0.000000	0.000000	1.000000	0.000000	0.000000	0.049566	0.000761	0.841887	0.133267	-0.036432
	0.000000	0.000000	1.000000	0.000000	0.000000	0.283024	0.116807	0.837439	-0.087992	-0.090921
	0.000000	0.000000	1.000000	0.000000	0.000000	0.083166	-0.033193	0.832664	0.135593	-0.031434
	0.000000	0.000000	1.000000	0.000000	0.000000	0.051772	0.010539	1.050135	-0.108287	-0.019297
	0.000000	0.000000	1.000000	0.000000	0.000000	-0.261558	0.214491	0.142939	0.846084	0.261391
	0.000000	0.000000	1.000000	0.000000	0.000000	-0.017322	-0.011306	1.015672	-0.036596	0.029635
	0.000000	0.000000	1.000000	0.000000	0.000000	0.050515	0.058538	1.040690	-0.140816	-0.013710
	0.000000	0.000000	0.000000	1.000000	0.000000	0.211798	0.072184	0.217258	0.700391	-0.143254
	0.000000	0.000000	0.000000	1.000000	0.000000	0.026132	-0.020092	-0.013732	0.560339	0.335035
	0.000000	0.000000	0.000000	1.000000	0.000000	-0.204202	0.180419	-0.064071	0.933763	0.279313
	0.000000	0.000000	0.000000	1.000000	0.000000	-0.137916	0.108965	-0.044767	1.025692	0.023151
	0.000000	0.000000	0.000000	1.000000	0.000000	0.079494	-0.035338	0.049704	0.852855	-0.006556
	0.000000	0.000000	0.000000	1.000000	0.000000	-0.101756	0.053891	-0.061677	0.892252	0.204576
	0.000000	0.000000	0.000000	1.000000	0.000000	0.102012	0.024038	-0.015843	0.758409	0.046464
	0.000000	0.000000	0.000000	1.000000	0.000000	0.127610	0.028951	0.094503	0.888671	-0.109370
	0.000000	0.000000	0.000000	1.000000	0.000000	-0.130173	0.018605	0.085322	0.996034	0.025725
	0.000000	0.000000	0.000000	1.000000	0.000000	-0.137645	0.071200	-0.054251	1.013635	0.093548
	0.000000	0.000000	0.000000	1.000000	0.000000	0.157567	0.008719	0.236267	0.821239	-0.132731
	0.000000	0.000000	0.000000	1.000000	0.000000	0.011302	0.002817	0.094356	0.975845	-0.072990
	0.000000	0.000000	0.000000	1.000000	0.000000	-0.190310	0.036833	0.032468	1.081869	0.052686
	0.000000	0.000000	0.000000	1.000000	0.000000	0.079835	-0.050862	0.516718	0.648219	-0.097509
	0.000000	0.000000	0.000000	1.000000	0.000000	0.074167	0.061402	0.312266	0.652106	-0.088673
	0.000000	0.000000	0.000000	0.000000	1.000000	0.038244	-0.010376	0.015190	-0.027813	1.004489
	0.000000	0.000000	0.000000	0.000000	1.000000	-0.038621	0.007725	0.001515	0.076920	0.987884
	0.000000	0.000000	0.000000	0.000000	1.000000	-0.018972	-0.010157	-0.006621	-0.013220	1.049021
	0.000000	0.000000	0.000000	0.000000	1.000000	0.045670	0.015119	0.010718	-0.083933	1.016421
	0.000000	0.000000	0.000000	0.000000	1.000000	0.038760	0.058215	0.000658	-0.030176	0.924433
	0.000000	0.000000	0.000000	0.000000	1.000000	0.033735	-0.052926	0.009808	-0.050192	1.067254
	0.000000	0.000000	0.000000	0.000000	1.000000	-0.016930	-0.007227	-0.021705	0.112414	0.935513
	0.000000	0.000000	0.000000	0.000000	1.000000	0.013946	0.004935	-0.000655	-0.042920	1.027468
	0.000000	0.000000	0.000000	0.000000	1.000000	0.165359	-0.001580	0.058132	-0.108778	0.934169
	0.000000	0.000000	0.000000	0.000000	1.000000	0.426429	-0.068252	-0.035384	0.096004	0.519979
	0.000000	0.000000	0.000000	0.000000	1.000000	-0.007015	0.020843	-0.022576	-0.014559	1.013422
	0.000000	0.000000	0.000000	0.000000	1.000000	0.011403	-0.012609	0.038906	-0.075093	1.056825
	0.000000	0.000000	0.000000	0.000000	1.000000	0.000003	0.017567	-0.008807	-0.046233	1.030046
	0.000000	0.000000	0.000000	0.000000	1.000000	-0.030515	-0.066510	-0.016800	0.026609	1.091417
	0.000000	0.000000	0.000000	0.000000	1.000000	0.012040	0.032179	-0.012894	-0.046797	1.004898
	0.000000	0.000000	0.000000	0.000000	1.000000	-0.009928	-0.075573	-0.041710	0.136379	0.997687
	0.000000	0.000000	0.000000	0.000000	1.000000	0.012755	-0.011656	0.011859	-0.013698	1.012929
	0.000000	0.000000	0.000000	0.000000	1.000000	-0.058270	0.088173	-0.018194	0.080570	0.929585
	0.000000	0.000000	0.000000	0.000000	1.000000	0.019969	0.032896	0.016017	-0.093644	1.029702
	0.000000	0.000000	0.000000	0.000000	1.000000	-0.023802	-0.001990	-0.026666	0.122032	0.930353
	0.000000	0.000000	0.000000	0.000000	1.000000	0.032022	-0.018292	-0.009249	-0.038580	1.030009
	0.000000	0.000000	0.000000	0.000000	1.000000	0.001635	-0.008610	-0.006588	-0.055014	1.059181
	0.000000	0.000000	0.000000	0.000000	1.000000	0.090236	0.000005	0.044706	-0.123634	1.027920
	0.000000	0.000000	0.000000	0.000000	1.000000	0.035443	-0.026043	0.001986	-0.000519	1.001246
	0.000000	0.000000	0.000000	0.000000	1.000000	0.019865	0.022294	0.006032	-0.078479	1.031578
	0.000000	0.000000	0.000000	0.000000	1.000000	0.036708	-0.019281	0.027242	-0.101894	1.060543
	0.000000	0.000000	0.000000	0.000000	1.000000	0.011466	-0.041076	0.013486	-0.056705	1.077478
	0.000000	0.000000	0.000000	0.000000	1.000000	0.107149	-0.028753	-0.024783	0.112315	0.810705
	0.000000	0.000000	0.000000	0.000000	1.000000	0.016692	-0.062158	0.004204	-0.037729	1.079761
	0.000000	0.000000	0.000000	0.000000	1.000000	-0.020593	-0.030913	-0.010306	-0.002411	1.066065
	0.000000	0.000000	0.000000	0.000000	1.000000	-0.045131	-0.061964	-0.025305	0.078020	1.071688
	0.000000	0.000000	0.000000	0.000000	1.000000	-0.000435	0.001556	-0.024280	-0.002437	1.017128
	0.000000	0.000000	0.000000	0.000000	1.000000	0.004178	-0.027853	-0.004669	-0.044286	1.070677
	0.000000	0.000000	0.000000	0.000000	1.000000	-0.020665	-0.012615	-0.018375	-0.015376	1.059219
	0.000000	0.000000	0.000000	0.000000	1.000000	0.045841	-0.039055	0.005166	-0.004870	1.005465
	0.000000	0.000000	0.000000	0.000000	1.000000	0.007730	0.134335	-0.026009	-0.020216	0.886178
	0.000000	0.000000	0.000000	0.000000	1.000000	0.038461	0.051687	0.013840	-0.102375	1.006500
	0.000000	0.000000	0.000000	0.000000	1.000000	0.013811	0.149558	-0.017774	-0.041202	0.886086
	0.000000	0.000000	0.000000	0.000000	1.000000	0.000860	0.093543	-0.016650	-0.037715	0.954384
	0.000000	0.000000	0.000000	0.000000	1.000000	0.004776	0.041228	0.006932	-0.036769	0.984654
	0.000000	0.000000	0.000000	0.000000	1.000000	0.032961	0.102488	-0.042596	-0.059546	0.942428
	0.000000	0.000000	0.000000	0.000000	1.000000	-0.003526	0.057141	-0.011550	-0.008240	0.965797
	0.000000	0.000000	0.000000	0.000000	1.000000	-0.008385	-0.061709	-0.017414	0.028624	1.061721
	0.000000	0.000000	0.000000	0.000000	1.000000	0.067404	0.015501	0.023923	-0.085265	0.994061
	0.000000	0.000000	0.000000	0.000000	1.000000	-0.041251	-0.015685	-0.004600	0.015924	1.059623
	0.000000	0.000000	0.000000	0.000000	1.000000	0.016228	0.018643	0.013578	-0.092054	1.045791
	0.000000	0.000000	0.000000	0.000000	1.000000	-0.006411	-0.035184	-0.006954	-0.010220	1.061041
	0.000000	0.000000	0.000000	0.000000	1.000000	-0.006709	0.023242	-0.002109	-0.015534	1.001269
	0.000000	0.000000	0.000000	0.000000	1.000000	0.054599	0.102538	-0.002417	-0.109724	0.958704
	0.000000	0.000000	0.000000	0.000000	1.000000	-0.015718	-0.031798	0.000327	0.000117	1.051866
	0.000000	0.000000	0.000000	0.000000	1.000000	0.068165	-0.022324	0.027173	-0.099532	1.047945
	0.000000	0.000000	0.000000	0.000000	1.000000	-0.018539	0.014030	-0.009754	-0.028768	1.040292
	0.000000	0.000000	0.000000	0.000000	1.000000	0.015893	0.023390	-0.016437	-0.038208	0.992304
	0.000000	0.000000	0.000000	0.000000	1.000000	-0.004270	-0.000605	-0.013047	-0.033959	1.042087
	0.000000	0.000000	0.000000	0.000000	1.000000	-0.056572	-0.005229	0.052614	0.025156	1.000817
	0.000000	0.000000	0.000000	0.000000	1.000000	-0.003328	-0.000785	-0.004128	-0.002767	1.010826
	0.000000	0.000000	0.000000	0.000000	1.000000	0.039333	0.040578	0.011629	-0.084279	1.000999
	0.000000	0.000000	0.000000	0.000000	1.000000	-0.002608	-0.046967	-0.004730	0.003947	1.050169
	0.000000	0.000000	0.000000	0.000000	1.000000	0.145716	-0.018898	0.071213	-0.166158	1.043827
	0.000000	0.000000	0.000000	0.000000	1.000000	0.059225	-0.026819	0.028650	-0.106017	1.062448
	0.000000	0.000000	0.000000	0.000000	1.000000	0.037480	-0.022876	0.016117	-0.063251	1.043198
