	1.000000	0.000000	0.000000	0.000000	0.000000	0.746228	-0.158156	0.039872	0.000807	0.279584
	1.000000	0.000000	0.000000	0.000000	0.000000	0.825072	-0.178812	-0.024703	0.087700	0.229445
	1.000000	0.000000	0.000000	0.000000	0.000000	0.910507	-0.205899	-0.003193	0.077557	0.086955
	1.000000	0.000000	0.000000	0.000000	0.000000	0.898091	-0.182872	-0.020882	0.098067	0.114873
	1.000000	0.000000	0.000000	0.000000	0.000000	0.796518	-0.167357	-0.021742	0.097151	0.240011
	1.000000	0.000000	0.000000	0.000000	0.000000	0.786603	-0.167030	0.008985	0.032864	0.268042
	1.000000	0.000000	0.000000	0.000000	0.000000	0.739732	-0.152664	-0.027024	0.160194	0.227019
	1.000000	0.000000	0.000000	0.000000	0.000000	0.842184	-0.173002	-0.025289	0.171394	0.101887
	1.000000	0.000000	0.000000	0.000000	0.000000	0.682274	-0.162681	-0.012274	0.039706	0.403721
	1.000000	0.000000	0.000000	0.000000	0.000000	0.830332	-0.167870	-0.033098	0.325719	0.002932
	1.000000	0.000000	0.000000	0.000000	0.000000	0.735176	-0.154576	0.008822	0.023124	0.331269
	1.000000	0.000000	0.000000	0.000000	0.000000	0.806684	-0.184800	0.001622	0.092195	0.177477
	1.000000	0.000000	0.000000	0.000000	0.000000	0.793973	-0.156822	-0.029315	0.202168	0.121790
	1.000000	0.000000	0.000000	0.000000	0.000000	0.239564	0.067307	0.088422	-0.009602	0.465381
	0.000000	1.000000	0.000000	0.000000	0.000000	-0.008961	0.986103	0.025783	-0.058507	0.010441
	0.000000	1.000000	0.000000	0.000000	0.000000	-0.001178	1.026854	-0.034267	0.042756	-0.051638
	0.000000	1.000000	0.000000	0.000000	0.000000	-0.038691	1.026583	0.009251	-0.012619	0.029324
	0.000000	1.000000	0.000000	0.000000	0.000000	-0.010448	1.030589	-0.037602	0.054748	-0.023331
	0.000000	1.000000	0.000000	0.000000	0.000000	0.061998	1.014647	0.018830	-0.123580	-0.029056
	0.000000	1.000000	0.000000	0.000000	0.000000	-0.010288	0.977292	-0.050013	0.090005	-0.015350
	0.000000	1.000000	0.000000	0.000000	0.000000	0.001324	0.898067	-0.050652	0.044008	0.098960
	0.000000	1.000000	0.000000	0.000000	0.000000	0.008846	0.926494	-0.050729	0.115686	-0.025202
	0.000000	1.000000	0.000000	0.000000	0.000000	0.003282	1.058436	0.007842	-0.014382	-0.093982
	0.000000	1.000000	0.000000	0.000000	0.000000	-0.016153	1.023331	-0.037354	0.087752	-0.074609
	0.000000	1.000000	0.000000	0.000000	0.000000	0.006909	0.933401	0.030864	-0.031517	0.024903
	0.000000	1.000000	0.000000	0.000000	0.000000	-0.019672	1.065554	-0.059456	0.111062	-0.080643
	0.000000	1.000000	0.000000	0.000000	0.000000	-0.056906	0.990500	0.033189	0.012648	0.039989
	0.000000	1.000000	0.000000	0.000000	0.000000	0.013558	1.029247	-0.032235	-0.011557	-0.022528
	0.000000	1.000000	0.000000	0.000000	0.000000	0.033231	0.987221	-0.044398	-0.024269	0.014250
	0.000000	1.000000	0.000000	0.000000	0.000000	0.007738	1.045891	0.006471	-0.054173	-0.047020
	0.000000	1.000000	0.000000	0.000000	0.000000	0.042136	0.804141	-0.063204	0.005435	0.151274
	0.000000	1.000000	0.000000	0.000000	0.000000	0.029237	0.929822	-0.084363	0.052137	0.053207
	0.000000	1.000000	0.000000	0.000000	0.000000	0.013884	0.949158	0.106357	-0.074580	-0.065228
	0.000000	1.000000	0.000000	0.000000	0.000000	0.022547	0.976873	-0.083540	0.056162	0.023481
	0.000000	1.000000	0.000000	0.000000	0.000000	0.020916	1.028398	0.097224	-0.135035	-0.068897
	0.000000	1.000000	0.000000	0.000000	0.000000	0.037981	0.860891	-0.073164	0.035539	0.109097
	0.000000	1.000000	0.000000	0.000000	0.000000	0.012915	0.809279	-0.030315	0.003903	0.192828
	0.000000	1.000000	0.000000	0.000000	0.000000	-0.028724	0.795250	0.204263	-0.170737	0.148726
	0.000000	1.000000	0.000000	0.000000	0.000000	0.038348	1.068201	-0.007054	-0.084461	-0.053190
	0.000000	1.000000	0.000000	0.000000	0.000000	0.097592	0.999287	-0.032737	-0.123475	-0.000278
	0.000000	1.000000	0.000000	0.000000	0.000000	0.040048	0.964297	0.101829	-0.155679	-0.023792
	0.000000	1.000000	0.000000	0.000000	0.000000	-0.124465	0.928987	0.038897	0.214294	0.048606
	0.000000	1.000000	0.000000	0.000000	0.000000	0.023378	0.778713	0.007348	0.067830	0.034755
	0.000000	1.000000	0.000000	0.000000	0.000000	-0.006909	0.883460	0.007136	0.011549	0.027779
	0.000000	1.000000	0.000000	0.000000	0.000000	0.026641	0.949657	0.081261	-0.079435	-0.072592
	0.000000	1.000000	0.000000	0.000000	0.000000	0.072317	0.969153	-0.069649	-0.062632	0.054349
	0.000000	1.000000	0.000000	0.000000	0.000000	-0.015097	1.116474	-0.001808	-0.009233	-0.089219
	0.000000	1.000000	0.000000	0.000000	0.000000	-0.035110	0.984043	0.069508	-0.027255	-0.042699
	0.000000	1.000000	0.000000	0.000000	0.000000	-0.090902	0.228647	0.192178	0.391517	0.279081
	0.000000	1.000000	0.000000	0.000000	0.000000	0.010684	0.962277	-0.023378	-0.025134	0.072125
	0.000000	1.000000	0.000000	0.000000	0.000000	0.047644	1.007773	-0.047681	0.038287	-0.081871
	0.000000	1.000000	0.000000	0.000000	0.000000	0.004805	1.040734	0.016624	-0.052481	-0.061807
	0.000000	1.000000	0.000000	0.000000	0.000000	-0.016189	1.101259	-0.037080	0.050449	-0.082100
	0.000000	0.000000	1.000000	0.000000	0.000000	0.003461	0.009847	1.013754	-0.032741	-0.101646
	0.000000	0.000000	1.000000	0.000000	0.000000	-0.097908	0.052482	1.004381	0.025710	-0.062985
	0.000000	0.000000	1.000000	0.000000	0.000000	-0.006565	-0.003830	1.038354	-0.033642	-0.103906
	0.000000	0.000000	1.000000	0.000000	0.000000	-0.035275	0.038031	0.883855	0.073535	-0.042631
	0.000000	0.000000	1.000000	0.000000	0.000000	0.002722	-0.015890	1.041925	-0.022103	-0.109686
	0.000000	0.000000	1.000000	0.000000	0.000000	-0.100339	0.033231	0.866896	0.185479	-0.007098
	0.000000	0.000000	1.000000	0.000000	0.000000	0.049181	-0.025966	1.014723	-0.049134	-0.104750
	0.000000	0.000000	1.000000	0.000000	0.000000	0.080183	0.006309	0.915878	0.039386	-0.116803
	0.000000	0.000000	1.000000	0.000000	0.000000	0.067181	-0.009642	1.024352	-0.096813	-0.105500
	0.000000	0.000000	1.000000	0.000000	0.000000	-0.047886	-0.014950	0.938403	0.092432	-0.036479
	0.000000	0.000000	1.000000	0.000000	0.000000	0.091121	0.053001	0.837103	0.035372	-0.108404
	0.000000	0.000000	1.000000	0.000000	0.000000	0.014863	-0.027544	1.036095	-0.040671	-0.098962
	0.000000	0.000000	1.000000	0.000000	0.000000	0.028918	-0.040652	1.035390	-0.111910	-0.026225
	0.000000	0.000000	0.000000	1.000000	0.000000	-0.029976	0.133405	0.069979	0.795416	0.089446
	0.000000	0.000000	0.000000	1.000000	0.000000	0.063735	0.058219	0.113797	0.584376	0.130016
	0.000000	0.000000	0.000000	1.000000	0.000000	0.370836	0.089021	0.019313	0.371492	0.074780
	0.000000	0.000000	0.000000	1.000000	0.000000	-0.007123	0.258027	0.016692	0.581236	0.171198
	0.000000	0.000000	0.000000	1.000000	0.000000	0.223413	-0.005574	0.141181	0.518228	0.046361
	0.000000	0.000000	0.000000	1.000000	0.000000	0.283669	-0.019959	0.089500	0.400647	0.126351
	0.000000	0.000000	0.000000	1.000000	0.000000	0.247368	0.021284	0.177085	0.737675	-0.087949
	0.000000	0.000000	0.000000	1.000000	0.000000	-0.002016	0.332964	-0.006709	0.551951	0.135856
	0.000000	0.000000	0.000000	1.000000	0.000000	0.059206	0.081355	0.091035	0.591828	0.133398
	0.000000	0.000000	0.000000	1.000000	0.000000	-0.021688	0.067271	0.011440	0.524476	0.403618
	0.000000	0.000000	0.000000	1.000000	0.000000	0.314934	0.035360	0.160808	0.766520	-0.126832
	0.000000	0.000000	0.000000	1.000000	0.000000	0.159222	0.059703	0.139065	0.776942	-0.061120
	0.000000	0.000000	0.000000	1.000000	0.000000	0.011234	0.105565	0.059639	0.779331	0.079917
	0.000000	0.000000	0.000000	1.000000	0.000000	0.427833	0.030229	0.107050	0.826581	-0.156680
	0.000000	0.000000	0.000000	1.000000	0.000000	0.064441	0.119820	0.055217	0.835269	-0.007381
	0.000000	0.000000	0.000000	1.000000	0.000000	0.177250	0.074597	0.118759	0.812012	-0.077120
	0.000000	0.000000	0.000000	0.000000	1.000000	0.058911	-0.013261	0.021349	-0.066289	0.980857
	0.000000	0.000000	0.000000	0.000000	1.000000	0.113945	-0.043878	-0.002536	-0.012093	0.912903
	0.000000	0.000000	0.000000	0.000000	1.000000	0.062733	0.014920	0.062957	-0.071036	0.907282
	0.000000	0.000000	0.000000	0.000000	1.000000	0.132402	-0.090816	-0.031395	0.071387	0.882264
	0.000000	0.000000	0.000000	0.000000	1.000000	0.126423	-0.023197	-0.018415	0.011695	0.865871
	0.000000	0.000000	0.000000	0.000000	1.000000	0.029653	0.052367	0.004721	-0.072913	0.970766
	0.000000	0.000000	0.000000	0.000000	1.000000	0.021269	0.002780	0.005287	-0.067276	1.034228
	0.000000	0.000000	0.000000	0.000000	1.000000	0.051938	-0.045782	-0.000897	-0.032340	1.008200
	0.000000	0.000000	0.000000	0.000000	1.000000	0.013594	-0.039269	-0.022855	-0.027924	1.079133
	0.000000	0.000000	0.000000	0.000000	1.000000	0.015361	0.065477	-0.045910	0.003458	0.969975
	0.000000	0.000000	0.000000	0.000000	1.000000	-0.005226	0.020683	-0.033646	0.039648	0.995422
	0.000000	0.000000	0.000000	0.000000	1.000000	0.021704	-0.017453	-0.020627	-0.043909	1.053737
	0.000000	0.000000	0.000000	0.000000	1.000000	0.075006	0.061522	-0.032135	-0.089253	0.960036
	0.000000	0.000000	0.000000	0.000000	1.000000	0.028008	-0.016465	-0.009594	-0.059275	1.047750
	0.000000	0.000000	0.000000	0.000000	1.000000	0.052175	-0.012436	-0.020235	-0.046627	1.008075
	0.000000	0.000000	0.000000	0.000000	1.000000	0.055767	0.007991	-0.025567	0.000383	0.942195
	0.000000	0.000000	0.000000	0.000000	1.000000	0.038361	0.115211	-0.035708	-0.026469	0.893264
	0.000000	0.000000	0.000000	0.000000	1.000000	0.098732	-0.035233	-0.016887	0.053366	0.858142
	0.000000	0.000000	0.000000	0.000000	1.000000	0.057920	-0.014879	-0.010854	0.053649	0.889320
	0.000000	0.000000	0.000000	0.000000	1.000000	0.047611	0.045471	0.001468	-0.025752	0.898186
	0.000000	0.000000	0.000000	0.000000	1.000000	0.055822	0.011575	0.026161	-0.119778	1.013920
	0.000000	0.000000	0.000000	0.000000	1.000000	0.072895	-0.051535	0.020953	-0.089382	1.036523
	0.000000	0.000000	0.000000	0.000000	1.000000	0.062637	0.023584	-0.017368	-0.098660	1.009809
	0.000000	0.000000	0.000000	0.000000	1.000000	0.138300	-0.047159	0.009181	-0.075566	0.956086
	0.000000	0.000000	0.000000	0.000000	1.000000	0.042967	-0.017953	0.003251	-0.065865	1.023715
	0.000000	0.000000	0.000000	0.000000	1.000000	0.021038	-0.026715	-0.004081	-0.039164	1.047081
	0.000000	0.000000	0.000000	0.000000	1.000000	0.056442	-0.026679	0.006497	-0.073878	1.022342
	0.000000	0.000000	0.000000	0.000000	1.000000	0.045629	0.113323	-0.040625	-0.036139	0.891064
	0.000000	0.000000	0.000000	0.000000	1.000000	0.073312	-0.047712	0.023030	-0.051385	0.988424
	0.000000	0.000000	0.000000	0.000000	1.000000	-0.003002	-0.062564	0.000752	0.008056	1.046721
	0.000000	0.000000	0.000000	0.000000	1.000000	0.060354	-0.017945	0.024941	-0.087147	1.000445
	0.000000	0.000000	0.000000	0.000000	1.000000	0.038203	-0.067837	-0.014623	-0.035777	1.070469
	0.000000	0.000000	0.000000	0.000000	1.000000	0.020482	-0.008129	-0.031997	-0.028432	1.052865
	0.000000	0.000000	0.000000	0.000000	1.000000	0.063313	0.042204	-0.032708	-0.056875	0.962725
	0.000000	0.000000	0.000000	0.000000	1.000000	0.300969	-0.062352	-0.000367	0.051320	0.654103
	0.000000	0.000000	0.000000	0.000000	1.000000	0.095718	0.053163	0.031118	-0.139534	0.931369
	0.000000	0.000000	0.000000	0.000000	1.000000	0.042461	-0.046318	-0.001401	-0.055882	1.046622
	0.000000	0.000000	0.000000	0.000000	1.000000	0.007951	-0.031029	-0.028465	-0.016934	1.077345
	0.000000	0.000000	0.000000	0.000000	1.000000	0.051604	0.015495	-0.029726	-0.069674	1.018462
	0.000000	0.000000	0.000000	0.000000	1.000000	0.052334	-0.061563	-0.011311	-0.047516	1.052325
	0.000000	0.000000	0.000000	0.000000	1.000000	0.064927	0.151712	-0.032992	-0.061601	0.830814
	0.000000	0.000000	0.000000	0.000000	1.000000	0.042089	0.092864	-0.023284	-0.012135	0.858664
	0.000000	0.000000	0.000000	0.000000	1.000000	0.018332	-0.033500	-0.015545	-0.026007	1.057390
	0.000000	0.000000	0.000000	0.000000	1.000000	0.036681	-0.000748	-0.003122	-0.069049	1.029904
	0.000000	0.000000	0.000000	0.000000	1.000000	0.057333	0.025888	-0.013506	-0.078980	0.992921
	0.000000	0.000000	0.000000	0.000000	1.000000	0.048831	0.007764	0.022139	-0.051936	0.947362
	0.000000	0.000000	0.000000	0.000000	1.000000	0.046496	0.057516	0.007685	-0.098336	0.967931
	0.000000	0.000000	0.000000	0.000000	1.000000	0.054182	-0.031364	-0.011388	0.010867	0.958546
	0.000000	0.000000	0.000000	0.000000	1.000000	0.042842	0.167460	0.007108	-0.030708	0.784993
	0.000000	0.000000	0.000000	0.000000	1.000000	-0.001189	0.055650	-0.028015	0.009699	0.971563
	0.000000	0.000000	0.000000	0.000000	1.000000	0.003178	0.058095	-0.035030	0.026417	0.951278
	0.000000	0.000000	0.000000	0.000000	1.000000	0.461644	-0.073194	0.040462	0.057448	0.433689
	0.000000	0.000000	0.000000	0.000000	1.000000	0.010613	0.019352	0.078230	0.029450	0.822865
	0.000000	0.000000	0.000000	0.000000	1.000000	0.103613	-0.043505	0.057215	-0.027917	0.829690
	0.000000	0.000000	0.000000	0.000000	1.000000	0.003583	0.168517	0.061424	-0.080358	0.861499
	0.000000	0.000000	0.000000	0.000000	1.000000	0.050958	-0.045951	0.029585	0.088200	0.815880
	0.000000	0.000000	0.000000	0.000000	1.000000	-0.002929	0.030181	0.041075	0.029486	0.933835
	0.000000	0.000000	0.000000	0.000000	1.000000	0.053672	-0.000760	0.001341	-0.105498	1.035008
	0.000000	0.000000	0.000000	0.000000	1.000000	0.062994	-0.069753	0.035397	-0.033334	0.953488
	0.000000	0.000000	0.000000	0.000000	1.000000	0.084771	-0.023311	0.020971	-0.123812	1.022772
	0.000000	0.000000	0.000000	0.000000	1.000000	0.145755	-0.039042	0.027151	-0.040375	0.871237
	0.000000	0.000000	0.000000	0.000000	1.000000	0.045899	0.045744	-0.012725	-0.081035	0.980375
	0.000000	0.000000	0.000000	0.000000	1.000000	0.086274	-0.062840	0.041603	-0.132826	1.048879
	0.000000	0.000000	0.000000	0.000000	1.000000	0.091673	-0.073330	0.031742	-0.115971	1.046493
	0.000000	0.000000	0.000000	0.000000	1.000000	0.011149	0.063095	0.077967	0.117407	0.655883
	1.000000	0.000000	0.000000	0.000000	0.000000	0.547282	-0.131621	-0.029043	0.145918	0.410025
	1.000000	0.000000	0.000000	0.000000	0.000000	0.406278	-0.134770	-0.034466	0.176522	0.488203
	1.000000	0.000000	0.000000	0.000000	0.000000	0.564747	-0.127140	-0.042809	0.180529	0.372063
	1.000000	0.000000	0.000000	0.000000	0.000000	0.721076	-0.166082	-0.011508	0.023631	0.391098
	1.000000	0.000000	0.000000	0.000000	0.000000	0.636089	-0.150777	-0.047937	0.232509	0.259182
	1.000000	0.000000	0.000000	0.000000	0.000000	0.694801	-0.156119	-0.031326	0.113536	0.331468
	1.000000	0.000000	0.000000	0.000000	0.000000	0.712913	-0.159254	-0.032509	0.158489	0.262509
	1.000000	0.000000	0.000000	0.000000	0.000000	0.736398	-0.130447	-0.015141	0.248698	0.101742
	1.000000	0.000000	0.000000	0.000000	0.000000	0.712101	-0.139923	-0.034374	0.229088	0.178632
	1.000000	0.000000	0.000000	0.000000	0.000000	0.325604	-0.095087	-0.039870	0.101362	0.669397
	1.000000	0.000000	0.000000	0.000000	0.000000	0.105905	0.307565	0.084231	0.222438	0.139408
	1.000000	0.000000	0.000000	0.000000	0.000000	0.478463	-0.141983	-0.027178	0.065192	0.598435
	1.000000	0.000000	0.000000	0.000000	0.000000	0.281729	-0.110402	-0.002419	0.019192	0.738710
	1.000000	0.000000	0.000000	0.000000	0.000000	0.300531	-0.059064	0.063572	-0.021238	0.644485
	1.000000	0.000000	0.000000	0.000000	0.000000	0.561782	-0.149395	-0.019825	0.207017	0.294837
	1.000000	0.000000	0.000000	0.000000	0.000000	0.668573	-0.152393	0.058216	0.210447	0.096572
	0.000000	1.000000	0.000000	0.000000	0.000000	0.043394	1.019755	0.040193	-0.047056	-0.125534
	0.000000	1.000000	0.000000	0.000000	0.000000	0.001995	0.918427	-0.123007	0.202088	0.060649
	0.000000	1.000000	0.000000	0.000000	0.000000	-0.007220	0.763949	0.315397	-0.076920	-0.084170
	0.000000	1.000000	0.000000	0.000000	0.000000	-0.073870	0.957923	0.061636	0.055421	-0.058936
	0.000000	1.000000	0.000000	0.000000	0.000000	-0.011824	0.969170	-0.102343	0.181528	0.019450
	0.000000	1.000000	0.000000	0.000000	0.000000	0.083178	0.626036	0.094755	-0.132935	0.217997
	0.000000	1.000000	0.000000	0.000000	0.000000	-0.014088	0.615428	-0.061744	0.132852	0.316234
	0.000000	1.000000	0.000000	0.000000	0.000000	-0.079076	0.537356	-0.061269	0.250217	0.556553
	0.000000	1.000000	0.000000	0.000000	0.000000	0.020989	1.024689	-0.040328	0.006417	-0.035524
	0.000000	1.000000	0.000000	0.000000	0.000000	0.005638	1.050153	-0.052409	0.033977	-0.044672
	0.000000	1.000000	0.000000	0.000000	0.000000	0.051088	1.005013	0.073936	-0.147996	-0.054310
	0.000000	1.000000	0.000000	0.000000	0.000000	0.046502	0.914534	-0.090260	0.018675	0.093496
	0.000000	1.000000	0.000000	0.000000	0.000000	0.016046	1.016293	-0.069074	0.052228	-0.021915
	0.000000	1.000000	0.000000	0.000000	0.000000	0.026985	0.978045	-0.069175	0.043963	0.003401
	0.000000	1.000000	0.000000	0.000000	0.000000	-0.138300	0.963878	-0.055554	0.486408	-0.044983
	0.000000	1.000000	0.000000	0.000000	0.000000	-0.205127	0.430627	0.575322	-0.051368	0.498616
	0.000000	1.000000	0.000000	0.000000	0.000000	0.026497	1.040133	-0.035443	-0.008407	-0.055451
	0.000000	1.000000	0.000000	0.000000	0.000000	-0.037093	1.014112	0.024369	-0.040401	0.040306
	0.000000	1.000000	0.000000	0.000000	0.000000	-0.023387	1.089989	0.016664	-0.009281	-0.094636
	0.000000	1.000000	0.000000	0.000000	0.000000	0.084467	0.798290	0.021294	-0.048947	0.033917
	0.000000	1.000000	0.000000	0.000000	0.000000	-0.003093	1.046931	-0.055052	0.064702	-0.056454
	0.000000	1.000000	0.000000	0.000000	0.000000	0.056201	0.931958	-0.061013	-0.028804	0.049086
	0.000000	1.000000	0.000000	0.000000	0.000000	-0.040072	1.014601	0.023683	-0.035441	0.043920
	0.000000	1.000000	0.000000	0.000000	0.000000	-0.006780	1.001125	0.003176	-0.021624	0.021232
	0.000000	1.000000	0.000000	0.000000	0.000000	0.020281	1.075241	-0.019192	-0.002833	-0.104760
	0.000000	1.000000	0.000000	0.000000	0.000000	0.018293	0.890605	-0.079186	0.053905	0.123549
	0.000000	1.000000	0.000000	0.000000	0.000000	0.008552	0.924573	-0.014407	-0.066817	0.130157
	0.000000	1.000000	0.000000	0.000000	0.000000	0.060643	0.954366	-0.041309	-0.015179	-0.017257
	0.000000	1.000000	0.000000	0.000000	0.000000	0.009722	1.053628	-0.040816	0.001935	-0.033842
	0.000000	1.000000	0.000000	0.000000	0.000000	-0.002976	0.874896	-0.016083	0.018659	0.097807
	0.000000	1.000000	0.000000	0.000000	0.000000	-0.056513	0.881602	-0.061505	0.274392	0.018848
	0.000000	1.000000	0.000000	0.000000	0.000000	-0.033825	0.875013	-0.019217	0.134200	0.012800
	0.000000	1.000000	0.000000	0.000000	0.000000	-0.010349	1.030331	0.001428	-0.014753	-0.040790
	0.000000	1.000000	0.000000	0.000000	0.000000	-0.017316	1.101749	-0.022674	0.036644	-0.098892
	0.000000	1.000000	0.000000	0.000000	0.000000	-0.184713	0.620860	0.488435	-0.076909	0.248700
	0.000000	0.000000	1.000000	0.000000	0.000000	-0.054978	-0.006435	1.007441	-0.094966	0.046116
	0.000000	0.000000	1.000000	0.000000	0.000000	0.084080	-0.026453	0.882357	0.120151	-0.118858
	0.000000	0.000000	1.000000	0.000000	0.000000	0.016271	-0.008806	1.060629	-0.094865	-0.098467
	0.000000	0.000000	1.000000	0.000000	0.000000	-0.018710	0.033343	0.896550	-0.021880	-0.007026
	0.000000	0.000000	1.000000	0.000000	0.000000	-0.118407	0.078122	0.964166	0.005969	-0.012679
	0.000000	0.000000	1.000000	0.000000	0.000000	0.064515	0.032630	0.899293	0.041599	-0.117789
	0.000000	0.000000	1.000000	0.000000	0.000000	0.080219	0.046423	0.596958	0.353149	-0.083945
	0.000000	0.000000	1.000000	0.000000	0.000000	-0.027484	0.046374	0.990153	0.034970	-0.121021
	0.000000	0.000000	1.000000	0.000000	0.000000	0.022274	-0.049942	1.014046	-0.019737	-0.083720
	0.000000	0.000000	1.000000	0.000000	0.000000	0.090394	-0.006787	0.808747	0.148672	-0.096685
	0.000000	0.000000	1.000000	0.000000	0.000000	0.235512	0.023830	0.843488	-0.072618	-0.109340
	0.000000	0.000000	1.000000	0.000000	0.000000	0.136626	-0.046117	0.807029	0.129186	-0.099410
	0.000000	0.000000	1.000000	0.000000	0.000000	0.047171	-0.027993	1.034023	-0.062758	-0.114222
	0.000000	0.000000	1.000000	0.000000	0.000000	-0.226849	0.371594	0.297208	0.508806	0.289987
	0.000000	0.000000	1.000000	0.000000	0.000000	0.003566	-0.026363	1.030468	-0.061902	-0.068255
	0.000000	0.000000	1.000000	0.000000	0.000000	-0.012146	-0.006645	1.060750	-0.104582	-0.060953
	0.000000	0.000000	0.000000	1.000000	0.000000	0.301537	0.064331	0.210399	0.650441	-0.128631
	0.000000	0.000000	0.000000	1.000000	0.000000	0.170605	-0.015044	0.066062	0.341714	0.297808
	0.000000	0.000000	0.000000	1.000000	0.000000	-0.147252	0.296606	0.017572	0.670384	0.328204
	0.000000	0.000000	0.000000	1.000000	0.000000	0.007167	0.214242	0.027333	0.794846	0.011899
	0.000000	0.000000	0.000000	1.000000	0.000000	0.241883	-0.039835	0.140143	0.604816	0.019796
	0.000000	0.000000	0.000000	1.000000	0.000000	0.056411	0.098625	0.025755	0.635749	0.167185
	0.000000	0.000000	0.000000	1.000000	0.000000	0.173748	-0.000726	0.066590	0.529997	0.152058
	0.000000	0.000000	0.000000	1.000000	0.000000	0.200056	0.058722	0.136055	0.754650	-0.071045
	0.000000	0.000000	0.000000	1.000000	0.000000	0.014723	0.089213	0.159047	0.773274	0.020417
	0.000000	0.000000	0.000000	1.000000	0.000000	-0.093845	0.169736	0.036181	0.775830	0.194100
	0.000000	0.000000	0.000000	1.000000	0.000000	0.185515	0.035404	0.263565	0.751040	-0.105307
	0.000000	0.000000	0.000000	1.000000	0.000000	0.201342	0.049331	0.144888	0.779065	-0.078619
	0.000000	0.000000	0.000000	1.000000	0.000000	-0.020856	0.134266	0.132156	0.851564	0.005618
	0.000000	0.000000	0.000000	1.000000	0.000000	0.228898	-0.001235	0.396102	0.666299	-0.142579
	0.000000	0.000000	0.000000	1.000000	0.000000	0.231604	0.069190	0.342875	0.517533	-0.117857
	0.000000	0.000000	0.000000	0.000000	1.000000	0.114448	-0.029399	0.022822	-0.082241	0.952106
	0.000000	0.000000	0.000000	0.000000	1.000000	0.028967	0.009872	0.020885	-0.011027	0.953105
	0.000000	0.000000	0.000000	0.000000	1.000000	0.019592	-0.009593	-0.010447	-0.043210	1.041230
	0.000000	0.000000	0.000000	0.000000	1.000000	0.096106	-0.003447	0.006013	-0.108270	0.978756
	0.000000	0.000000	0.000000	0.000000	1.000000	0.049555	0.040398	-0.000021	-0.024963	0.903118
	0.000000	0.000000	0.000000	0.000000	1.000000	0.082485	-0.073647	0.009859	-0.088080	1.052354
	0.000000	0.000000	0.000000	0.000000	1.000000	0.019906	0.001333	-0.021214	0.097286	0.893261
	0.000000	0.000000	0.000000	0.000000	1.000000	0.073894	0.000518	-0.002951	-0.090791	0.995773
	0.000000	0.000000	0.000000	0.000000	1.000000	0.194900	-0.058183	0.075657	-0.115813	0.881837
	0.000000	0.000000	0.000000	0.000000	1.000000	0.543419	-0.143257	-0.015069	0.089283	0.464537
	0.000000	0.000000	0.000000	0.000000	1.000000	0.045554	0.032718	-0.033979	-0.041205	0.981799
	0.000000	0.000000	0.000000	0.000000	1.000000	0.053931	-0.032352	0.057327	-0.123428	1.033367
	0.000000	0.000000	0.000000	0.000000	1.000000	0.037289	0.012388	-0.013427	-0.074645	1.023141
	0.000000	0.000000	0.000000	0.000000	1.000000	0.029607	-0.062925	-0.019106	-0.030583	1.079208
	0.000000	0.000000	0.000000	0.000000	1.000000	0.033741	0.028024	-0.025888	-0.046892	0.998067
	0.000000	0.000000	0.000000	0.000000	1.000000	0.078128	-0.078299	-0.040053	0.074943	0.955610
	0.000000	0.000000	0.000000	0.000000	1.000000	0.065390	-0.023684	0.016889	-0.055178	0.975511
	0.000000	0.000000	0.000000	0.000000	1.000000	-0.019077	0.092636	-0.007539	0.042217	0.916252
	0.000000	0.000000	0.000000	0.000000	1.000000	0.053466	0.005980	0.020442	-0.118922	1.022089
	0.000000	0.000000	0.000000	0.000000	1.000000	0.032447	0.018249	-0.017777	0.065980	0.871563
	0.000000	0.000000	0.000000	0.000000	1.000000	0.078048	-0.025075	-0.023823	-0.057341	1.001532
	0.000000	0.000000	0.000000	0.000000	1.000000	0.051939	-0.015125	-0.009771	-0.097919	1.049287
	0.000000	0.000000	0.000000	0.000000	1.000000	0.100702	-0.047176	0.044958	-0.126090	1.023157
	0.000000	0.000000	0.000000	0.000000	1.000000	0.095456	-0.040213	0.004729	-0.045850	0.964171
	0.000000	0.000000	0.000000	0.000000	1.000000	0.070565	0.006061	0.004296	-0.116627	1.013849
	0.000000	0.000000	0.000000	0.000000	1.000000	0.035382	-0.048388	0.014021	-0.083188	1.062199
	0.000000	0.000000	0.000000	0.000000	1.000000	0.039089	-0.055276	0.004667	-0.068305	1.071197
	0.000000	0.000000	0.000000	0.000000	1.000000	0.155058	-0.046256	-0.012597	0.074808	0.767303
	0.000000	0.000000	0.000000	0.000000	1.000000	0.096948	-0.084366	0.018296	-0.100095	1.052249
	0.000000	0.000000	0.000000	0.000000	1.000000	0.048165	-0.025667	-0.009897	-0.067654	1.041211
	0.000000	0.000000	0.000000	0.000000	1.000000	0.024121	-0.048628	-0.028481	0.014459	1.046396
	0.000000	0.000000	0.000000	0.000000	1.000000	0.039775	0.005521	-0.026553	-0.042631	1.007300
	0.000000	0.000000	0.000000	0.000000	1.000000	0.074828	-0.030293	-0.005259	-0.106609	1.050355
	0.000000	0.000000	0.000000	0.000000	1.000000	0.020869	-0.008769	-0.028880	-0.040536	1.057749
	0.000000	0.000000	0.000000	0.000000	1.000000	0.105494	-0.059023	0.012337	-0.053515	0.971575
	0.000000	0.000000	0.000000	0.000000	1.000000	0.012315	0.122740	-0.026762	-0.005950	0.894864
	0.000000	0.000000	0.000000	0.000000	1.000000	0.076995	0.028740	0.013637	-0.124944	0.984024
	0.000000	0.000000	0.000000	0.000000	1.000000	0.020995	0.131363	-0.014249	-0.036746	0.892116
	0.000000	0.000000	0.000000	0.000000	1.000000	0.020061	0.077389	-0.007505	-0.055990	0.967293
	0.000000	0.000000	0.000000	0.000000	1.000000	0.022145	0.033058	0.012354	-0.051877	0.970993
	0.000000	0.000000	0.000000	0.000000	1.000000	0.066374	0.106348	-0.065351	-0.053620	0.933334
	0.000000	0.000000	0.000000	0.000000	1.000000	0.040766	0.067110	-0.018074	-0.039667	0.929334
	0.000000	0.000000	0.000000	0.000000	1.000000	0.038987	-0.062382	-0.024685	-0.003320	1.046515
	0.000000	0.000000	0.000000	0.000000	1.000000	0.099308	-0.018508	0.017188	-0.084141	0.957127
	0.000000	0.000000	0.000000	0.000000	1.000000	0.038552	-0.010146	0.005750	-0.070434	1.029954
	0.000000	0.000000	0.000000	0.000000	1.000000	0.059453	-0.000928	0.018146	-0.129730	1.034471
	0.000000	0.000000	0.000000	0.000000	1.000000	0.039118	-0.044387	-0.001892	-0.059868	1.056878
	0.000000	0.000000	0.000000	0.000000	1.000000	0.021393	0.015795	-0.002945	-0.033875	0.990171
	0.000000	0.000000	0.000000	0.000000	1.000000	0.089044	0.078831	-0.020936	-0.113714	0.939580
	0.000000	0.000000	0.000000	0.000000	1.000000	0.030925	-0.036911	-0.001626	-0.033277	1.033181
	0.000000	0.000000	0.000000	0.000000	1.000000	0.099441	-0.058471	0.027447	-0.122246	1.039027
	0.000000	0.000000	0.000000	0.000000	1.000000	0.019224	0.009674	-0.012757	-0.055702	1.042343
	0.000000	0.000000	0.000000	0.000000	1.000000	0.000857	0.023807	-0.030738	0.006992	1.000580
	0.000000	0.000000	0.000000	0.000000	1.000000	0.028362	-0.000512	-0.024051	-0.052484	1.038328
	0.000000	0.000000	0.000000	0.000000	1.000000	-0.009528	-0.010656	0.058168	0.010637	0.931074
	0.000000	0.000000	0.000000	0.000000	1.000000	0.022940	-0.006425	-0.006435	-0.014743	0.997745
	0.000000	0.000000	0.000000	0.000000	1.000000	0.090027	0.020809	0.013521	-0.117677	0.968335
	0.000000	0.000000	0.000000	0.000000	1.000000	0.036120	-0.050101	-0.003537	-0.032425	1.036201
	0.000000	0.000000	0.000000	0.000000	1.000000	0.141647	-0.076650	0.070871	-0.167188	1.035392
	0.000000	0.000000	0.000000	0.000000	1.000000	0.089663	-0.061452	0.034190	-0.134361	1.056179
	0.000000	0.000000	0.000000	0.000000	1.000000	0.102803	-0.045925	0.025578	-0.112168	1.010104
