	1.000000	0.000000	0.000000	0.000000	0.000000	0.245098	-0.092515	0.079278	0.233777	0.423064
	1.000000	0.000000	0.000000	0.000000	0.000000	0.296492	-0.155485	0.023150	0.220851	0.557693
	1.000000	0.000000	0.000000	0.000000	0.000000	0.377121	-0.201867	0.087558	0.314865	0.311676
	1.000000	0.000000	0.000000	0.000000	0.000000	0.319079	-0.159930	0.050292	0.255047	0.466029
	1.000000	0.000000	0.000000	0.000000	0.000000	0.270147	-0.134948	0.008725	0.199368	0.605445
	1.000000	0.000000	0.000000	0.000000	0.000000	0.292356	-0.155336	0.020792	0.214448	0.568795
	1.000000	0.000000	0.000000	0.000000	0.000000	0.276186	-0.144157	0.007841	0.204856	0.609068
	1.000000	0.000000	0.000000	0.000000	0.000000	0.342019	-0.179625	0.055035	0.275535	0.440075
	1.000000	0.000000	0.000000	0.000000	0.000000	0.254321	-0.143011	-0.017697	0.176417	0.692776
	1.000000	0.000000	0.000000	0.000000	0.000000	0.377420	-0.196304	0.092292	0.328624	0.301575
	1.000000	0.000000	0.000000	0.000000	0.000000	0.265011	-0.131644	0.002531	0.195910	0.620475
	1.000000	0.000000	0.000000	0.000000	0.000000	0.359880	-0.192169	0.077849	0.302507	0.361266
	1.000000	0.000000	0.000000	0.000000	0.000000	0.298070	-0.143210	0.050559	0.248246	0.469512
	1.000000	0.000000	0.000000	0.000000	0.000000	0.055480	0.233109	0.059252	0.117664	0.448445
	0.000000	1.000000	0.000000	0.000000	0.000000	-0.106097	0.992628	0.024022	-0.018632	0.063080
	0.000000	1.000000	0.000000	0.000000	0.000000	-0.099441	1.009974	0.013463	-0.010604	0.054426
	0.000000	1.000000	0.000000	0.000000	0.000000	-0.096228	0.948107	0.012356	-0.002383	0.124948
	0.000000	1.000000	0.000000	0.000000	0.000000	-0.085696	0.968297	-0.006192	-0.010142	0.131869
	0.000000	1.000000	0.000000	0.000000	0.000000	-0.107857	1.047500	0.013644	-0.033124	0.027600
	0.000000	1.000000	0.000000	0.000000	0.000000	-0.087670	0.945230	0.002557	-0.003447	0.119189
	0.000000	1.000000	0.000000	0.000000	0.000000	-0.069890	0.851813	-0.037588	-0.015366	0.264001
	0.000000	1.000000	0.000000	0.000000	0.000000	-0.077313	0.897542	0.028570	0.019197	0.109769
	0.000000	1.000000	0.000000	0.000000	0.000000	-0.118267	1.071943	0.045342	-0.022739	-0.044429
	0.000000	1.000000	0.000000	0.000000	0.000000	-0.102463	1.008418	0.029752	-0.003482	0.031929
	0.000000	1.000000	0.000000	0.000000	0.000000	-0.076445	0.860155	0.071299	0.031211	0.110015
	0.000000	1.000000	0.000000	0.000000	0.000000	-0.106198	1.057745	-0.010391	-0.024820	0.053998
	0.000000	1.000000	0.000000	0.000000	0.000000	-0.078416	0.862072	0.036527	0.016150	0.172683
	0.000000	1.000000	0.000000	0.000000	0.000000	-0.097744	1.023385	-0.017049	-0.027974	0.085661
	0.000000	1.000000	0.000000	0.000000	0.000000	-0.087667	0.983509	-0.027896	-0.024370	0.136039
	0.000000	1.000000	0.000000	0.000000	0.000000	-0.116519	1.069911	0.018741	-0.032166	0.001372
	0.000000	1.000000	0.000000	0.000000	0.000000	-0.062362	0.816918	-0.035511	-0.004260	0.276352
	0.000000	1.000000	0.000000	0.000000	0.000000	-0.068133	0.888751	-0.061810	-0.020561	0.259576
	0.000000	1.000000	0.000000	0.000000	0.000000	-0.102173	0.964587	0.128302	0.024607	-0.067962
	0.000000	1.000000	0.000000	0.000000	0.000000	-0.071351	0.923820	-0.069388	-0.027235	0.243020
	0.000000	1.000000	0.000000	0.000000	0.000000	-0.129149	1.080722	0.082263	-0.024493	-0.086647
	0.000000	1.000000	0.000000	0.000000	0.000000	-0.058513	0.827919	-0.048230	-0.010747	0.296733
	0.000000	1.000000	0.000000	0.000000	0.000000	-0.052263	0.762351	-0.044587	-0.010387	0.357347
	0.000000	1.000000	0.000000	0.000000	0.000000	-0.104956	0.926200	0.094602	0.001453	0.022187
	0.000000	1.000000	0.000000	0.000000	0.000000	-0.114510	1.110994	-0.008912	-0.046004	0.001316
	0.000000	1.000000	0.000000	0.000000	0.000000	-0.080255	0.979800	-0.041520	-0.020976	0.160953
	0.000000	1.000000	0.000000	0.000000	0.000000	-0.119862	1.035557	0.078302	-0.016106	-0.048860
	0.000000	1.000000	0.000000	0.000000	0.000000	-0.078458	0.784718	0.090728	0.047099	0.160683
	0.000000	1.000000	0.000000	0.000000	0.000000	-0.038399	0.691615	0.093847	0.087561	0.148359
	0.000000	1.000000	0.000000	0.000000	0.000000	-0.087248	0.900123	0.049449	0.016070	0.079978
	0.000000	1.000000	0.000000	0.000000	0.000000	-0.111761	1.003988	0.091238	0.001046	-0.049391
	0.000000	1.000000	0.000000	0.000000	0.000000	-0.069394	0.956994	-0.084050	-0.040958	0.238496
	0.000000	1.000000	0.000000	0.000000	0.000000	-0.126976	1.144375	0.017475	-0.042278	-0.058058
	0.000000	1.000000	0.000000	0.000000	0.000000	-0.108431	0.988789	0.091809	0.011666	-0.032159
	0.000000	1.000000	0.000000	0.000000	0.000000	0.129356	0.129788	0.231920	0.268826	0.115844
	0.000000	1.000000	0.000000	0.000000	0.000000	-0.073155	0.887898	-0.018832	-0.011243	0.235605
	0.000000	1.000000	0.000000	0.000000	0.000000	-0.089815	0.992769	0.014436	-0.002629	0.049897
	0.000000	1.000000	0.000000	0.000000	0.000000	-0.119965	1.072883	0.037848	-0.023791	-0.030040
	0.000000	1.000000	0.000000	0.000000	0.000000	-0.111785	1.107649	-0.012097	-0.033867	0.013195
	0.000000	0.000000	1.000000	0.000000	0.000000	0.108853	0.237638	0.589536	0.365935	-0.215820
	0.000000	0.000000	1.000000	0.000000	0.000000	0.094316	0.276527	0.600887	0.367412	-0.223809
	0.000000	0.000000	1.000000	0.000000	0.000000	0.112936	0.210530	0.611467	0.385211	-0.223024
	0.000000	0.000000	1.000000	0.000000	0.000000	0.122943	0.196715	0.529104	0.365052	-0.179684
	0.000000	0.000000	1.000000	0.000000	0.000000	0.122039	0.191522	0.606694	0.395059	-0.218837
	0.000000	0.000000	1.000000	0.000000	0.000000	0.135779	0.155448	0.506609	0.375110	-0.154854
	0.000000	0.000000	1.000000	0.000000	0.000000	0.135493	0.163235	0.579351	0.394406	-0.206028
	0.000000	0.000000	1.000000	0.000000	0.000000	0.168483	0.118016	0.528762	0.414847	-0.179221
	0.000000	0.000000	1.000000	0.000000	0.000000	0.122489	0.193389	0.583987	0.370921	-0.213362
	0.000000	0.000000	1.000000	0.000000	0.000000	0.147367	0.120953	0.521616	0.388467	-0.161743
	0.000000	0.000000	1.000000	0.000000	0.000000	0.125029	0.229085	0.537651	0.372615	-0.197869
	0.000000	0.000000	1.000000	0.000000	0.000000	0.128587	0.176124	0.593084	0.394357	-0.214807
	0.000000	0.000000	1.000000	0.000000	0.000000	0.156687	0.101856	0.537260	0.392513	-0.177532
	0.000000	0.000000	0.000000	1.000000	0.000000	0.174286	0.044568	0.212807	0.294770	0.149503
	0.000000	0.000000	0.000000	1.000000	0.000000	0.252201	-0.097481	0.169552	0.303450	0.225643
	0.000000	0.000000	0.000000	1.000000	0.000000	0.102838	0.196551	0.116531	0.187067	0.296014
	0.000000	0.000000	0.000000	1.000000	0.000000	0.080807	0.244511	0.144393	0.193074	0.239317
	0.000000	0.000000	0.000000	1.000000	0.000000	0.251228	-0.061359	0.246567	0.340441	0.090016
	0.000000	0.000000	0.000000	1.000000	0.000000	0.302401	-0.134675	0.148706	0.313978	0.242148
	0.000000	0.000000	0.000000	1.000000	0.000000	0.253240	-0.035440	0.320475	0.396416	-0.010579
	0.000000	0.000000	0.000000	1.000000	0.000000	0.038550	0.352797	0.097256	0.143800	0.292632
	0.000000	0.000000	0.000000	1.000000	0.000000	0.247024	-0.052888	0.225359	0.332542	0.116613
	0.000000	0.000000	0.000000	1.000000	0.000000	0.215341	-0.077773	0.070461	0.226544	0.449480
	0.000000	0.000000	0.000000	1.000000	0.000000	0.221169	0.035362	0.357725	0.399098	-0.052395
	0.000000	0.000000	0.000000	1.000000	0.000000	0.202203	0.037599	0.318416	0.365234	-0.009566
	0.000000	0.000000	0.000000	1.000000	0.000000	0.195694	-0.004633	0.192264	0.297306	0.186523
	0.000000	0.000000	0.000000	1.000000	0.000000	0.243549	0.003713	0.351057	0.412366	-0.048619
	0.000000	0.000000	0.000000	1.000000	0.000000	0.166621	0.097572	0.265838	0.322287	0.053631
	0.000000	0.000000	0.000000	1.000000	0.000000	0.202861	0.045722	0.310330	0.365429	0.000649
	0.000000	0.000000	0.000000	0.000000	1.000000	0.075818	0.051429	-0.108354	0.021939	0.962724
	0.000000	0.000000	0.000000	0.000000	1.000000	0.091490	0.024217	-0.096629	0.042473	0.935861
	0.000000	0.000000	0.000000	0.000000	1.000000	0.079364	0.054019	-0.073596	0.046853	0.879156
	0.000000	0.000000	0.000000	0.000000	1.000000	0.182380	-0.105588	-0.068239	0.102932	0.882013
	0.000000	0.000000	0.000000	0.000000	1.000000	0.104935	0.035190	-0.081694	0.068220	0.871599
	0.000000	0.000000	0.000000	0.000000	1.000000	0.053638	0.125995	-0.106843	0.016730	0.923744
	0.000000	0.000000	0.000000	0.000000	1.000000	0.070555	0.047257	-0.124687	0.007761	1.009909
	0.000000	0.000000	0.000000	0.000000	1.000000	0.099223	-0.014099	-0.115730	0.032009	1.008729
	0.000000	0.000000	0.000000	0.000000	1.000000	0.079976	0.016574	-0.143653	0.002996	1.068734
	0.000000	0.000000	0.000000	0.000000	1.000000	0.054849	0.133866	-0.140415	-0.003537	0.979033
	0.000000	0.000000	0.000000	0.000000	1.000000	0.061786	0.091053	-0.125242	0.011599	0.982674
	0.000000	0.000000	0.000000	0.000000	1.000000	0.067878	0.060824	-0.142501	-0.002789	1.036368
	0.000000	0.000000	0.000000	0.000000	1.000000	0.058551	0.151795	-0.148756	-0.009241	0.975907
	0.000000	0.000000	0.000000	0.000000	1.000000	0.070591	0.051994	-0.137210	0.001753	1.032498
	0.000000	0.000000	0.000000	0.000000	1.000000	0.070780	0.080092	-0.125935	0.015341	0.978069
	0.000000	0.000000	0.000000	0.000000	1.000000	0.071679	0.096201	-0.109926	0.029486	0.923204
	0.000000	0.000000	0.000000	0.000000	1.000000	0.042670	0.198665	-0.123515	0.001170	0.899538
	0.000000	0.000000	0.000000	0.000000	1.000000	0.099654	0.030917	-0.070716	0.067906	0.855855
	0.000000	0.000000	0.000000	0.000000	1.000000	0.093226	0.044015	-0.071966	0.063273	0.856848
	0.000000	0.000000	0.000000	0.000000	1.000000	0.057531	0.129701	-0.093922	0.030145	0.877046
	0.000000	0.000000	0.000000	0.000000	1.000000	0.063830	0.090825	-0.126405	0.001186	0.988104
	0.000000	0.000000	0.000000	0.000000	1.000000	0.096242	-0.001468	-0.113661	0.027706	0.999207
	0.000000	0.000000	0.000000	0.000000	1.000000	0.062255	0.114720	-0.150187	-0.013692	1.005325
	0.000000	0.000000	0.000000	0.000000	1.000000	0.087077	0.035992	-0.113011	0.026876	0.968344
	0.000000	0.000000	0.000000	0.000000	1.000000	0.075920	0.044260	-0.126076	0.014167	1.010502
	0.000000	0.000000	0.000000	0.000000	1.000000	0.080266	0.025739	-0.125894	0.016175	1.021243
	0.000000	0.000000	0.000000	0.000000	1.000000	0.087994	0.010878	-0.133968	0.010200	1.040774
	0.000000	0.000000	0.000000	0.000000	1.000000	0.038240	0.216937	-0.124745	-0.001721	0.887021
	0.000000	0.000000	0.000000	0.000000	1.000000	0.123266	-0.042493	-0.093926	0.056700	0.948220
	0.000000	0.000000	0.000000	0.000000	1.000000	0.153909	-0.107169	-0.092806	0.076039	0.964041
	0.000000	0.000000	0.000000	0.000000	1.000000	0.074379	0.052329	-0.111282	0.019968	0.970437
	0.000000	0.000000	0.000000	0.000000	1.000000	0.097904	-0.027835	-0.128071	0.021707	1.052200
	0.000000	0.000000	0.000000	0.000000	1.000000	0.072759	0.049703	-0.149159	-0.005429	1.053701
	0.000000	0.000000	0.000000	0.000000	1.000000	0.059554	0.136844	-0.137617	-0.000741	0.962730
	0.000000	0.000000	0.000000	0.000000	1.000000	0.123783	0.013999	-0.045728	0.098537	0.776255
	0.000000	0.000000	0.000000	0.000000	1.000000	0.038844	0.201580	-0.102693	0.003082	0.859113
	0.000000	0.000000	0.000000	0.000000	1.000000	0.084258	0.010156	-0.127724	0.015183	1.031058
	0.000000	0.000000	0.000000	0.000000	1.000000	0.077068	0.021907	-0.143730	0.002715	1.066152
	0.000000	0.000000	0.000000	0.000000	1.000000	0.075229	0.072951	-0.152393	-0.005460	1.032035
	0.000000	0.000000	0.000000	0.000000	1.000000	0.088653	-0.005355	-0.132781	0.014707	1.052541
	0.000000	0.000000	0.000000	0.000000	1.000000	0.024722	0.288976	-0.108489	0.000817	0.799031
	0.000000	0.000000	0.000000	0.000000	1.000000	0.034687	0.233039	-0.090556	0.021833	0.809855
	0.000000	0.000000	0.000000	0.000000	1.000000	0.081532	0.014522	-0.136144	0.007999	1.051169
	0.000000	0.000000	0.000000	0.000000	1.000000	0.070261	0.061467	-0.135423	0.001037	1.020878
	0.000000	0.000000	0.000000	0.000000	1.000000	0.061124	0.121847	-0.138496	-0.003911	0.979124
	0.000000	0.000000	0.000000	0.000000	1.000000	0.065208	0.089098	-0.091598	0.031203	0.901880
	0.000000	0.000000	0.000000	0.000000	1.000000	0.050113	0.144267	-0.127505	-0.003189	0.951474
	0.000000	0.000000	0.000000	0.000000	1.000000	0.106604	0.004341	-0.083481	0.067077	0.895581
	0.000000	0.000000	0.000000	0.000000	1.000000	0.024178	0.300435	-0.076263	0.020993	0.748219
	0.000000	0.000000	0.000000	0.000000	1.000000	0.045566	0.151386	-0.119919	0.007095	0.939927
	0.000000	0.000000	0.000000	0.000000	1.000000	0.047573	0.151630	-0.116260	0.011725	0.923414
	0.000000	0.000000	0.000000	0.000000	1.000000	0.165895	-0.010695	0.017068	0.152126	0.607250
	0.000000	0.000000	0.000000	0.000000	1.000000	0.180212	-0.035645	0.052238	0.194744	0.501498
	0.000000	0.000000	0.000000	0.000000	1.000000	0.190457	-0.060341	0.030411	0.186590	0.551132
	0.000000	0.000000	0.000000	0.000000	1.000000	0.025184	0.249018	-0.063534	0.026501	0.790107
	0.000000	0.000000	0.000000	0.000000	1.000000	0.239824	-0.120431	0.031668	0.217781	0.532782
	0.000000	0.000000	0.000000	0.000000	1.000000	0.092230	0.010769	-0.086151	0.045030	0.943159
	0.000000	0.000000	0.000000	0.000000	1.000000	0.066909	0.082358	-0.143371	-0.006835	1.019472
	0.000000	0.000000	0.000000	0.000000	1.000000	0.207186	-0.111426	-0.015029	0.162361	0.681518
	0.000000	0.000000	0.000000	0.000000	1.000000	0.077178	0.052095	-0.131550	0.009385	1.010774
	0.000000	0.000000	0.000000	0.000000	1.000000	0.115362	-0.008689	-0.078009	0.070753	0.889021
	0.000000	0.000000	0.000000	0.000000	1.000000	0.047299	0.160997	-0.140199	-0.014542	0.958428
	0.000000	0.000000	0.000000	0.000000	1.000000	0.098596	-0.021230	-0.118050	0.025197	1.020318
	0.000000	0.000000	0.000000	0.000000	1.000000	0.111541	-0.042683	-0.113738	0.034521	1.015398
	0.000000	0.000000	0.000000	0.000000	1.000000	0.148861	0.042508	0.102876	0.211072	0.369750
	1.000000	0.000000	0.000000	0.000000	0.000000	0.218638	-0.107064	-0.019137	0.155861	0.711468
	1.000000	0.000000	0.000000	0.000000	0.000000	0.301671	-0.176481	0.011625	0.227946	0.582379
	1.000000	0.000000	0.000000	0.000000	0.000000	0.190783	-0.087294	-0.047386	0.130217	0.788706
	1.000000	0.000000	0.000000	0.000000	0.000000	0.251348	-0.135927	-0.020685	0.175024	0.695737
	1.000000	0.000000	0.000000	0.000000	0.000000	0.284158	-0.148014	0.028608	0.231183	0.541014
	1.000000	0.000000	0.000000	0.000000	0.000000	0.248767	-0.130006	-0.020300	0.171600	0.706242
	1.000000	0.000000	0.000000	0.000000	0.000000	0.281958	-0.146194	0.022808	0.217368	0.570077
	1.000000	0.000000	0.000000	0.000000	0.000000	0.302691	-0.146651	0.055192	0.256989	0.462078
	1.000000	0.000000	0.000000	0.000000	0.000000	0.275177	-0.133208	0.023395	0.217240	0.556986
	1.000000	0.000000	0.000000	0.000000	0.000000	0.138902	-0.036951	-0.081374	0.083837	0.891159
	1.000000	0.000000	0.000000	0.000000	0.000000	0.022691	0.395568	0.135798	0.145469	0.224093
	1.000000	0.000000	0.000000	0.000000	0.000000	0.221352	-0.130097	-0.047715	0.137922	0.810522
	1.000000	0.000000	0.000000	0.000000	0.000000	0.216617	-0.118519	-0.036874	0.143555	0.781068
	1.000000	0.000000	0.000000	0.000000	0.000000	0.153132	-0.015022	0.010506	0.139761	0.636313
	1.000000	0.000000	0.000000	0.000000	0.000000	0.326022	-0.178513	0.054364	0.270853	0.450271
	1.000000	0.000000	0.000000	0.000000	0.000000	0.348140	-0.173723	0.142801	0.339327	0.222471
	0.000000	1.000000	0.000000	0.000000	0.000000	-0.116001	1.042545	0.089891	0.000868	-0.083302
	0.000000	1.000000	0.000000	0.000000	0.000000	-0.045554	0.790053	-0.105964	-0.026627	0.415115
	0.000000	1.000000	0.000000	0.000000	0.000000	-0.074647	0.810356	0.259513	0.090257	-0.122312
	0.000000	1.000000	0.000000	0.000000	0.000000	-0.110574	0.988742	0.095022	0.015769	-0.029534
	0.000000	1.000000	0.000000	0.000000	0.000000	-0.060527	0.850508	-0.085378	-0.026367	0.326443
	0.000000	1.000000	0.000000	0.000000	0.000000	-0.064681	0.763428	0.059793	0.023723	0.165333
	0.000000	1.000000	0.000000	0.000000	0.000000	-0.028821	0.585114	-0.059355	0.008996	0.512342
	0.000000	1.000000	0.000000	0.000000	0.000000	0.002215	0.389525	-0.107429	-0.000337	0.745125
	0.000000	1.000000	0.000000	0.000000	0.000000	-0.087810	0.990243	-0.015227	-0.016702	0.112717
	0.000000	1.000000	0.000000	0.000000	0.000000	-0.100361	1.051320	-0.027217	-0.030705	0.075535
	0.000000	1.000000	0.000000	0.000000	0.000000	-0.126841	1.082094	0.057568	-0.031353	-0.060475
	0.000000	1.000000	0.000000	0.000000	0.000000	-0.053854	0.836284	-0.088728	-0.028834	0.352353
	0.000000	1.000000	0.000000	0.000000	0.000000	-0.086260	0.991833	-0.037496	-0.024775	0.138547
	0.000000	1.000000	0.000000	0.000000	0.000000	-0.073009	0.928533	-0.043067	-0.015211	0.201770
	0.000000	1.000000	0.000000	0.000000	0.000000	-0.081576	0.846307	0.114175	0.069398	0.053089
	0.000000	1.000000	0.000000	0.000000	0.000000	0.044453	0.360368	0.326918	0.243587	-0.032058
	0.000000	1.000000	0.000000	0.000000	0.000000	-0.103341	1.052082	-0.000245	-0.023505	0.036561
	0.000000	1.000000	0.000000	0.000000	0.000000	-0.101461	0.964780	0.013857	-0.009909	0.107894
	0.000000	1.000000	0.000000	0.000000	0.000000	-0.127203	1.103441	0.045921	-0.028231	-0.059039
	0.000000	1.000000	0.000000	0.000000	0.000000	-0.060873	0.770915	0.041988	0.029638	0.192028
	0.000000	1.000000	0.000000	0.000000	0.000000	-0.102314	1.043490	-0.013846	-0.025264	0.064325
	0.000000	1.000000	0.000000	0.000000	0.000000	-0.078615	0.941612	-0.038030	-0.019974	0.182316
	0.000000	1.000000	0.000000	0.000000	0.000000	-0.100751	0.956734	0.019918	-0.009069	0.108751
	0.000000	1.000000	0.000000	0.000000	0.000000	-0.082194	0.905599	0.012613	-0.008553	0.186214
	0.000000	1.000000	0.000000	0.000000	0.000000	-0.115912	1.094199	0.020494	-0.026576	-0.030562
	0.000000	1.000000	0.000000	0.000000	0.000000	-0.060572	0.866343	-0.061782	-0.017948	0.301734
	0.000000	1.000000	0.000000	0.000000	0.000000	-0.082640	0.873594	-0.030507	-0.018553	0.243673
	0.000000	1.000000	0.000000	0.000000	0.000000	-0.082004	0.947213	-0.004647	-0.008091	0.123666
	0.000000	1.000000	0.000000	0.000000	0.000000	-0.097323	1.043452	-0.031504	-0.034299	0.091764
	0.000000	1.000000	0.000000	0.000000	0.000000	-0.069395	0.832189	0.001663	0.004895	0.224522
	0.000000	1.000000	0.000000	0.000000	0.000000	-0.070635	0.834651	0.027785	0.030842	0.156872
	0.000000	1.000000	0.000000	0.000000	0.000000	-0.080459	0.878694	0.056523	0.031261	0.089490
	0.000000	1.000000	0.000000	0.000000	0.000000	-0.108215	1.028070	0.025923	-0.015392	0.025717
	0.000000	1.000000	0.000000	0.000000	0.000000	-0.120868	1.115069	0.016795	-0.028376	-0.033458
	0.000000	1.000000	0.000000	0.000000	0.000000	-0.041249	0.649861	0.283062	0.143396	-0.080201
	0.000000	0.000000	1.000000	0.000000	0.000000	0.135034	0.145945	0.534778	0.363006	-0.176333
	0.000000	0.000000	1.000000	0.000000	0.000000	0.163244	0.115152	0.543480	0.426304	-0.185088
	0.000000	0.000000	1.000000	0.000000	0.000000	0.122943	0.196279	0.599092	0.386241	-0.217215
	0.000000	0.000000	1.000000	0.000000	0.000000	0.095450	0.255345	0.509785	0.323246	-0.173348
	0.000000	0.000000	1.000000	0.000000	0.000000	0.087380	0.279574	0.561746	0.332903	-0.203553
	0.000000	0.000000	1.000000	0.000000	0.000000	0.121914	0.222701	0.557250	0.375340	-0.203025
	0.000000	0.000000	1.000000	0.000000	0.000000	0.179157	0.103241	0.473002	0.406203	-0.144215
	0.000000	0.000000	1.000000	0.000000	0.000000	0.097495	0.283657	0.610321	0.382582	-0.231077
	0.000000	0.000000	1.000000	0.000000	0.000000	0.140320	0.131059	0.570980	0.405668	-0.194452
	0.000000	0.000000	1.000000	0.000000	0.000000	0.163612	0.126005	0.508581	0.402553	-0.162961
	0.000000	0.000000	1.000000	0.000000	0.000000	0.125430	0.207939	0.518951	0.344743	-0.178232
	0.000000	0.000000	1.000000	0.000000	0.000000	0.194145	0.048828	0.480648	0.416987	-0.143480
	0.000000	0.000000	1.000000	0.000000	0.000000	0.129904	0.180280	0.597179	0.403745	-0.216437
	0.000000	0.000000	1.000000	0.000000	0.000000	0.014764	0.415742	0.264690	0.197954	0.022841
	0.000000	0.000000	1.000000	0.000000	0.000000	0.131520	0.159766	0.571658	0.381957	-0.199423
	0.000000	0.000000	1.000000	0.000000	0.000000	0.129469	0.170188	0.582478	0.389282	-0.203431
	0.000000	0.000000	0.000000	1.000000	0.000000	0.215888	0.057151	0.379499	0.404967	-0.078042
	0.000000	0.000000	0.000000	1.000000	0.000000	0.231083	-0.040923	0.197766	0.304482	0.165600
	0.000000	0.000000	0.000000	1.000000	0.000000	0.049913	0.270864	0.121422	0.169230	0.288498
	0.000000	0.000000	0.000000	1.000000	0.000000	0.116751	0.223861	0.259815	0.286961	0.042122
	0.000000	0.000000	0.000000	1.000000	0.000000	0.299426	-0.135420	0.204627	0.350742	0.144358
	0.000000	0.000000	0.000000	1.000000	0.000000	0.207726	-0.004713	0.192013	0.296677	0.174864
	0.000000	0.000000	0.000000	1.000000	0.000000	0.301432	-0.145931	0.126409	0.304118	0.296650
	0.000000	0.000000	0.000000	1.000000	0.000000	0.204914	0.032332	0.304872	0.358765	0.012263
	0.000000	0.000000	0.000000	1.000000	0.000000	0.215683	0.002510	0.287877	0.356043	0.044097
	0.000000	0.000000	0.000000	1.000000	0.000000	0.137922	0.065931	0.161005	0.242390	0.248331
	0.000000	0.000000	0.000000	1.000000	0.000000	0.233447	-0.020272	0.343262	0.394135	-0.024102
	0.000000	0.000000	0.000000	1.000000	0.000000	0.227432	0.005151	0.327222	0.384312	-0.016132
	0.000000	0.000000	0.000000	1.000000	0.000000	0.214067	0.016245	0.302005	0.364633	0.024555
	0.000000	0.000000	0.000000	1.000000	0.000000	0.221771	0.034689	0.444387	0.448950	-0.124688
	0.000000	0.000000	0.000000	1.000000	0.000000	0.222630	0.039639	0.395463	0.407971	-0.087583
	0.000000	0.000000	0.000000	0.000000	1.000000	0.080502	0.050637	-0.106991	0.026514	0.954930
	0.000000	0.000000	0.000000	0.000000	1.000000	0.079519	0.037928	-0.101525	0.027335	0.958143
	0.000000	0.000000	0.000000	0.000000	1.000000	0.071628	0.046708	-0.136477	0.001959	1.033991
	0.000000	0.000000	0.000000	0.000000	1.000000	0.065487	0.107512	-0.119995	0.014173	0.946161
	0.000000	0.000000	0.000000	0.000000	1.000000	0.057288	0.131906	-0.091201	0.031139	0.871892
	0.000000	0.000000	0.000000	0.000000	1.000000	0.102556	-0.028066	-0.126117	0.023949	1.042995
	0.000000	0.000000	0.000000	0.000000	1.000000	0.089728	0.042773	-0.074859	0.063386	0.870199
	0.000000	0.000000	0.000000	0.000000	1.000000	0.064997	0.093830	-0.132371	0.001730	0.985768
	0.000000	0.000000	0.000000	0.000000	1.000000	0.137866	-0.018768	-0.035600	0.102641	0.772557
	0.000000	0.000000	0.000000	0.000000	1.000000	0.286967	-0.161758	-0.003270	0.194681	0.657779
	0.000000	0.000000	0.000000	0.000000	1.000000	0.059803	0.130142	-0.134285	0.004803	0.960632
	0.000000	0.000000	0.000000	0.000000	1.000000	0.084709	0.000732	-0.115647	0.018840	1.018199
	0.000000	0.000000	0.000000	0.000000	1.000000	0.061093	0.099250	-0.140570	-0.004359	1.003502
	0.000000	0.000000	0.000000	0.000000	1.000000	0.091582	-0.015251	-0.135847	0.013355	1.068052
	0.000000	0.000000	0.000000	0.000000	1.000000	0.060486	0.107103	-0.137185	-0.000744	0.994191
	0.000000	0.000000	0.000000	0.000000	1.000000	0.144842	-0.075931	-0.093735	0.069422	0.959657
	0.000000	0.000000	0.000000	0.000000	1.000000	0.080571	0.034739	-0.105331	0.028103	0.964391
	0.000000	0.000000	0.000000	0.000000	1.000000	0.050707	0.143962	-0.091271	0.030595	0.871346
	0.000000	0.000000	0.000000	0.000000	1.000000	0.066306	0.079066	-0.129294	0.004792	0.994799
	0.000000	0.000000	0.000000	0.000000	1.000000	0.062288	0.127718	-0.060281	0.058124	0.790342
	0.000000	0.000000	0.000000	0.000000	1.000000	0.073523	0.073047	-0.130594	0.012983	0.985562
	0.000000	0.000000	0.000000	0.000000	1.000000	0.069448	0.069819	-0.146716	-0.006016	1.029919
	0.000000	0.000000	0.000000	0.000000	1.000000	0.099262	-0.016947	-0.120021	0.022284	1.022079
	0.000000	0.000000	0.000000	0.000000	1.000000	0.086127	0.032094	-0.106696	0.031671	0.960068
	0.000000	0.000000	0.000000	0.000000	1.000000	0.067370	0.084293	-0.141647	-0.005005	1.009503
	0.000000	0.000000	0.000000	0.000000	1.000000	0.085462	0.000291	-0.119556	0.023963	1.021216
	0.000000	0.000000	0.000000	0.000000	1.000000	0.088511	-0.014196	-0.132274	0.010144	1.066670
	0.000000	0.000000	0.000000	0.000000	1.000000	0.111237	0.023689	-0.046887	0.090412	0.788635
	0.000000	0.000000	0.000000	0.000000	1.000000	0.112463	-0.049553	-0.121626	0.029221	1.036956
	0.000000	0.000000	0.000000	0.000000	1.000000	0.073649	0.058477	-0.137841	0.002782	1.019064
	0.000000	0.000000	0.000000	0.000000	1.000000	0.091616	-0.003729	-0.129243	0.019994	1.043178
	0.000000	0.000000	0.000000	0.000000	1.000000	0.060658	0.097699	-0.134685	-0.001444	0.986794
	0.000000	0.000000	0.000000	0.000000	1.000000	0.076598	0.058643	-0.149184	-0.008092	1.042409
	0.000000	0.000000	0.000000	0.000000	1.000000	0.071355	0.057944	-0.152060	-0.006585	1.054414
	0.000000	0.000000	0.000000	0.000000	1.000000	0.100814	-0.008787	-0.104893	0.039492	0.975230
	0.000000	0.000000	0.000000	0.000000	1.000000	0.039030	0.190223	-0.119144	0.002394	0.904275
	0.000000	0.000000	0.000000	0.000000	1.000000	0.061676	0.114283	-0.129051	0.002158	0.970673
	0.000000	0.000000	0.000000	0.000000	1.000000	0.038554	0.199313	-0.119054	0.001118	0.902360
	0.000000	0.000000	0.000000	0.000000	1.000000	0.049035	0.140775	-0.129553	-0.004077	0.962245
	0.000000	0.000000	0.000000	0.000000	1.000000	0.052735	0.119059	-0.102589	0.017270	0.918562
	0.000000	0.000000	0.000000	0.000000	1.000000	0.062486	0.156282	-0.164282	-0.017846	0.998140
	0.000000	0.000000	0.000000	0.000000	1.000000	0.051449	0.156972	-0.124137	0.005851	0.935501
	0.000000	0.000000	0.000000	0.000000	1.000000	0.096574	-0.024321	-0.127545	0.022820	1.050085
	0.000000	0.000000	0.000000	0.000000	1.000000	0.078501	0.063567	-0.100755	0.036512	0.924323
	0.000000	0.000000	0.000000	0.000000	1.000000	0.074152	0.053821	-0.134251	0.004064	1.017189
	0.000000	0.000000	0.000000	0.000000	1.000000	0.065286	0.084592	-0.136670	-0.002612	1.006545
	0.000000	0.000000	0.000000	0.000000	1.000000	0.087764	-0.004109	-0.130480	0.011885	1.043690
	0.000000	0.000000	0.000000	0.000000	1.000000	0.066198	0.076614	-0.118902	0.015734	0.974447
	0.000000	0.000000	0.000000	0.000000	1.000000	0.064632	0.131944	-0.151030	-0.011307	0.993394
	0.000000	0.000000	0.000000	0.000000	1.000000	0.088144	0.000183	-0.123600	0.019617	1.027754
	0.000000	0.000000	0.000000	0.000000	1.000000	0.093648	-0.006121	-0.126776	0.017586	1.031388
	0.000000	0.000000	0.000000	0.000000	1.000000	0.069765	0.061746	-0.146687	-0.005948	1.042873
	0.000000	0.000000	0.000000	0.000000	1.000000	0.046968	0.144204	-0.120786	0.007625	0.953214
	0.000000	0.000000	0.000000	0.000000	1.000000	0.063549	0.085353	-0.144666	-0.005752	1.021801
	0.000000	0.000000	0.000000	0.000000	1.000000	0.170485	-0.060477	0.002625	0.157811	0.638985
	0.000000	0.000000	0.000000	0.000000	1.000000	0.077715	0.041791	-0.115052	0.024168	0.983169
	0.000000	0.000000	0.000000	0.000000	1.000000	0.061127	0.117912	-0.123791	0.006176	0.955087
	0.000000	0.000000	0.000000	0.000000	1.000000	0.089387	0.002238	-0.113197	0.029465	1.001625
	0.000000	0.000000	0.000000	0.000000	1.000000	0.108105	-0.041111	-0.115839	0.028933	1.021747
	0.000000	0.000000	0.000000	0.000000	1.000000	0.091749	-0.010457	-0.128017	0.013410	1.041847
	0.000000	0.000000	0.000000	0.000000	1.000000	0.082029	0.031933	-0.117827	0.018131	0.986945
