	1.000000	0.000000	0.000000	0.000000	0.000000	0.959658	-0.027582	0.017707	-0.079993	0.117704
	1.000000	0.000000	0.000000	0.000000	0.000000	0.912418	-0.056679	-0.044197	0.041852	0.117940
	1.000000	0.000000	0.000000	0.000000	0.000000	1.070531	-0.064662	-0.023230	-0.038914	-0.065258
	1.000000	0.000000	0.000000	0.000000	0.000000	1.050406	-0.043640	-0.048125	0.019036	-0.041339
	1.000000	0.000000	0.000000	0.000000	0.000000	0.846868	-0.048956	-0.047804	0.091338	0.136603
	1.000000	0.000000	0.000000	0.000000	0.000000	0.900017	-0.029709	-0.014545	-0.019512	0.151507
	1.000000	0.000000	0.000000	0.000000	0.000000	0.805470	-0.036691	-0.039237	0.110015	0.141425
	1.000000	0.000000	0.000000	0.000000	0.000000	0.997228	-0.031448	-0.039428	0.061361	-0.048966
	1.000000	0.000000	0.000000	0.000000	0.000000	0.893155	-0.033252	0.001297	-0.078684	0.243523
	1.000000	0.000000	0.000000	0.000000	0.000000	0.987575	-0.039682	-0.049081	0.164560	-0.122375
	1.000000	0.000000	0.000000	0.000000	0.000000	0.879472	-0.020757	-0.002147	-0.060792	0.204614
	1.000000	0.000000	0.000000	0.000000	0.000000	0.970674	-0.048502	-0.005108	-0.059227	0.055191
	1.000000	0.000000	0.000000	0.000000	0.000000	0.886011	-0.042254	-0.060337	0.151250	0.014422
	1.000000	0.000000	0.000000	0.000000	0.000000	0.421661	0.166583	0.067145	-0.040749	0.391844
	0.000000	1.000000	0.000000	0.000000	0.000000	0.007168	1.024603	0.015889	-0.047383	-0.006771
	0.000000	1.000000	0.000000	0.000000	0.000000	-0.022217	1.023893	-0.018065	0.040772	-0.023626
	0.000000	1.000000	0.000000	0.000000	0.000000	-0.019335	1.047387	0.018178	-0.043229	-0.001863
	0.000000	1.000000	0.000000	0.000000	0.000000	-0.035396	1.020604	-0.030934	0.068431	-0.010858
	0.000000	1.000000	0.000000	0.000000	0.000000	0.017316	1.045202	0.012682	-0.057730	-0.008602
	0.000000	1.000000	0.000000	0.000000	0.000000	-0.015562	0.982571	-0.032654	0.058582	-0.007775
	0.000000	1.000000	0.000000	0.000000	0.000000	-0.004418	0.915316	-0.040160	0.029654	0.079702
	0.000000	1.000000	0.000000	0.000000	0.000000	-0.025819	0.929762	-0.041535	0.119266	0.008213
	0.000000	1.000000	0.000000	0.000000	0.000000	-0.033420	1.049478	-0.001626	0.047352	-0.052977
	0.000000	1.000000	0.000000	0.000000	0.000000	-0.010519	1.023161	-0.018726	0.046330	-0.056377
	0.000000	1.000000	0.000000	0.000000	0.000000	0.012995	1.005027	0.005794	-0.032469	0.008217
	0.000000	1.000000	0.000000	0.000000	0.000000	-0.006763	1.055247	-0.017594	0.021691	-0.058803
	0.000000	1.000000	0.000000	0.000000	0.000000	-0.022957	1.023089	0.019268	-0.024068	0.007105
	0.000000	1.000000	0.000000	0.000000	0.000000	-0.016314	1.027819	-0.010393	0.008587	-0.003799
	0.000000	1.000000	0.000000	0.000000	0.000000	0.008653	0.991979	-0.024465	-0.014866	0.028590
	0.000000	1.000000	0.000000	0.000000	0.000000	-0.011157	1.051284	0.010254	-0.018114	-0.027384
	0.000000	1.000000	0.000000	0.000000	0.000000	0.053135	0.827294	-0.037293	-0.046845	0.161260
	0.000000	1.000000	0.000000	0.000000	0.000000	0.028535	0.938518	-0.043833	-0.016874	0.062230
	0.000000	1.000000	0.000000	0.000000	0.000000	-0.027003	0.989024	0.057842	0.004885	-0.031103
	0.000000	1.000000	0.000000	0.000000	0.000000	0.019804	0.985648	-0.040524	-0.010918	0.022740
	0.000000	1.000000	0.000000	0.000000	0.000000	-0.005423	1.063263	0.057711	-0.065059	-0.038160
	0.000000	1.000000	0.000000	0.000000	0.000000	-0.036112	0.817918	-0.055528	0.105222	0.167892
	0.000000	1.000000	0.000000	0.000000	0.000000	-0.029872	0.825877	-0.034578	0.057793	0.185124
	0.000000	1.000000	0.000000	0.000000	0.000000	0.034405	0.908021	0.127174	-0.138045	0.095404
	0.000000	1.000000	0.000000	0.000000	0.000000	0.009138	1.068536	0.002057	-0.043316	-0.031396
	0.000000	1.000000	0.000000	0.000000	0.000000	0.079751	1.061455	0.010200	-0.124342	-0.016257
	0.000000	1.000000	0.000000	0.000000	0.000000	0.034312	1.032102	0.065413	-0.099095	-0.016620
	0.000000	1.000000	0.000000	0.000000	0.000000	-0.077213	0.970090	-0.000633	0.110037	-0.005089
	0.000000	1.000000	0.000000	0.000000	0.000000	0.043141	0.888874	0.018652	-0.009064	0.032227
	0.000000	1.000000	0.000000	0.000000	0.000000	0.010704	0.914009	0.008514	0.001559	0.028286
	0.000000	1.000000	0.000000	0.000000	0.000000	0.024520	0.987242	0.054028	-0.017532	-0.057754
	0.000000	1.000000	0.000000	0.000000	0.000000	0.056910	0.980263	-0.032273	-0.076582	0.052449
	0.000000	1.000000	0.000000	0.000000	0.000000	-0.030988	1.088135	0.004156	0.012121	-0.054852
	0.000000	1.000000	0.000000	0.000000	0.000000	-0.035086	1.009423	0.036558	0.006113	-0.032801
	0.000000	1.000000	0.000000	0.000000	0.000000	0.030314	0.474276	0.071384	0.262255	0.025051
	0.000000	1.000000	0.000000	0.000000	0.000000	0.012508	0.982756	-0.029278	-0.020187	0.041724
	0.000000	1.000000	0.000000	0.000000	0.000000	-0.010258	1.004367	-0.025172	0.049568	-0.020053
	0.000000	1.000000	0.000000	0.000000	0.000000	-0.007739	1.049407	0.017691	-0.025250	-0.035539
	0.000000	1.000000	0.000000	0.000000	0.000000	-0.021486	1.080275	-0.004234	0.010795	-0.053768
	0.000000	0.000000	1.000000	0.000000	0.000000	0.017223	0.041453	1.014349	-0.057158	-0.030118
	0.000000	0.000000	1.000000	0.000000	0.000000	-0.073803	0.097619	0.968528	-0.018888	-0.041255
	0.000000	0.000000	1.000000	0.000000	0.000000	-0.014198	0.012082	1.035674	-0.050721	0.000543
	0.000000	0.000000	1.000000	0.000000	0.000000	-0.039389	0.026833	0.880507	0.106487	0.002614
	0.000000	0.000000	1.000000	0.000000	0.000000	0.010512	0.007664	1.051689	-0.072429	-0.003179
	0.000000	0.000000	1.000000	0.000000	0.000000	-0.096216	-0.005761	0.877544	0.188551	0.036182
	0.000000	0.000000	1.000000	0.000000	0.000000	0.022464	-0.007545	1.024738	-0.051135	0.009574
	0.000000	0.000000	1.000000	0.000000	0.000000	0.045041	0.014715	0.949481	0.010359	-0.021708
	0.000000	0.000000	1.000000	0.000000	0.000000	0.078991	0.043304	1.030782	-0.114725	-0.023500
	0.000000	0.000000	1.000000	0.000000	0.000000	-0.056129	-0.033584	0.946311	0.105158	0.041714
	0.000000	0.000000	1.000000	0.000000	0.000000	0.017280	0.053764	0.890002	0.035570	-0.023871
	0.000000	0.000000	1.000000	0.000000	0.000000	-0.029386	-0.026570	1.033712	-0.020767	0.036701
	0.000000	0.000000	1.000000	0.000000	0.000000	-0.013380	-0.014741	1.008575	-0.059717	0.081753
	0.000000	0.000000	0.000000	1.000000	0.000000	-0.115244	0.065235	-0.028341	1.030596	0.003063
	0.000000	0.000000	0.000000	1.000000	0.000000	0.119394	0.076473	0.011674	0.768049	-0.022331
	0.000000	0.000000	0.000000	1.000000	0.000000	0.155497	0.122043	-0.045196	0.625011	0.119211
	0.000000	0.000000	0.000000	1.000000	0.000000	-0.146804	0.187911	-0.070482	0.905989	0.187004
	0.000000	0.000000	0.000000	1.000000	0.000000	0.090586	-0.013619	0.030163	0.849619	-0.015559
	0.000000	0.000000	0.000000	1.000000	0.000000	0.030788	0.031974	-0.026840	0.723736	0.147213
	0.000000	0.000000	0.000000	1.000000	0.000000	0.018163	-0.021169	0.117695	0.955118	-0.070360
	0.000000	0.000000	0.000000	1.000000	0.000000	-0.096997	0.274605	-0.084209	0.838313	0.091309
	0.000000	0.000000	0.000000	1.000000	0.000000	-0.102449	0.012897	-0.045323	0.976511	0.125498
	0.000000	0.000000	0.000000	1.000000	0.000000	-0.122709	0.016638	-0.068547	0.886809	0.304043
	0.000000	0.000000	0.000000	1.000000	0.000000	0.169441	-0.012186	0.174952	0.878348	-0.132337
	0.000000	0.000000	0.000000	1.000000	0.000000	-0.015283	-0.009488	0.090723	0.993465	-0.070939
	0.000000	0.000000	0.000000	1.000000	0.000000	-0.033731	0.055711	-0.015549	0.966723	-0.024185
	0.000000	0.000000	0.000000	1.000000	0.000000	0.195116	-0.027258	0.163560	0.958760	-0.153910
	0.000000	0.000000	0.000000	1.000000	0.000000	-0.100235	0.001588	-0.012053	1.074414	-0.011873
	0.000000	0.000000	0.000000	1.000000	0.000000	0.007269	-0.000017	0.073322	1.010924	-0.089385
	0.000000	0.000000	0.000000	0.000000	1.000000	-0.007458	-0.007649	0.013430	0.002997	1.015544
	0.000000	0.000000	0.000000	0.000000	1.000000	0.043161	-0.032118	0.003151	0.034876	0.968766
	0.000000	0.000000	0.000000	0.000000	1.000000	0.038926	0.048464	0.046369	-0.035645	0.932613
	0.000000	0.000000	0.000000	0.000000	1.000000	0.010695	-0.070664	-0.025033	0.110753	0.966512
	0.000000	0.000000	0.000000	0.000000	1.000000	0.089115	0.007698	0.013406	-0.046782	0.943439
	0.000000	0.000000	0.000000	0.000000	1.000000	0.033741	0.089843	0.001036	-0.084079	0.952864
	0.000000	0.000000	0.000000	0.000000	1.000000	-0.012507	0.025084	-0.008391	-0.032923	1.017789
	0.000000	0.000000	0.000000	0.000000	1.000000	0.030284	-0.032389	0.012386	-0.019319	1.018153
	0.000000	0.000000	0.000000	0.000000	1.000000	-0.040748	-0.050851	-0.007117	0.011081	1.085615
	0.000000	0.000000	0.000000	0.000000	1.000000	-0.002541	0.060231	-0.024943	-0.021539	0.967067
	0.000000	0.000000	0.000000	0.000000	1.000000	-0.037093	-0.006972	-0.015491	0.043899	1.013503
	0.000000	0.000000	0.000000	0.000000	1.000000	-0.022892	-0.027990	-0.002925	-0.010417	1.061007
	0.000000	0.000000	0.000000	0.000000	1.000000	-0.000065	0.041874	-0.009445	-0.050518	1.007100
	0.000000	0.000000	0.000000	0.000000	1.000000	-0.021164	-0.022260	0.002326	-0.021257	1.060770
	0.000000	0.000000	0.000000	0.000000	1.000000	-0.008467	-0.019890	-0.001485	-0.017663	1.044640
	0.000000	0.000000	0.000000	0.000000	1.000000	-0.017156	-0.007274	-0.009464	0.027268	1.004724
	0.000000	0.000000	0.000000	0.000000	1.000000	-0.016632	0.088649	-0.022714	0.004235	0.935452
	0.000000	0.000000	0.000000	0.000000	1.000000	0.063019	-0.030647	-0.007238	0.068254	0.908207
	0.000000	0.000000	0.000000	0.000000	1.000000	-0.003216	-0.024924	-0.008312	0.096672	0.949279
	0.000000	0.000000	0.000000	0.000000	1.000000	0.007561	0.049520	0.003392	0.003874	0.935496
	0.000000	0.000000	0.000000	0.000000	1.000000	-0.021923	0.004915	0.008927	-0.034803	1.046287
	0.000000	0.000000	0.000000	0.000000	1.000000	-0.015183	-0.047887	0.007363	-0.012117	1.073105
	0.000000	0.000000	0.000000	0.000000	1.000000	-0.024986	-0.003919	-0.005071	-0.022016	1.051149
	0.000000	0.000000	0.000000	0.000000	1.000000	0.053067	-0.026827	0.017493	-0.030046	1.011464
	0.000000	0.000000	0.000000	0.000000	1.000000	-0.008152	-0.012387	0.013017	-0.037192	1.048391
	0.000000	0.000000	0.000000	0.000000	1.000000	-0.034738	-0.033006	0.003521	-0.002528	1.067878
	0.000000	0.000000	0.000000	0.000000	1.000000	0.030814	0.005067	0.021878	-0.071266	1.026903
	0.000000	0.000000	0.000000	0.000000	1.000000	0.004989	0.090909	-0.016605	-0.028461	0.933881
	0.000000	0.000000	0.000000	0.000000	1.000000	-0.011464	-0.033142	0.011830	0.010737	1.032733
	0.000000	0.000000	0.000000	0.000000	1.000000	-0.038588	-0.060647	0.004004	0.011413	1.072204
	0.000000	0.000000	0.000000	0.000000	1.000000	-0.003060	-0.009360	0.017659	-0.028068	1.033800
	0.000000	0.000000	0.000000	0.000000	1.000000	-0.028029	-0.068863	-0.004089	0.013468	1.088666
	0.000000	0.000000	0.000000	0.000000	1.000000	-0.032816	-0.021708	-0.017023	0.007723	1.056631
	0.000000	0.000000	0.000000	0.000000	1.000000	-0.007958	0.023957	-0.013257	-0.017191	1.006704
	0.000000	0.000000	0.000000	0.000000	1.000000	0.213403	-0.017490	0.001961	0.050416	0.758030
	0.000000	0.000000	0.000000	0.000000	1.000000	0.017676	0.046771	0.023029	-0.064506	0.992653
	0.000000	0.000000	0.000000	0.000000	1.000000	-0.011063	-0.044165	0.008492	-0.012527	1.064141
	0.000000	0.000000	0.000000	0.000000	1.000000	-0.040888	-0.042066	-0.013795	0.011913	1.078069
	0.000000	0.000000	0.000000	0.000000	1.000000	0.003612	0.028049	-0.020436	-0.046034	1.014975
	0.000000	0.000000	0.000000	0.000000	1.000000	0.001404	-0.054563	0.004452	-0.012010	1.066910
	0.000000	0.000000	0.000000	0.000000	1.000000	0.021114	0.129801	-0.009993	-0.046358	0.892365
	0.000000	0.000000	0.000000	0.000000	1.000000	0.004558	0.058659	-0.003659	0.003399	0.927728
	0.000000	0.000000	0.000000	0.000000	1.000000	-0.043093	-0.045518	-0.003361	0.019828	1.075878
	0.000000	0.000000	0.000000	0.000000	1.000000	-0.015356	0.001233	-0.003933	-0.020688	1.036353
	0.000000	0.000000	0.000000	0.000000	1.000000	-0.031571	-0.000500	-0.006934	-0.003654	1.041382
	0.000000	0.000000	0.000000	0.000000	1.000000	-0.001368	0.010491	0.016041	0.003671	0.985420
	0.000000	0.000000	0.000000	0.000000	1.000000	-0.001079	0.060722	0.010921	-0.054522	0.989564
	0.000000	0.000000	0.000000	0.000000	1.000000	0.022873	-0.014625	0.003550	-0.017107	0.999170
	0.000000	0.000000	0.000000	0.000000	1.000000	-0.042464	0.121218	0.005028	0.050196	0.890871
	0.000000	0.000000	0.000000	0.000000	1.000000	0.003247	0.050353	-0.009720	-0.026501	0.966344
	0.000000	0.000000	0.000000	0.000000	1.000000	-0.007900	0.037121	-0.016177	0.003720	0.966253
	0.000000	0.000000	0.000000	0.000000	1.000000	0.259259	-0.004062	-0.002696	0.170527	0.569208
	0.000000	0.000000	0.000000	0.000000	1.000000	-0.048907	0.050011	0.061650	0.029043	0.923865
	0.000000	0.000000	0.000000	0.000000	1.000000	0.113632	0.010742	0.067463	-0.098183	0.915045
	0.000000	0.000000	0.000000	0.000000	1.000000	-0.025181	0.163506	0.030827	-0.040702	0.902607
	0.000000	0.000000	0.000000	0.000000	1.000000	0.001944	-0.009324	0.051938	0.015669	0.922363
	0.000000	0.000000	0.000000	0.000000	1.000000	-0.062312	0.020933	0.015488	0.096886	0.972923
	0.000000	0.000000	0.000000	0.000000	1.000000	-0.026211	-0.009655	-0.004900	-0.021146	1.056451
	0.000000	0.000000	0.000000	0.000000	1.000000	0.023433	-0.040137	0.045699	-0.059452	1.024934
	0.000000	0.000000	0.000000	0.000000	1.000000	0.036470	0.007342	0.024657	-0.093221	1.038044
	0.000000	0.000000	0.000000	0.000000	1.000000	0.151221	0.023791	0.044464	-0.078613	0.898824
	0.000000	0.000000	0.000000	0.000000	1.000000	-0.021718	0.016188	-0.005484	-0.007252	1.018381
	0.000000	0.000000	0.000000	0.000000	1.000000	0.060457	-0.023917	0.039269	-0.105907	1.056650
	0.000000	0.000000	0.000000	0.000000	1.000000	0.065716	-0.037040	0.032760	-0.093103	1.056082
	0.000000	0.000000	0.000000	0.000000	1.000000	-0.004048	0.085550	0.052541	0.085201	0.738309
	1.000000	0.000000	0.000000	0.000000	0.000000	0.506183	-0.058196	-0.068348	0.257408	0.308212
	1.000000	0.000000	0.000000	0.000000	0.000000	0.477150	-0.052300	-0.025874	0.050339	0.448710
	1.000000	0.000000	0.000000	0.000000	0.000000	0.657330	-0.039621	-0.047901	0.157612	0.241619
	1.000000	0.000000	0.000000	0.000000	0.000000	0.905960	-0.023578	0.026146	-0.121129	0.302673
	1.000000	0.000000	0.000000	0.000000	0.000000	0.743714	-0.063115	-0.065612	0.185424	0.124110
	1.000000	0.000000	0.000000	0.000000	0.000000	0.830765	-0.042943	-0.028253	0.026928	0.209108
	1.000000	0.000000	0.000000	0.000000	0.000000	0.813637	-0.058495	-0.046475	0.089390	0.168007
	1.000000	0.000000	0.000000	0.000000	0.000000	0.800486	0.001823	-0.031746	0.218411	0.001548
	1.000000	0.000000	0.000000	0.000000	0.000000	0.841944	-0.032966	-0.058090	0.177970	0.035072
	1.000000	0.000000	0.000000	0.000000	0.000000	0.295742	-0.040986	-0.015699	0.056685	0.719614
	1.000000	0.000000	0.000000	0.000000	0.000000	0.227936	0.428327	0.010417	0.281028	0.001946
	1.000000	0.000000	0.000000	0.000000	0.000000	0.591327	-0.053124	-0.012373	-0.004808	0.513775
	1.000000	0.000000	0.000000	0.000000	0.000000	0.339696	-0.030474	0.029907	-0.091626	0.777383
	1.000000	0.000000	0.000000	0.000000	0.000000	0.363615	0.005607	0.047560	-0.033895	0.668955
	1.000000	0.000000	0.000000	0.000000	0.000000	0.665097	-0.049182	-0.027513	0.091702	0.194893
	1.000000	0.000000	0.000000	0.000000	0.000000	0.541621	-0.049516	0.012621	0.252686	0.081319
	0.000000	1.000000	0.000000	0.000000	0.000000	-0.000383	1.043842	0.019549	0.013188	-0.086249
	0.000000	1.000000	0.000000	0.000000	0.000000	0.000146	0.919757	-0.075015	0.072200	0.050140
	0.000000	1.000000	0.000000	0.000000	0.000000	0.023931	0.902429	0.138659	0.018644	-0.142545
	0.000000	1.000000	0.000000	0.000000	0.000000	-0.015162	0.971602	0.032459	0.045764	-0.091474
	0.000000	1.000000	0.000000	0.000000	0.000000	-0.017245	0.973740	-0.058782	0.080133	0.008535
	0.000000	1.000000	0.000000	0.000000	0.000000	0.102759	0.729133	0.072573	-0.095362	0.212480
	0.000000	1.000000	0.000000	0.000000	0.000000	0.032189	0.661718	-0.049720	0.035711	0.247033
	0.000000	1.000000	0.000000	0.000000	0.000000	-0.075998	0.623384	-0.095046	0.233390	0.333249
	0.000000	1.000000	0.000000	0.000000	0.000000	-0.001734	1.024970	-0.020383	0.003822	-0.010952
	0.000000	1.000000	0.000000	0.000000	0.000000	-0.005911	1.042984	-0.016008	0.000925	-0.023842
	0.000000	1.000000	0.000000	0.000000	0.000000	0.026480	1.050646	0.049026	-0.081479	-0.031092
	0.000000	1.000000	0.000000	0.000000	0.000000	0.055553	0.929321	-0.051055	-0.052411	0.082623
	0.000000	1.000000	0.000000	0.000000	0.000000	-0.003328	1.001669	-0.042385	0.029199	0.001849
	0.000000	1.000000	0.000000	0.000000	0.000000	0.007005	0.979145	-0.039521	0.010298	0.025885
	0.000000	1.000000	0.000000	0.000000	0.000000	-0.149955	0.914530	-0.073931	0.446898	-0.026243
	0.000000	1.000000	0.000000	0.000000	0.000000	-0.115081	0.792707	0.365248	-0.161589	0.232994
	0.000000	1.000000	0.000000	0.000000	0.000000	-0.002265	1.032096	-0.016213	0.000739	-0.017147
	0.000000	1.000000	0.000000	0.000000	0.000000	-0.011778	1.039788	0.026364	-0.064883	0.010014
	0.000000	1.000000	0.000000	0.000000	0.000000	-0.034484	1.076742	0.012703	0.014337	-0.060529
	0.000000	1.000000	0.000000	0.000000	0.000000	0.198906	0.938844	0.012300	-0.097269	-0.033690
	0.000000	1.000000	0.000000	0.000000	0.000000	-0.007070	1.037751	-0.021662	0.017707	-0.033408
	0.000000	1.000000	0.000000	0.000000	0.000000	0.044413	0.939087	-0.032188	-0.050471	0.074647
	0.000000	1.000000	0.000000	0.000000	0.000000	-0.015691	1.033031	0.020955	-0.057305	0.014816
	0.000000	1.000000	0.000000	0.000000	0.000000	-0.014739	1.014387	-0.006613	0.000103	0.015430
	0.000000	1.000000	0.000000	0.000000	0.000000	-0.015939	1.067593	-0.000538	0.013476	-0.055410
	0.000000	1.000000	0.000000	0.000000	0.000000	-0.047866	0.849475	-0.054705	0.114071	0.152001
	0.000000	1.000000	0.000000	0.000000	0.000000	0.056592	0.989545	-0.000141	-0.116054	0.060311
	0.000000	1.000000	0.000000	0.000000	0.000000	0.005991	0.957752	-0.019760	0.009745	0.040236
	0.000000	1.000000	0.000000	0.000000	0.000000	-0.008944	1.045898	-0.015703	0.001072	-0.020439
	0.000000	1.000000	0.000000	0.000000	0.000000	-0.002852	0.912266	-0.014562	0.008375	0.083868
	0.000000	1.000000	0.000000	0.000000	0.000000	-0.073132	0.880347	-0.064972	0.268999	0.004609
	0.000000	1.000000	0.000000	0.000000	0.000000	-0.048802	0.866195	-0.017899	0.148820	0.030642
	0.000000	1.000000	0.000000	0.000000	0.000000	-0.010619	1.041748	0.008504	-0.014678	-0.027653
	0.000000	1.000000	0.000000	0.000000	0.000000	-0.019727	1.084712	0.003777	0.002360	-0.062674
	0.000000	1.000000	0.000000	0.000000	0.000000	-0.168219	0.728492	0.372142	-0.082076	0.193570
	0.000000	0.000000	1.000000	0.000000	0.000000	-0.105920	-0.019766	0.961980	0.007968	0.169494
	0.000000	0.000000	1.000000	0.000000	0.000000	0.019909	-0.033209	0.951081	0.065512	-0.006606
	0.000000	0.000000	1.000000	0.000000	0.000000	0.047884	0.066311	1.045030	-0.130451	-0.031192
	0.000000	0.000000	1.000000	0.000000	0.000000	0.050695	0.057875	0.890033	-0.004696	-0.018205
	0.000000	0.000000	1.000000	0.000000	0.000000	-0.105199	0.072745	0.913347	0.060700	0.008402
	0.000000	0.000000	1.000000	0.000000	0.000000	0.047140	0.047342	0.930713	0.022356	-0.055460
	0.000000	0.000000	1.000000	0.000000	0.000000	-0.065306	-0.001640	0.555661	0.523781	-0.004513
	0.000000	0.000000	1.000000	0.000000	0.000000	-0.036963	0.073210	0.987316	-0.004304	-0.062375
	0.000000	0.000000	1.000000	0.000000	0.000000	0.010526	-0.023964	1.024054	-0.037951	0.019296
	0.000000	0.000000	1.000000	0.000000	0.000000	0.039125	-0.008257	0.849520	0.144163	-0.025030
	0.000000	0.000000	1.000000	0.000000	0.000000	0.268204	0.115939	0.848254	-0.072858	-0.083124
	0.000000	0.000000	1.000000	0.000000	0.000000	0.061951	-0.042557	0.830949	0.168279	-0.017540
	0.000000	0.000000	1.000000	0.000000	0.000000	0.043989	0.013191	1.055233	-0.106305	-0.006005
	0.000000	0.000000	1.000000	0.000000	0.000000	-0.264319	0.163592	0.121948	0.899709	0.253355
	0.000000	0.000000	1.000000	0.000000	0.000000	-0.024709	-0.020244	1.015902	-0.020142	0.043410
	0.000000	0.000000	1.000000	0.000000	0.000000	0.054563	0.076575	1.041661	-0.144187	-0.017242
	0.000000	0.000000	0.000000	1.000000	0.000000	0.175151	0.053896	0.218404	0.738501	-0.135067
	0.000000	0.000000	0.000000	1.000000	0.000000	0.003039	-0.035245	-0.023314	0.607299	0.353035
	0.000000	0.000000	0.000000	1.000000	0.000000	-0.207283	0.146580	-0.074149	0.973276	0.266099
	0.000000	0.000000	0.000000	1.000000	0.000000	-0.159091	0.060042	-0.049677	1.067528	0.043116
	0.000000	0.000000	0.000000	1.000000	0.000000	0.059262	-0.039716	0.037427	0.883445	-0.006884
	0.000000	0.000000	0.000000	1.000000	0.000000	-0.127789	0.027206	-0.073023	0.937322	0.232896
	0.000000	0.000000	0.000000	1.000000	0.000000	0.094993	0.028835	-0.027786	0.796105	0.029984
	0.000000	0.000000	0.000000	1.000000	0.000000	0.115962	0.011209	0.093810	0.913650	-0.109749
	0.000000	0.000000	0.000000	1.000000	0.000000	-0.143958	-0.005172	0.073371	1.026069	0.029420
	0.000000	0.000000	0.000000	1.000000	0.000000	-0.135121	0.044877	-0.064731	1.048608	0.070308
	0.000000	0.000000	0.000000	1.000000	0.000000	0.170065	0.001141	0.239975	0.814075	-0.136268
	0.000000	0.000000	0.000000	1.000000	0.000000	-0.019888	-0.023477	0.091054	1.007129	-0.060475
	0.000000	0.000000	0.000000	1.000000	0.000000	-0.209489	0.004582	0.014158	1.112847	0.070931
	0.000000	0.000000	0.000000	1.000000	0.000000	0.048788	-0.072261	0.549889	0.644397	-0.077082
	0.000000	0.000000	0.000000	1.000000	0.000000	0.007118	0.026948	0.298132	0.728472	-0.057018
	0.000000	0.000000	0.000000	0.000000	1.000000	0.018890	-0.019362	0.019562	-0.011836	1.016733
	0.000000	0.000000	0.000000	0.000000	1.000000	-0.044591	-0.000155	0.004606	0.083219	0.991290
	0.000000	0.000000	0.000000	0.000000	1.000000	-0.024966	-0.014698	0.000981	-0.011219	1.050098
	0.000000	0.000000	0.000000	0.000000	1.000000	0.024064	0.005314	0.017259	-0.071910	1.030777
	0.000000	0.000000	0.000000	0.000000	1.000000	0.037673	0.056409	0.007502	-0.031237	0.926887
	0.000000	0.000000	0.000000	0.000000	1.000000	0.025978	-0.054710	0.016671	-0.044877	1.069645
	0.000000	0.000000	0.000000	0.000000	1.000000	-0.021241	-0.013920	-0.013563	0.110920	0.945270
	0.000000	0.000000	0.000000	0.000000	1.000000	-0.000441	-0.004805	0.006798	-0.032726	1.036362
	0.000000	0.000000	0.000000	0.000000	1.000000	0.150660	0.001504	0.055555	-0.097965	0.944682
	0.000000	0.000000	0.000000	0.000000	1.000000	0.407228	-0.050669	-0.028657	0.078397	0.537347
	0.000000	0.000000	0.000000	0.000000	1.000000	-0.020741	0.010936	-0.013395	-0.010161	1.023398
	0.000000	0.000000	0.000000	0.000000	1.000000	-0.003719	-0.020611	0.038344	-0.056389	1.062626
	0.000000	0.000000	0.000000	0.000000	1.000000	-0.008933	0.011294	-0.001570	-0.040785	1.032789
	0.000000	0.000000	0.000000	0.000000	1.000000	-0.039214	-0.071233	-0.006188	0.026294	1.095192
	0.000000	0.000000	0.000000	0.000000	1.000000	0.005737	0.024466	-0.002403	-0.044620	1.009899
	0.000000	0.000000	0.000000	0.000000	1.000000	-0.014345	-0.077310	-0.030069	0.122480	1.004174
	0.000000	0.000000	0.000000	0.000000	1.000000	-0.001057	-0.018854	0.016736	-0.001793	1.021536
	0.000000	0.000000	0.000000	0.000000	1.000000	-0.065815	0.086771	-0.016521	0.088904	0.926116
	0.000000	0.000000	0.000000	0.000000	1.000000	0.004203	0.027308	0.015786	-0.078750	1.033163
	0.000000	0.000000	0.000000	0.000000	1.000000	-0.030752	-0.014639	-0.017277	0.124833	0.943949
	0.000000	0.000000	0.000000	0.000000	1.000000	0.017105	-0.025594	0.001476	-0.033096	1.040863
	0.000000	0.000000	0.000000	0.000000	1.000000	-0.014403	-0.017775	0.000783	-0.043856	1.066775
	0.000000	0.000000	0.000000	0.000000	1.000000	0.085725	0.007461	0.042985	-0.120114	1.024615
	0.000000	0.000000	0.000000	0.000000	1.000000	0.023082	-0.031277	0.008511	0.007782	1.008718
	0.000000	0.000000	0.000000	0.000000	1.000000	0.002111	0.013539	0.009286	-0.063701	1.038480
	0.000000	0.000000	0.000000	0.000000	1.000000	0.031575	-0.016795	0.031570	-0.098528	1.060719
	0.000000	0.000000	0.000000	0.000000	1.000000	0.011117	-0.039346	0.022495	-0.062817	1.077330
	0.000000	0.000000	0.000000	0.000000	1.000000	0.107184	-0.031000	-0.016954	0.110713	0.816928
	0.000000	0.000000	0.000000	0.000000	1.000000	-0.000885	-0.064077	0.009270	-0.029707	1.086902
	0.000000	0.000000	0.000000	0.000000	1.000000	-0.032062	-0.038729	-0.001254	0.001651	1.072373
	0.000000	0.000000	0.000000	0.000000	1.000000	-0.053917	-0.068922	-0.014441	0.076205	1.077283
	0.000000	0.000000	0.000000	0.000000	1.000000	-0.001898	-0.003803	-0.014184	-0.003838	1.016964
	0.000000	0.000000	0.000000	0.000000	1.000000	-0.013807	-0.037239	0.002565	-0.031994	1.079044
	0.000000	0.000000	0.000000	0.000000	1.000000	-0.029015	-0.017440	-0.010100	-0.013525	1.060563
	0.000000	0.000000	0.000000	0.000000	1.000000	0.034379	-0.042295	0.010853	0.002714	1.011744
	0.000000	0.000000	0.000000	0.000000	1.000000	0.006528	0.135366	-0.019228	-0.021643	0.880407
	0.000000	0.000000	0.000000	0.000000	1.000000	0.021891	0.042640	0.017272	-0.090888	1.015631
	0.000000	0.000000	0.000000	0.000000	1.000000	0.013955	0.154785	-0.013922	-0.042872	0.875924
	0.000000	0.000000	0.000000	0.000000	1.000000	0.003127	0.102035	-0.014920	-0.041790	0.939749
	0.000000	0.000000	0.000000	0.000000	1.000000	0.002465	0.036153	0.013823	-0.035454	0.987160
	0.000000	0.000000	0.000000	0.000000	1.000000	0.025482	0.100473	-0.035060	-0.061335	0.942075
	0.000000	0.000000	0.000000	0.000000	1.000000	-0.016108	0.043483	-0.005171	0.006231	0.973453
	0.000000	0.000000	0.000000	0.000000	1.000000	-0.011930	-0.063586	-0.007146	0.024161	1.062671
	0.000000	0.000000	0.000000	0.000000	1.000000	0.047985	0.011261	0.025882	-0.073770	1.005190
	0.000000	0.000000	0.000000	0.000000	1.000000	-0.056975	-0.024720	-0.001055	0.030851	1.064978
	0.000000	0.000000	0.000000	0.000000	1.000000	-0.000563	0.009979	0.015974	-0.077567	1.052076
	0.000000	0.000000	0.000000	0.000000	1.000000	-0.007748	-0.036068	-0.001426	-0.009675	1.057379
	0.000000	0.000000	0.000000	0.000000	1.000000	-0.012838	0.018911	0.002875	-0.008903	1.001453
	0.000000	0.000000	0.000000	0.000000	1.000000	0.037749	0.094288	0.001387	-0.098500	0.965521
	0.000000	0.000000	0.000000	0.000000	1.000000	-0.023766	-0.035332	0.006349	0.004093	1.054346
	0.000000	0.000000	0.000000	0.000000	1.000000	0.055914	-0.023064	0.028626	-0.088287	1.050173
	0.000000	0.000000	0.000000	0.000000	1.000000	-0.024562	0.014574	-0.005666	-0.027230	1.035818
	0.000000	0.000000	0.000000	0.000000	1.000000	0.023449	0.015897	-0.001000	-0.043857	0.992504
	0.000000	0.000000	0.000000	0.000000	1.000000	-0.011670	-0.007871	-0.002396	-0.030816	1.045901
	0.000000	0.000000	0.000000	0.000000	1.000000	-0.074235	-0.011439	0.049043	0.047058	1.017835
	0.000000	0.000000	0.000000	0.000000	1.000000	-0.003106	-0.001937	0.001478	-0.003742	1.007935
	0.000000	0.000000	0.000000	0.000000	1.000000	0.023038	0.032093	0.015790	-0.073089	1.010147
	0.000000	0.000000	0.000000	0.000000	1.000000	-0.005257	-0.049732	0.004678	0.002701	1.051677
	0.000000	0.000000	0.000000	0.000000	1.000000	0.130929	-0.014787	0.067563	-0.154782	1.047134
	0.000000	0.000000	0.000000	0.000000	1.000000	0.048334	-0.027904	0.030342	-0.094998	1.064286
	0.000000	0.000000	0.000000	0.000000	1.000000	0.015892	-0.029003	0.019547	-0.048161	1.053377
