	1.000000	0.000000	0.000000	0.000000	0.000000	0.862229	-0.133945	0.010850	0.042977	0.126197
	1.000000	0.000000	0.000000	0.000000	0.000000	0.892264	-0.152541	-0.056082	0.179063	0.084964
	1.000000	0.000000	0.000000	0.000000	0.000000	0.979486	-0.176897	-0.030730	0.109952	-0.023792
	1.000000	0.000000	0.000000	0.000000	0.000000	0.957384	-0.152837	-0.049982	0.165315	-0.002621
	1.000000	0.000000	0.000000	0.000000	0.000000	0.860420	-0.140343	-0.052132	0.197801	0.095329
	1.000000	0.000000	0.000000	0.000000	0.000000	0.874085	-0.139024	-0.023664	0.112847	0.105917
	1.000000	0.000000	0.000000	0.000000	0.000000	0.814569	-0.126453	-0.051884	0.260150	0.076894
	1.000000	0.000000	0.000000	0.000000	0.000000	0.910747	-0.142009	-0.046435	0.232306	-0.020811
	1.000000	0.000000	0.000000	0.000000	0.000000	0.829393	-0.146075	-0.028721	0.071369	0.219762
	1.000000	0.000000	0.000000	0.000000	0.000000	0.871539	-0.133111	-0.050925	0.395736	-0.088477
	1.000000	0.000000	0.000000	0.000000	0.000000	0.856392	-0.133101	-0.013404	0.064977	0.162704
	1.000000	0.000000	0.000000	0.000000	0.000000	0.912408	-0.160395	-0.023009	0.123913	0.030834
	1.000000	0.000000	0.000000	0.000000	0.000000	0.855781	-0.128420	-0.055426	0.295394	-0.000612
	1.000000	0.000000	0.000000	0.000000	0.000000	0.307611	0.077861	0.077219	0.052269	0.375008
	0.000000	1.000000	0.000000	0.000000	0.000000	-0.020295	0.982628	0.023273	-0.025938	0.017747
	0.000000	1.000000	0.000000	0.000000	0.000000	-0.028528	1.010958	-0.029686	0.091748	-0.036337
	0.000000	1.000000	0.000000	0.000000	0.000000	-0.041652	1.020041	0.014302	-0.004959	0.022054
	0.000000	1.000000	0.000000	0.000000	0.000000	-0.044597	1.007818	-0.033269	0.120104	-0.006407
	0.000000	1.000000	0.000000	0.000000	0.000000	0.034394	1.018113	0.016969	-0.079042	-0.014337
	0.000000	1.000000	0.000000	0.000000	0.000000	-0.035848	0.956812	-0.044909	0.138196	-0.003824
	0.000000	1.000000	0.000000	0.000000	0.000000	-0.030475	0.871370	-0.043369	0.099853	0.116890
	0.000000	1.000000	0.000000	0.000000	0.000000	-0.027718	0.901549	-0.047403	0.189817	-0.007844
	0.000000	1.000000	0.000000	0.000000	0.000000	-0.028015	1.049870	0.000745	0.055572	-0.078382
	0.000000	1.000000	0.000000	0.000000	0.000000	-0.035279	1.008942	-0.034631	0.126540	-0.066074
	0.000000	1.000000	0.000000	0.000000	0.000000	-0.015882	0.931746	0.027826	0.023178	0.031753
	0.000000	1.000000	0.000000	0.000000	0.000000	-0.033777	1.048555	-0.046311	0.115593	-0.069161
	0.000000	1.000000	0.000000	0.000000	0.000000	-0.066442	0.983972	0.026355	0.050708	0.031319
	0.000000	1.000000	0.000000	0.000000	0.000000	-0.011473	1.013946	-0.024292	0.025914	-0.006219
	0.000000	1.000000	0.000000	0.000000	0.000000	0.005044	0.967653	-0.036262	0.015860	0.035687
	0.000000	1.000000	0.000000	0.000000	0.000000	-0.012196	1.039909	0.006010	-0.013445	-0.035008
	0.000000	1.000000	0.000000	0.000000	0.000000	0.016555	0.774526	-0.051064	0.035409	0.179867
	0.000000	1.000000	0.000000	0.000000	0.000000	0.008439	0.900676	-0.069609	0.065209	0.075562
	0.000000	1.000000	0.000000	0.000000	0.000000	-0.009990	0.951782	0.087867	-0.011182	-0.050813
	0.000000	1.000000	0.000000	0.000000	0.000000	0.003668	0.950880	-0.068700	0.065705	0.040463
	0.000000	1.000000	0.000000	0.000000	0.000000	0.005683	1.037636	0.080900	-0.092396	-0.056089
	0.000000	1.000000	0.000000	0.000000	0.000000	-0.012849	0.821787	-0.060872	0.110619	0.149501
	0.000000	1.000000	0.000000	0.000000	0.000000	-0.038019	0.768250	-0.019034	0.088055	0.239634
	0.000000	1.000000	0.000000	0.000000	0.000000	-0.024877	0.811983	0.184182	-0.147624	0.161965
	0.000000	1.000000	0.000000	0.000000	0.000000	0.015668	1.061775	-0.007220	-0.044672	-0.039940
	0.000000	1.000000	0.000000	0.000000	0.000000	0.106741	0.994650	-0.016493	-0.133321	0.010409
	0.000000	1.000000	0.000000	0.000000	0.000000	0.033002	0.976318	0.091637	-0.127290	-0.009100
	0.000000	1.000000	0.000000	0.000000	0.000000	-0.127840	0.916530	0.010135	0.275779	0.021833
	0.000000	1.000000	0.000000	0.000000	0.000000	0.020077	0.781242	0.011595	0.096724	0.022096
	0.000000	1.000000	0.000000	0.000000	0.000000	-0.023530	0.873213	0.007804	0.052069	0.038543
	0.000000	1.000000	0.000000	0.000000	0.000000	0.013123	0.955016	0.070456	-0.036370	-0.059850
	0.000000	1.000000	0.000000	0.000000	0.000000	0.056103	0.942836	-0.057855	-0.048421	0.076826
	0.000000	1.000000	0.000000	0.000000	0.000000	-0.038407	1.103443	-0.001928	0.037921	-0.076246
	0.000000	1.000000	0.000000	0.000000	0.000000	-0.051711	0.978623	0.055524	0.028432	-0.032137
	0.000000	1.000000	0.000000	0.000000	0.000000	-0.064560	0.217759	0.145580	0.526044	0.155195
	0.000000	1.000000	0.000000	0.000000	0.000000	-0.022364	0.940555	-0.018967	0.034177	0.089020
	0.000000	1.000000	0.000000	0.000000	0.000000	0.011242	0.995234	-0.040624	0.088951	-0.062079
	0.000000	1.000000	0.000000	0.000000	0.000000	-0.012916	1.035766	0.015178	-0.014887	-0.047719
	0.000000	1.000000	0.000000	0.000000	0.000000	-0.033996	1.084086	-0.026450	0.069297	-0.068500
	0.000000	0.000000	1.000000	0.000000	0.000000	0.018781	0.014118	1.007307	-0.015148	-0.078421
	0.000000	0.000000	1.000000	0.000000	0.000000	-0.091395	0.042416	0.995332	0.061960	-0.040560
	0.000000	0.000000	1.000000	0.000000	0.000000	0.001159	-0.000910	1.032542	-0.014591	-0.070602
	0.000000	0.000000	1.000000	0.000000	0.000000	-0.013927	0.032440	0.862985	0.138744	-0.046935
	0.000000	0.000000	1.000000	0.000000	0.000000	0.008108	-0.013557	1.039832	-0.012965	-0.071390
	0.000000	0.000000	1.000000	0.000000	0.000000	-0.088948	0.014252	0.848335	0.270552	-0.011175
	0.000000	0.000000	1.000000	0.000000	0.000000	0.057424	-0.017203	1.009517	-0.032489	-0.074796
	0.000000	0.000000	1.000000	0.000000	0.000000	0.097151	0.015228	0.898948	0.074035	-0.105740
	0.000000	0.000000	1.000000	0.000000	0.000000	0.095637	0.004910	1.015258	-0.087393	-0.086345
	0.000000	0.000000	1.000000	0.000000	0.000000	-0.036387	-0.020944	0.923222	0.156078	-0.028942
	0.000000	0.000000	1.000000	0.000000	0.000000	0.109759	0.059239	0.830777	0.069532	-0.105987
	0.000000	0.000000	1.000000	0.000000	0.000000	0.014470	-0.024937	1.029620	-0.014557	-0.060787
	0.000000	0.000000	1.000000	0.000000	0.000000	0.051404	-0.028873	1.015959	-0.074604	-0.022600
	0.000000	0.000000	0.000000	1.000000	0.000000	-0.044437	0.105634	0.026676	0.951702	0.009636
	0.000000	0.000000	0.000000	1.000000	0.000000	0.137933	0.059797	0.059406	0.780225	-0.025150
	0.000000	0.000000	0.000000	1.000000	0.000000	0.353180	0.101694	-0.006291	0.551522	0.008089
	0.000000	0.000000	0.000000	1.000000	0.000000	-0.050896	0.229073	-0.019972	0.794616	0.109923
	0.000000	0.000000	0.000000	1.000000	0.000000	0.237754	0.017883	0.083614	0.750171	-0.063428
	0.000000	0.000000	0.000000	1.000000	0.000000	0.314530	0.013250	0.035914	0.636960	-0.022697
	0.000000	0.000000	0.000000	1.000000	0.000000	0.223918	0.031687	0.129512	0.892441	-0.134196
	0.000000	0.000000	0.000000	1.000000	0.000000	-0.037045	0.290173	-0.035560	0.754313	0.081161
	0.000000	0.000000	0.000000	1.000000	0.000000	0.069259	0.084860	0.023874	0.854256	-0.006649
	0.000000	0.000000	0.000000	1.000000	0.000000	-0.034162	0.066120	-0.030868	0.785366	0.219331
	0.000000	0.000000	0.000000	1.000000	0.000000	0.298337	0.039856	0.130900	0.877495	-0.160815
	0.000000	0.000000	0.000000	1.000000	0.000000	0.150788	0.053060	0.103694	0.911245	-0.113168
	0.000000	0.000000	0.000000	1.000000	0.000000	0.028014	0.083733	0.022613	0.923513	-0.019790
	0.000000	0.000000	0.000000	1.000000	0.000000	0.375784	0.043170	0.080662	0.943540	-0.184266
	0.000000	0.000000	0.000000	1.000000	0.000000	0.044983	0.094554	0.019545	0.973957	-0.065923
	0.000000	0.000000	0.000000	1.000000	0.000000	0.171817	0.064971	0.082716	0.938085	-0.126760
	0.000000	0.000000	0.000000	0.000000	1.000000	0.034017	-0.016380	0.016986	0.001362	0.977139
	0.000000	0.000000	0.000000	0.000000	1.000000	0.108402	-0.045652	-0.007225	0.057243	0.887697
	0.000000	0.000000	0.000000	0.000000	1.000000	0.057637	0.018315	0.054725	-0.003237	0.877982
	0.000000	0.000000	0.000000	0.000000	1.000000	0.118684	-0.086363	-0.048829	0.184278	0.815723
	0.000000	0.000000	0.000000	0.000000	1.000000	0.137950	-0.029650	-0.009415	0.039883	0.845571
	0.000000	0.000000	0.000000	0.000000	1.000000	0.008116	0.040036	0.011891	-0.038760	0.980803
	0.000000	0.000000	0.000000	0.000000	1.000000	-0.010136	-0.006468	0.004107	-0.009476	1.038903
	0.000000	0.000000	0.000000	0.000000	1.000000	0.044150	-0.049879	-0.002079	0.020364	0.989509
	0.000000	0.000000	0.000000	0.000000	1.000000	-0.014938	-0.051502	-0.018142	0.019344	1.082045
	0.000000	0.000000	0.000000	0.000000	1.000000	-0.015415	0.034694	-0.032605	0.041039	0.989609
	0.000000	0.000000	0.000000	0.000000	1.000000	-0.033760	-0.002664	-0.028479	0.093322	1.002338
	0.000000	0.000000	0.000000	0.000000	1.000000	-0.007109	-0.031970	-0.013697	0.000380	1.061410
	0.000000	0.000000	0.000000	0.000000	1.000000	0.032521	0.031299	-0.012385	-0.048386	0.997970
	0.000000	0.000000	0.000000	0.000000	1.000000	-0.000563	-0.028488	-0.003683	-0.014026	1.055864
	0.000000	0.000000	0.000000	0.000000	1.000000	0.024251	-0.026167	-0.012254	-0.002465	1.020050
	0.000000	0.000000	0.000000	0.000000	1.000000	0.026787	-0.009468	-0.020205	0.058711	0.951537
	0.000000	0.000000	0.000000	0.000000	1.000000	-0.005826	0.080643	-0.022677	0.034370	0.928544
	0.000000	0.000000	0.000000	0.000000	1.000000	0.095969	-0.040745	-0.024380	0.133984	0.817184
	0.000000	0.000000	0.000000	0.000000	1.000000	0.038018	-0.022285	-0.019393	0.147263	0.860177
	0.000000	0.000000	0.000000	0.000000	1.000000	0.024691	0.031623	0.004943	0.032666	0.902428
	0.000000	0.000000	0.000000	0.000000	1.000000	0.018161	0.002058	0.025310	-0.060271	1.030257
	0.000000	0.000000	0.000000	0.000000	1.000000	0.051655	-0.052330	0.012533	-0.026998	1.030753
	0.000000	0.000000	0.000000	0.000000	1.000000	0.019610	0.002041	-0.005973	-0.046314	1.035829
	0.000000	0.000000	0.000000	0.000000	1.000000	0.132825	-0.047508	0.012517	-0.030516	0.949288
	0.000000	0.000000	0.000000	0.000000	1.000000	0.020159	-0.026249	0.007811	-0.021542	1.028588
	0.000000	0.000000	0.000000	0.000000	1.000000	-0.006490	-0.036713	-0.003819	0.016047	1.049098
	0.000000	0.000000	0.000000	0.000000	1.000000	0.047558	-0.031244	0.016308	-0.044364	1.019151
	0.000000	0.000000	0.000000	0.000000	1.000000	0.010890	0.079568	-0.025213	0.005037	0.924946
	0.000000	0.000000	0.000000	0.000000	1.000000	0.060595	-0.044754	0.012690	0.024912	0.958890
	0.000000	0.000000	0.000000	0.000000	1.000000	-0.018566	-0.067643	-0.016683	0.093521	1.014475
	0.000000	0.000000	0.000000	0.000000	1.000000	0.037149	-0.021193	0.022206	-0.030267	1.001318
	0.000000	0.000000	0.000000	0.000000	1.000000	0.013877	-0.072195	-0.016782	0.021047	1.065574
	0.000000	0.000000	0.000000	0.000000	1.000000	-0.013487	-0.026786	-0.023510	0.021234	1.062978
	0.000000	0.000000	0.000000	0.000000	1.000000	0.025437	0.017210	-0.018070	-0.010002	0.990355
	0.000000	0.000000	0.000000	0.000000	1.000000	0.353298	-0.057029	-0.010126	0.124483	0.560096
	0.000000	0.000000	0.000000	0.000000	1.000000	0.061309	0.040166	0.034891	-0.087772	0.957969
	0.000000	0.000000	0.000000	0.000000	1.000000	0.022411	-0.052067	-0.001105	-0.005795	1.043382
	0.000000	0.000000	0.000000	0.000000	1.000000	-0.021031	-0.045772	-0.022577	0.028492	1.081325
	0.000000	0.000000	0.000000	0.000000	1.000000	0.017209	-0.003960	-0.015418	-0.030081	1.036818
	0.000000	0.000000	0.000000	0.000000	1.000000	0.035357	-0.066031	-0.008907	-0.001833	1.048061
	0.000000	0.000000	0.000000	0.000000	1.000000	0.029422	0.117517	-0.017539	-0.019507	0.871531
	0.000000	0.000000	0.000000	0.000000	1.000000	0.011640	0.065544	-0.015189	0.041715	0.883026
	0.000000	0.000000	0.000000	0.000000	1.000000	-0.009811	-0.044500	-0.013137	0.027528	1.059424
	0.000000	0.000000	0.000000	0.000000	1.000000	0.003074	-0.013462	0.000390	-0.011942	1.039961
	0.000000	0.000000	0.000000	0.000000	1.000000	0.013301	0.004269	-0.005172	-0.019119	1.019746
	0.000000	0.000000	0.000000	0.000000	1.000000	0.026796	0.002181	0.018182	0.015501	0.942223
	0.000000	0.000000	0.000000	0.000000	1.000000	0.013995	0.040333	0.017567	-0.053560	0.990081
	0.000000	0.000000	0.000000	0.000000	1.000000	0.049303	-0.039486	-0.011400	0.058669	0.939525
	0.000000	0.000000	0.000000	0.000000	1.000000	-0.006169	0.134813	0.013559	0.056565	0.825141
	0.000000	0.000000	0.000000	0.000000	1.000000	-0.024422	0.030322	-0.018775	0.044038	0.983956
	0.000000	0.000000	0.000000	0.000000	1.000000	-0.023226	0.030551	-0.026979	0.070495	0.964842
	0.000000	0.000000	0.000000	0.000000	1.000000	0.496152	-0.047095	0.010933	0.191497	0.301296
	0.000000	0.000000	0.000000	0.000000	1.000000	0.004288	0.025943	0.059274	0.129438	0.749653
	0.000000	0.000000	0.000000	0.000000	1.000000	0.152774	-0.038847	0.047377	0.015889	0.741261
	0.000000	0.000000	0.000000	0.000000	1.000000	-0.031749	0.149091	0.059449	-0.010002	0.884516
	0.000000	0.000000	0.000000	0.000000	1.000000	0.077240	-0.045523	0.011297	0.184253	0.701737
	0.000000	0.000000	0.000000	0.000000	1.000000	-0.033746	0.027337	0.025603	0.150096	0.904774
	0.000000	0.000000	0.000000	0.000000	1.000000	0.013387	-0.014190	0.005422	-0.047727	1.052555
	0.000000	0.000000	0.000000	0.000000	1.000000	0.080307	-0.067906	0.020791	0.028468	0.893358
	0.000000	0.000000	0.000000	0.000000	1.000000	0.069280	-0.026514	0.030310	-0.091912	1.029241
	0.000000	0.000000	0.000000	0.000000	1.000000	0.192121	-0.036196	0.030064	-0.005160	0.811583
	0.000000	0.000000	0.000000	0.000000	1.000000	0.003156	0.020308	-0.004548	-0.019514	1.009330
	0.000000	0.000000	0.000000	0.000000	1.000000	0.087063	-0.057761	0.042604	-0.102202	1.039085
	0.000000	0.000000	0.000000	0.000000	1.000000	0.095960	-0.068791	0.030320	-0.080640	1.030864
	0.000000	0.000000	0.000000	0.000000	1.000000	0.020647	0.063142	0.055259	0.229982	0.552595
	1.000000	0.000000	0.000000	0.000000	0.000000	0.613769	-0.111574	-0.059098	0.294260	0.230815
	1.000000	0.000000	0.000000	0.000000	0.000000	0.554639	-0.128301	-0.052431	0.247923	0.279491
	1.000000	0.000000	0.000000	0.000000	0.000000	0.668963	-0.113020	-0.059352	0.268757	0.205678
	1.000000	0.000000	0.000000	0.000000	0.000000	0.860547	-0.147873	-0.021057	0.032566	0.229668
	1.000000	0.000000	0.000000	0.000000	0.000000	0.730688	-0.132397	-0.069717	0.328541	0.097874
	1.000000	0.000000	0.000000	0.000000	0.000000	0.801066	-0.137147	-0.050488	0.177384	0.169256
	1.000000	0.000000	0.000000	0.000000	0.000000	0.795099	-0.136880	-0.060518	0.262488	0.104481
	1.000000	0.000000	0.000000	0.000000	0.000000	0.792843	-0.094898	-0.035985	0.358066	-0.024979
	1.000000	0.000000	0.000000	0.000000	0.000000	0.788759	-0.114993	-0.058103	0.334747	0.033425
	1.000000	0.000000	0.000000	0.000000	0.000000	0.402845	-0.092489	-0.043869	0.158277	0.560683
	1.000000	0.000000	0.000000	0.000000	0.000000	0.140586	0.302833	0.058693	0.353132	0.058987
	1.000000	0.000000	0.000000	0.000000	0.000000	0.606617	-0.131679	-0.044483	0.133834	0.417149
	1.000000	0.000000	0.000000	0.000000	0.000000	0.404708	-0.106788	-0.006983	0.039106	0.602964
	1.000000	0.000000	0.000000	0.000000	0.000000	0.384290	-0.044446	0.039991	0.066563	0.502026
	1.000000	0.000000	0.000000	0.000000	0.000000	0.686820	-0.132506	-0.040618	0.281091	0.114302
	1.000000	0.000000	0.000000	0.000000	0.000000	0.710177	-0.110696	0.022414	0.359791	-0.038327
	0.000000	1.000000	0.000000	0.000000	0.000000	0.019014	1.021650	0.029808	0.008177	-0.113046
	0.000000	1.000000	0.000000	0.000000	0.000000	-0.023005	0.879056	-0.106186	0.209026	0.078276
	0.000000	1.000000	0.000000	0.000000	0.000000	0.010638	0.780929	0.249765	-0.008240	-0.101670
	0.000000	1.000000	0.000000	0.000000	0.000000	-0.078350	0.947082	0.050878	0.092081	-0.057621
	0.000000	1.000000	0.000000	0.000000	0.000000	-0.036036	0.938930	-0.087453	0.197709	0.031538
	0.000000	1.000000	0.000000	0.000000	0.000000	0.071395	0.630198	0.096112	-0.095812	0.239341
	0.000000	1.000000	0.000000	0.000000	0.000000	-0.039897	0.571641	-0.049577	0.173287	0.337893
	0.000000	1.000000	0.000000	0.000000	0.000000	-0.117034	0.479904	-0.054125	0.341416	0.564422
	0.000000	1.000000	0.000000	0.000000	0.000000	-0.007689	1.009135	-0.033084	0.050042	-0.019182
	0.000000	1.000000	0.000000	0.000000	0.000000	-0.012469	1.031883	-0.041177	0.051489	-0.029165
	0.000000	1.000000	0.000000	0.000000	0.000000	0.039415	1.014982	0.065353	-0.117637	-0.038835
	0.000000	1.000000	0.000000	0.000000	0.000000	0.024582	0.884580	-0.075423	0.033952	0.112555
	0.000000	1.000000	0.000000	0.000000	0.000000	-0.011683	0.994081	-0.060787	0.091508	-0.005129
	0.000000	1.000000	0.000000	0.000000	0.000000	-0.002194	0.952512	-0.056852	0.077436	0.027016
	0.000000	1.000000	0.000000	0.000000	0.000000	-0.154941	0.914253	-0.081231	0.598927	-0.054347
	0.000000	1.000000	0.000000	0.000000	0.000000	-0.194216	0.450207	0.515480	-0.007235	0.443283
	0.000000	1.000000	0.000000	0.000000	0.000000	-0.001654	1.026848	-0.030462	0.034889	-0.037250
	0.000000	1.000000	0.000000	0.000000	0.000000	-0.037745	1.008588	0.026093	-0.030930	0.034656
	0.000000	1.000000	0.000000	0.000000	0.000000	-0.042959	1.080833	0.011895	0.038987	-0.082428
	0.000000	1.000000	0.000000	0.000000	0.000000	0.091737	0.806525	0.021292	-0.017982	0.023360
	0.000000	1.000000	0.000000	0.000000	0.000000	-0.022680	1.029497	-0.045580	0.088121	-0.043031
	0.000000	1.000000	0.000000	0.000000	0.000000	0.030940	0.908027	-0.049762	-0.000526	0.076435
	0.000000	1.000000	0.000000	0.000000	0.000000	-0.044596	1.010336	0.022567	-0.015605	0.034698
	0.000000	1.000000	0.000000	0.000000	0.000000	-0.035097	0.988495	0.002517	0.038764	0.031686
	0.000000	1.000000	0.000000	0.000000	0.000000	-0.006843	1.067604	-0.014349	0.036781	-0.087365
	0.000000	1.000000	0.000000	0.000000	0.000000	-0.024238	0.845212	-0.064110	0.111763	0.161381
	0.000000	1.000000	0.000000	0.000000	0.000000	0.014871	0.920550	-0.008271	-0.070894	0.120181
	0.000000	1.000000	0.000000	0.000000	0.000000	0.026189	0.941283	-0.032346	0.030720	0.006306
	0.000000	1.000000	0.000000	0.000000	0.000000	-0.012380	1.036964	-0.033363	0.034872	-0.021187
	0.000000	1.000000	0.000000	0.000000	0.000000	-0.032616	0.855681	-0.011106	0.075551	0.114902
	0.000000	1.000000	0.000000	0.000000	0.000000	-0.089095	0.842757	-0.063198	0.369480	0.025185
	0.000000	1.000000	0.000000	0.000000	0.000000	-0.060001	0.850122	-0.019449	0.201278	0.024719
	0.000000	1.000000	0.000000	0.000000	0.000000	-0.026417	1.021357	0.002913	0.019418	-0.029983
	0.000000	1.000000	0.000000	0.000000	0.000000	-0.034193	1.087830	-0.014570	0.058508	-0.084505
	0.000000	1.000000	0.000000	0.000000	0.000000	-0.185143	0.629756	0.440494	-0.028759	0.232276
	0.000000	0.000000	1.000000	0.000000	0.000000	-0.031408	-0.005332	0.983682	-0.041020	0.038734
	0.000000	0.000000	1.000000	0.000000	0.000000	0.078253	-0.021666	0.886838	0.136980	-0.096340
	0.000000	0.000000	1.000000	0.000000	0.000000	0.038528	0.000180	1.054219	-0.089744	-0.071602
	0.000000	0.000000	1.000000	0.000000	0.000000	0.016813	0.034667	0.882288	0.019973	-0.021682
	0.000000	0.000000	1.000000	0.000000	0.000000	-0.105184	0.065408	0.939074	0.072344	-0.007476
	0.000000	0.000000	1.000000	0.000000	0.000000	0.082411	0.038493	0.891320	0.069983	-0.108105
	0.000000	0.000000	1.000000	0.000000	0.000000	0.086631	0.043309	0.541623	0.490984	-0.103301
	0.000000	0.000000	1.000000	0.000000	0.000000	-0.030345	0.043889	0.988585	0.061245	-0.092777
	0.000000	0.000000	1.000000	0.000000	0.000000	0.026979	-0.042299	1.013400	-0.005232	-0.052765
	0.000000	0.000000	1.000000	0.000000	0.000000	0.096247	-0.000915	0.794060	0.202479	-0.093240
	0.000000	0.000000	1.000000	0.000000	0.000000	0.287003	0.055953	0.812938	-0.045395	-0.119589
	0.000000	0.000000	1.000000	0.000000	0.000000	0.136262	-0.032227	0.781672	0.197509	-0.094700
	0.000000	0.000000	1.000000	0.000000	0.000000	0.055890	-0.019419	1.039241	-0.066711	-0.077807
	0.000000	0.000000	1.000000	0.000000	0.000000	-0.243047	0.291585	0.208070	0.751844	0.250588
	0.000000	0.000000	1.000000	0.000000	0.000000	0.015661	-0.021141	1.018018	-0.027962	-0.044595
	0.000000	0.000000	1.000000	0.000000	0.000000	0.030419	0.000615	1.051184	-0.097717	-0.050032
	0.000000	0.000000	0.000000	1.000000	0.000000	0.312042	0.074163	0.180256	0.755262	-0.165745
	0.000000	0.000000	0.000000	1.000000	0.000000	0.174585	0.000606	0.017982	0.576747	0.144029
	0.000000	0.000000	0.000000	1.000000	0.000000	-0.179567	0.238170	-0.024788	0.880367	0.261099
	0.000000	0.000000	0.000000	1.000000	0.000000	-0.027222	0.172979	-0.008754	0.949178	-0.035041
	0.000000	0.000000	0.000000	1.000000	0.000000	0.243600	-0.011463	0.084618	0.823162	-0.079736
	0.000000	0.000000	0.000000	1.000000	0.000000	0.040470	0.092775	-0.019737	0.851658	0.052036
	0.000000	0.000000	0.000000	1.000000	0.000000	0.225186	0.020592	0.019873	0.762409	-0.021000
	0.000000	0.000000	0.000000	1.000000	0.000000	0.212677	0.055193	0.098585	0.882620	-0.126512
	0.000000	0.000000	0.000000	1.000000	0.000000	0.000744	0.071055	0.111160	0.932040	-0.045604
	0.000000	0.000000	0.000000	1.000000	0.000000	-0.099906	0.129640	-0.012596	0.959957	0.083039
	0.000000	0.000000	0.000000	1.000000	0.000000	0.201981	0.033598	0.211359	0.870721	-0.145731
	0.000000	0.000000	0.000000	1.000000	0.000000	0.182421	0.049562	0.101451	0.925192	-0.126332
	0.000000	0.000000	0.000000	1.000000	0.000000	-0.049857	0.103653	0.077331	0.999687	-0.044451
	0.000000	0.000000	0.000000	1.000000	0.000000	0.190580	-0.002788	0.380796	0.750535	-0.150169
	0.000000	0.000000	0.000000	1.000000	0.000000	0.249223	0.079932	0.286482	0.657875	-0.153329
	0.000000	0.000000	0.000000	0.000000	1.000000	0.100110	-0.029777	0.021617	-0.025431	0.947000
	0.000000	0.000000	0.000000	0.000000	1.000000	-0.006092	0.006567	0.009712	0.096729	0.937280
	0.000000	0.000000	0.000000	0.000000	1.000000	-0.009085	-0.022812	-0.005374	0.005515	1.047662
	0.000000	0.000000	0.000000	0.000000	1.000000	0.075239	-0.012882	0.015694	-0.072625	0.994112
	0.000000	0.000000	0.000000	0.000000	1.000000	0.030878	0.026903	0.003968	0.026586	0.906127
	0.000000	0.000000	0.000000	0.000000	1.000000	0.075115	-0.072329	0.009118	-0.043879	1.041053
	0.000000	0.000000	0.000000	0.000000	1.000000	-0.001627	-0.010809	-0.027535	0.186616	0.868591
	0.000000	0.000000	0.000000	0.000000	1.000000	0.042590	-0.011855	0.005419	-0.043309	1.012784
	0.000000	0.000000	0.000000	0.000000	1.000000	0.235275	-0.045747	0.064724	-0.069275	0.823789
	0.000000	0.000000	0.000000	0.000000	1.000000	0.608786	-0.120568	-0.042009	0.205670	0.290750
	0.000000	0.000000	0.000000	0.000000	1.000000	0.008690	0.007719	-0.021028	0.004867	1.006472
	0.000000	0.000000	0.000000	0.000000	1.000000	0.037814	-0.029308	0.048365	-0.068265	1.026401
	0.000000	0.000000	0.000000	0.000000	1.000000	0.005256	-0.004114	-0.003584	-0.031759	1.038646
	0.000000	0.000000	0.000000	0.000000	1.000000	0.002328	-0.069415	-0.019200	0.025435	1.077251
	0.000000	0.000000	0.000000	0.000000	1.000000	0.006389	0.007974	-0.013082	-0.012411	1.013713
	0.000000	0.000000	0.000000	0.000000	1.000000	0.055760	-0.080703	-0.052976	0.178586	0.913859
	0.000000	0.000000	0.000000	0.000000	1.000000	0.047670	-0.026733	0.013961	0.005667	0.968421
	0.000000	0.000000	0.000000	0.000000	1.000000	-0.058247	0.072165	-0.005101	0.125402	0.925423
	0.000000	0.000000	0.000000	0.000000	1.000000	0.027432	-0.001342	0.028139	-0.082691	1.034892
	0.000000	0.000000	0.000000	0.000000	1.000000	-0.000621	0.003096	-0.024865	0.163803	0.865456
	0.000000	0.000000	0.000000	0.000000	1.000000	0.056356	-0.036879	-0.012800	-0.021426	1.012429
	0.000000	0.000000	0.000000	0.000000	1.000000	0.020437	-0.026575	-0.000532	-0.057682	1.062129
	0.000000	0.000000	0.000000	0.000000	1.000000	0.110053	-0.043075	0.048742	-0.095436	1.008519
	0.000000	0.000000	0.000000	0.000000	1.000000	0.083426	-0.043120	0.002659	0.013819	0.952330
	0.000000	0.000000	0.000000	0.000000	1.000000	0.040292	-0.004945	0.015722	-0.078697	1.031548
	0.000000	0.000000	0.000000	0.000000	1.000000	0.028303	-0.051104	0.020006	-0.060274	1.058099
	0.000000	0.000000	0.000000	0.000000	1.000000	0.022682	-0.059044	0.007147	-0.028639	1.068252
	0.000000	0.000000	0.000000	0.000000	1.000000	0.162155	-0.046669	-0.027036	0.175038	0.697528
	0.000000	0.000000	0.000000	0.000000	1.000000	0.084927	-0.079649	0.010650	-0.046124	1.040039
	0.000000	0.000000	0.000000	0.000000	1.000000	0.011819	-0.036716	-0.006817	-0.008478	1.052382
	0.000000	0.000000	0.000000	0.000000	1.000000	-0.007100	-0.058788	-0.030116	0.084757	1.043369
	0.000000	0.000000	0.000000	0.000000	1.000000	0.006783	-0.012115	-0.020384	0.012363	1.019930
	0.000000	0.000000	0.000000	0.000000	1.000000	0.042474	-0.040289	0.002710	-0.061821	1.063019
	0.000000	0.000000	0.000000	0.000000	1.000000	-0.010523	-0.026622	-0.018129	0.000003	1.068123
	0.000000	0.000000	0.000000	0.000000	1.000000	0.104207	-0.057891	0.004246	0.013399	0.942925
	0.000000	0.000000	0.000000	0.000000	1.000000	-0.018266	0.092810	-0.015384	0.039301	0.916943
	0.000000	0.000000	0.000000	0.000000	1.000000	0.048938	0.016712	0.025121	-0.089662	1.005537
	0.000000	0.000000	0.000000	0.000000	1.000000	-0.012730	0.101703	-0.002390	0.011777	0.920097
	0.000000	0.000000	0.000000	0.000000	1.000000	-0.015493	0.054530	0.000209	-0.001913	0.986732
	0.000000	0.000000	0.000000	0.000000	1.000000	-0.002949	0.020094	0.013934	0.002034	0.977826
	0.000000	0.000000	0.000000	0.000000	1.000000	0.023415	0.062453	-0.039542	-0.021219	0.976199
	0.000000	0.000000	0.000000	0.000000	1.000000	0.005987	0.040895	-0.006082	0.012528	0.956081
	0.000000	0.000000	0.000000	0.000000	1.000000	0.019883	-0.069629	-0.025127	0.052059	1.037882
	0.000000	0.000000	0.000000	0.000000	1.000000	0.094638	-0.021193	0.024311	-0.050424	0.955931
	0.000000	0.000000	0.000000	0.000000	1.000000	-0.002171	-0.019931	0.005586	-0.001310	1.042007
	0.000000	0.000000	0.000000	0.000000	1.000000	0.029866	-0.009095	0.025377	-0.091418	1.049584
	0.000000	0.000000	0.000000	0.000000	1.000000	0.013286	-0.048774	-0.003294	-0.001148	1.053813
	0.000000	0.000000	0.000000	0.000000	1.000000	-0.004780	0.002808	0.001590	0.018319	0.995083
	0.000000	0.000000	0.000000	0.000000	1.000000	0.055088	0.053068	0.004542	-0.086670	0.976028
	0.000000	0.000000	0.000000	0.000000	1.000000	0.007743	-0.042888	-0.002264	0.023271	1.028820
	0.000000	0.000000	0.000000	0.000000	1.000000	0.098053	-0.055353	0.032273	-0.090796	1.031998
	0.000000	0.000000	0.000000	0.000000	1.000000	-0.013169	-0.007332	-0.004179	-0.010208	1.053612
	0.000000	0.000000	0.000000	0.000000	1.000000	-0.016179	0.000699	-0.020927	0.029476	1.010001
	0.000000	0.000000	0.000000	0.000000	1.000000	-0.000095	-0.017570	-0.013419	-0.014987	1.049717
	0.000000	0.000000	0.000000	0.000000	1.000000	-0.028296	-0.006815	0.038692	0.116999	0.880689
	0.000000	0.000000	0.000000	0.000000	1.000000	0.000207	-0.017388	-0.004796	0.041245	0.995188
	0.000000	0.000000	0.000000	0.000000	1.000000	0.062139	0.009688	0.022992	-0.076296	0.988771
	0.000000	0.000000	0.000000	0.000000	1.000000	0.017829	-0.056190	-0.007764	0.025853	1.026945
	0.000000	0.000000	0.000000	0.000000	1.000000	0.176196	-0.066559	0.075552	-0.149644	1.015097
	0.000000	0.000000	0.000000	0.000000	1.000000	0.084235	-0.057707	0.036062	-0.101509	1.051320
	0.000000	0.000000	0.000000	0.000000	1.000000	0.088369	-0.045564	0.025644	-0.068285	1.010602
