	1.000000	0.000000	0.000000	0.000000	0.000000	0.886097	-0.064284	0.017765	-0.054080	0.167317
	1.000000	0.000000	0.000000	0.000000	0.000000	0.851903	-0.090909	-0.053354	0.094977	0.151581
	1.000000	0.000000	0.000000	0.000000	0.000000	1.030915	-0.112945	-0.024779	-0.011727	-0.034524
	1.000000	0.000000	0.000000	0.000000	0.000000	0.996215	-0.084499	-0.050030	0.061417	-0.005361
	1.000000	0.000000	0.000000	0.000000	0.000000	0.792549	-0.078136	-0.053031	0.133199	0.169905
	1.000000	0.000000	0.000000	0.000000	0.000000	0.840469	-0.067768	-0.017864	0.018865	0.184161
	1.000000	0.000000	0.000000	0.000000	0.000000	0.752819	-0.065151	-0.046698	0.163352	0.157765
	1.000000	0.000000	0.000000	0.000000	0.000000	0.947802	-0.073248	-0.040642	0.101855	-0.022342
	1.000000	0.000000	0.000000	0.000000	0.000000	0.824442	-0.073572	-0.006237	-0.045547	0.292227
	1.000000	0.000000	0.000000	0.000000	0.000000	0.931722	-0.081292	-0.051510	0.235210	-0.102326
	1.000000	0.000000	0.000000	0.000000	0.000000	0.827500	-0.056834	-0.000616	-0.038553	0.244540
	1.000000	0.000000	0.000000	0.000000	0.000000	0.931056	-0.093460	-0.006401	-0.025144	0.072596
	1.000000	0.000000	0.000000	0.000000	0.000000	0.834598	-0.070989	-0.061617	0.200919	0.035213
	1.000000	0.000000	0.000000	0.000000	0.000000	0.302759	0.152402	0.071230	-0.022778	0.454495
	0.000000	1.000000	0.000000	0.000000	0.000000	-0.006587	1.018046	0.017116	-0.049200	0.004197
	0.000000	1.000000	0.000000	0.000000	0.000000	-0.030901	1.026747	-0.021911	0.050816	-0.025786
	0.000000	1.000000	0.000000	0.000000	0.000000	-0.023467	1.044721	0.020739	-0.052243	0.005467
	0.000000	1.000000	0.000000	0.000000	0.000000	-0.045198	1.021424	-0.030712	0.079989	-0.006317
	0.000000	1.000000	0.000000	0.000000	0.000000	0.017621	1.046952	0.011021	-0.067813	-0.010835
	0.000000	1.000000	0.000000	0.000000	0.000000	-0.029645	0.980675	-0.037328	0.076829	-0.003354
	0.000000	1.000000	0.000000	0.000000	0.000000	-0.019733	0.906800	-0.042458	0.046858	0.095284
	0.000000	1.000000	0.000000	0.000000	0.000000	-0.035851	0.931547	-0.043185	0.132724	0.007917
	0.000000	1.000000	0.000000	0.000000	0.000000	-0.041962	1.057661	-0.001013	0.049154	-0.057551
	0.000000	1.000000	0.000000	0.000000	0.000000	-0.028240	1.025338	-0.024267	0.065165	-0.056441
	0.000000	1.000000	0.000000	0.000000	0.000000	-0.003790	0.992486	0.012928	-0.024332	0.020078
	0.000000	1.000000	0.000000	0.000000	0.000000	-0.021897	1.058144	-0.026861	0.040982	-0.060636
	0.000000	1.000000	0.000000	0.000000	0.000000	-0.042682	1.016861	0.020062	-0.007239	0.013556
	0.000000	1.000000	0.000000	0.000000	0.000000	-0.016512	1.030603	-0.015486	0.003709	-0.004308
	0.000000	1.000000	0.000000	0.000000	0.000000	0.004547	0.990353	-0.029374	-0.013304	0.033079
	0.000000	1.000000	0.000000	0.000000	0.000000	-0.016539	1.055196	0.007416	-0.021708	-0.029466
	0.000000	1.000000	0.000000	0.000000	0.000000	0.035902	0.820665	-0.044879	-0.029265	0.168724
	0.000000	1.000000	0.000000	0.000000	0.000000	0.020867	0.932174	-0.053242	-0.004944	0.068748
	0.000000	1.000000	0.000000	0.000000	0.000000	-0.036780	0.991686	0.070729	-0.010126	-0.026433
	0.000000	1.000000	0.000000	0.000000	0.000000	0.013212	0.978224	-0.050141	-0.000210	0.031220
	0.000000	1.000000	0.000000	0.000000	0.000000	-0.011413	1.065538	0.065512	-0.078438	-0.040010
	0.000000	1.000000	0.000000	0.000000	0.000000	-0.030770	0.835995	-0.057253	0.093204	0.159378
	0.000000	1.000000	0.000000	0.000000	0.000000	-0.041243	0.811970	-0.028506	0.064774	0.213737
	0.000000	1.000000	0.000000	0.000000	0.000000	0.000974	0.889111	0.145829	-0.151860	0.133057
	0.000000	1.000000	0.000000	0.000000	0.000000	0.006472	1.073206	-0.003537	-0.045914	-0.034867
	0.000000	1.000000	0.000000	0.000000	0.000000	0.102038	1.046124	0.000898	-0.146266	-0.004877
	0.000000	1.000000	0.000000	0.000000	0.000000	0.025843	1.025454	0.073526	-0.117559	-0.007075
	0.000000	1.000000	0.000000	0.000000	0.000000	-0.099357	0.963909	0.003745	0.144156	0.002942
	0.000000	1.000000	0.000000	0.000000	0.000000	0.031742	0.875935	0.015736	-0.000397	0.028193
	0.000000	1.000000	0.000000	0.000000	0.000000	-0.009557	0.914953	0.006511	0.004658	0.035839
	0.000000	1.000000	0.000000	0.000000	0.000000	0.003914	0.991703	0.060372	-0.035947	-0.047592
	0.000000	1.000000	0.000000	0.000000	0.000000	0.059764	0.971973	-0.041744	-0.080753	0.063548
	0.000000	1.000000	0.000000	0.000000	0.000000	-0.040477	1.098554	0.001240	0.020972	-0.062898
	0.000000	1.000000	0.000000	0.000000	0.000000	-0.052413	1.006842	0.045612	0.006963	-0.024094
	0.000000	1.000000	0.000000	0.000000	0.000000	-0.063137	0.322164	0.123251	0.372085	0.152288
	0.000000	1.000000	0.000000	0.000000	0.000000	-0.003269	0.974497	-0.026594	-0.010244	0.059600
	0.000000	1.000000	0.000000	0.000000	0.000000	-0.010943	1.012764	-0.029510	0.052081	-0.031599
	0.000000	1.000000	0.000000	0.000000	0.000000	-0.016015	1.052765	0.016173	-0.027401	-0.037488
	0.000000	1.000000	0.000000	0.000000	0.000000	-0.030642	1.086158	-0.011304	0.023047	-0.058682
	0.000000	0.000000	1.000000	0.000000	0.000000	-0.001047	0.040707	1.010453	-0.045495	-0.033053
	0.000000	0.000000	1.000000	0.000000	0.000000	-0.116597	0.070895	0.977346	0.025527	-0.000280
	0.000000	0.000000	1.000000	0.000000	0.000000	-0.024837	0.016981	1.035167	-0.044110	-0.010186
	0.000000	0.000000	1.000000	0.000000	0.000000	-0.069590	0.035301	0.882034	0.113691	0.017932
	0.000000	0.000000	1.000000	0.000000	0.000000	-0.004244	0.003880	1.048057	-0.054643	-0.012586
	0.000000	0.000000	1.000000	0.000000	0.000000	-0.132636	0.001565	0.869031	0.232836	0.058673
	0.000000	0.000000	1.000000	0.000000	0.000000	0.021956	-0.001433	1.024744	-0.057119	-0.007784
	0.000000	0.000000	1.000000	0.000000	0.000000	0.039404	0.020965	0.942880	0.019825	-0.036410
	0.000000	0.000000	1.000000	0.000000	0.000000	0.071786	0.039243	1.027623	-0.114804	-0.032858
	0.000000	0.000000	1.000000	0.000000	0.000000	-0.078466	-0.024282	0.940704	0.123099	0.042289
	0.000000	0.000000	1.000000	0.000000	0.000000	0.016911	0.070263	0.881386	0.030706	-0.035112
	0.000000	0.000000	1.000000	0.000000	0.000000	-0.028874	-0.017494	1.035623	-0.026324	0.017657
	0.000000	0.000000	1.000000	0.000000	0.000000	-0.014782	-0.010282	1.019827	-0.080123	0.074808
	0.000000	0.000000	0.000000	1.000000	0.000000	-0.133316	0.075232	-0.006064	1.012336	0.043539
	0.000000	0.000000	0.000000	1.000000	0.000000	0.056502	0.067567	0.035659	0.763366	0.020116
	0.000000	0.000000	0.000000	1.000000	0.000000	0.161723	0.140551	-0.032612	0.590303	0.112174
	0.000000	0.000000	0.000000	1.000000	0.000000	-0.144475	0.220807	-0.051305	0.859600	0.196202
	0.000000	0.000000	0.000000	1.000000	0.000000	0.055314	0.003943	0.053162	0.821093	0.007870
	0.000000	0.000000	0.000000	1.000000	0.000000	0.051943	0.035567	-0.002269	0.682553	0.129948
	0.000000	0.000000	0.000000	1.000000	0.000000	0.023411	0.001449	0.131422	0.941744	-0.074656
	0.000000	0.000000	0.000000	1.000000	0.000000	-0.107697	0.297627	-0.067128	0.801798	0.120995
	0.000000	0.000000	0.000000	1.000000	0.000000	-0.111517	0.050726	-0.020842	0.939236	0.131618
	0.000000	0.000000	0.000000	1.000000	0.000000	-0.132548	0.044416	-0.052788	0.844026	0.330027
	0.000000	0.000000	0.000000	1.000000	0.000000	0.170497	0.014576	0.167138	0.877834	-0.137200
	0.000000	0.000000	0.000000	1.000000	0.000000	-0.006420	0.020215	0.103101	0.963185	-0.070531
	0.000000	0.000000	0.000000	1.000000	0.000000	-0.059122	0.064187	0.000574	0.953604	0.008641
	0.000000	0.000000	0.000000	1.000000	0.000000	0.226531	0.008743	0.136643	0.957926	-0.166364
	0.000000	0.000000	0.000000	1.000000	0.000000	-0.094906	0.045298	-0.001955	1.042526	-0.010725
	0.000000	0.000000	0.000000	1.000000	0.000000	0.013868	0.031522	0.080291	0.986649	-0.088580
	0.000000	0.000000	0.000000	0.000000	1.000000	-0.012103	0.001247	0.015857	-0.005157	1.019001
	0.000000	0.000000	0.000000	0.000000	1.000000	0.033733	-0.024889	-0.000584	0.034475	0.969336
	0.000000	0.000000	0.000000	0.000000	1.000000	0.018584	0.050950	0.055358	-0.039556	0.945150
	0.000000	0.000000	0.000000	0.000000	1.000000	0.004273	-0.069164	-0.035521	0.141273	0.953733
	0.000000	0.000000	0.000000	0.000000	1.000000	0.082882	0.007760	0.009095	-0.034638	0.932918
	0.000000	0.000000	0.000000	0.000000	1.000000	0.017120	0.082853	0.007512	-0.081356	0.973109
	0.000000	0.000000	0.000000	0.000000	1.000000	-0.025425	0.015700	-0.002912	-0.023759	1.038599
	0.000000	0.000000	0.000000	0.000000	1.000000	0.010854	-0.029800	0.009278	-0.014794	1.028864
	0.000000	0.000000	0.000000	0.000000	1.000000	-0.040030	-0.044678	-0.013187	0.010657	1.089529
	0.000000	0.000000	0.000000	0.000000	1.000000	-0.015377	0.057340	-0.028326	-0.007259	0.983484
	0.000000	0.000000	0.000000	0.000000	1.000000	-0.045151	0.002633	-0.021612	0.052134	1.018211
	0.000000	0.000000	0.000000	0.000000	1.000000	-0.025993	-0.020652	-0.009122	-0.012380	1.066498
	0.000000	0.000000	0.000000	0.000000	1.000000	0.005612	0.051976	-0.009352	-0.059627	1.008730
	0.000000	0.000000	0.000000	0.000000	1.000000	-0.022094	-0.014684	-0.000294	-0.026516	1.064966
	0.000000	0.000000	0.000000	0.000000	1.000000	-0.006905	-0.011302	-0.006165	-0.020820	1.043718
	0.000000	0.000000	0.000000	0.000000	1.000000	-0.016012	0.002879	-0.012999	0.029269	0.999974
	0.000000	0.000000	0.000000	0.000000	1.000000	-0.021939	0.097578	-0.023635	0.008855	0.940528
	0.000000	0.000000	0.000000	0.000000	1.000000	0.039500	-0.023973	-0.014645	0.084408	0.908426
	0.000000	0.000000	0.000000	0.000000	1.000000	-0.015137	-0.013458	-0.013003	0.109512	0.942756
	0.000000	0.000000	0.000000	0.000000	1.000000	-0.001972	0.056951	0.006368	-0.000411	0.942631
	0.000000	0.000000	0.000000	0.000000	1.000000	-0.016414	0.018229	0.015920	-0.052680	1.047653
	0.000000	0.000000	0.000000	0.000000	1.000000	-0.007854	-0.039012	0.007688	-0.021851	1.069498
	0.000000	0.000000	0.000000	0.000000	1.000000	-0.014304	0.012370	-0.006841	-0.038661	1.047796
	0.000000	0.000000	0.000000	0.000000	1.000000	0.053990	-0.020780	0.015416	-0.038261	1.009964
	0.000000	0.000000	0.000000	0.000000	1.000000	-0.008584	-0.006383	0.013707	-0.043055	1.051557
	0.000000	0.000000	0.000000	0.000000	1.000000	-0.034982	-0.027019	0.001124	-0.001876	1.070014
	0.000000	0.000000	0.000000	0.000000	1.000000	0.023169	0.002699	0.026428	-0.076857	1.038800
	0.000000	0.000000	0.000000	0.000000	1.000000	0.003314	0.103188	-0.021480	-0.029900	0.933394
	0.000000	0.000000	0.000000	0.000000	1.000000	-0.012030	-0.026667	0.015699	0.007279	1.030529
	0.000000	0.000000	0.000000	0.000000	1.000000	-0.047554	-0.061146	-0.001518	0.034036	1.070221
	0.000000	0.000000	0.000000	0.000000	1.000000	-0.004089	-0.001285	0.020729	-0.038011	1.035918
	0.000000	0.000000	0.000000	0.000000	1.000000	-0.027907	-0.063881	-0.011959	0.016799	1.089391
	0.000000	0.000000	0.000000	0.000000	1.000000	-0.034909	-0.017494	-0.020583	0.009241	1.065413
	0.000000	0.000000	0.000000	0.000000	1.000000	-0.004109	0.034089	-0.014779	-0.024274	1.007847
	0.000000	0.000000	0.000000	0.000000	1.000000	0.204568	-0.016766	-0.001295	0.063350	0.742726
	0.000000	0.000000	0.000000	0.000000	1.000000	0.021934	0.063275	0.024810	-0.080283	0.987597
	0.000000	0.000000	0.000000	0.000000	1.000000	-0.012717	-0.038105	0.004345	-0.016308	1.066863
	0.000000	0.000000	0.000000	0.000000	1.000000	-0.041649	-0.038185	-0.018392	0.014058	1.084835
	0.000000	0.000000	0.000000	0.000000	1.000000	-0.000461	0.023765	-0.015587	-0.048451	1.032761
	0.000000	0.000000	0.000000	0.000000	1.000000	-0.003183	-0.050783	-0.001648	-0.012858	1.071769
	0.000000	0.000000	0.000000	0.000000	1.000000	0.019892	0.144922	-0.015290	-0.049203	0.886837
	0.000000	0.000000	0.000000	0.000000	1.000000	-0.003040	0.079069	-0.010653	0.004051	0.919570
	0.000000	0.000000	0.000000	0.000000	1.000000	-0.040287	-0.037315	-0.007444	0.016023	1.077256
	0.000000	0.000000	0.000000	0.000000	1.000000	-0.021877	0.002882	-0.001069	-0.021557	1.049116
	0.000000	0.000000	0.000000	0.000000	1.000000	-0.024893	0.012801	-0.006975	-0.014610	1.040359
	0.000000	0.000000	0.000000	0.000000	1.000000	-0.009153	0.020939	0.018687	-0.004097	0.988676
	0.000000	0.000000	0.000000	0.000000	1.000000	-0.001464	0.068782	0.015122	-0.066970	0.996609
	0.000000	0.000000	0.000000	0.000000	1.000000	0.013129	-0.016355	0.002341	-0.004416	1.000059
	0.000000	0.000000	0.000000	0.000000	1.000000	-0.043298	0.144482	0.008322	0.044103	0.881782
	0.000000	0.000000	0.000000	0.000000	1.000000	-0.015417	0.052887	-0.014454	-0.013931	0.980527
	0.000000	0.000000	0.000000	0.000000	1.000000	-0.022418	0.044863	-0.021962	0.016180	0.973614
	0.000000	0.000000	0.000000	0.000000	1.000000	0.257563	0.000587	0.001099	0.176357	0.537675
	0.000000	0.000000	0.000000	0.000000	1.000000	-0.051365	0.050721	0.077324	0.031498	0.905072
	0.000000	0.000000	0.000000	0.000000	1.000000	0.096387	0.003683	0.074309	-0.088463	0.898360
	0.000000	0.000000	0.000000	0.000000	1.000000	-0.032627	0.176269	0.043228	-0.046338	0.906951
	0.000000	0.000000	0.000000	0.000000	1.000000	-0.000413	-0.018019	0.049712	0.043160	0.891301
	0.000000	0.000000	0.000000	0.000000	1.000000	-0.076499	0.029674	0.024141	0.115614	0.976744
	0.000000	0.000000	0.000000	0.000000	1.000000	-0.020771	-0.000449	-0.001419	-0.035434	1.061095
	0.000000	0.000000	0.000000	0.000000	1.000000	0.019813	-0.041991	0.048000	-0.051825	1.009851
	0.000000	0.000000	0.000000	0.000000	1.000000	0.035098	0.008133	0.031055	-0.103623	1.046247
	0.000000	0.000000	0.000000	0.000000	1.000000	0.129127	0.014025	0.048206	-0.071967	0.907145
	0.000000	0.000000	0.000000	0.000000	1.000000	-0.022728	0.029964	-0.007046	-0.016415	1.021955
	0.000000	0.000000	0.000000	0.000000	1.000000	0.051116	-0.024527	0.044169	-0.114890	1.064345
	0.000000	0.000000	0.000000	0.000000	1.000000	0.051614	-0.038881	0.033748	-0.096212	1.064017
	0.000000	0.000000	0.000000	0.000000	1.000000	-0.026055	0.088569	0.066494	0.103691	0.724290
	1.000000	0.000000	0.000000	0.000000	0.000000	0.436030	-0.069071	-0.070439	0.284712	0.360293
	1.000000	0.000000	0.000000	0.000000	0.000000	0.444706	-0.080630	-0.036430	0.106525	0.437690
	1.000000	0.000000	0.000000	0.000000	0.000000	0.583601	-0.059919	-0.054377	0.193421	0.291393
	1.000000	0.000000	0.000000	0.000000	0.000000	0.854627	-0.067253	0.013337	-0.089818	0.324795
	1.000000	0.000000	0.000000	0.000000	0.000000	0.666930	-0.087121	-0.072679	0.241460	0.160826
	1.000000	0.000000	0.000000	0.000000	0.000000	0.755890	-0.074322	-0.038603	0.074837	0.250700
	1.000000	0.000000	0.000000	0.000000	0.000000	0.737538	-0.085820	-0.058542	0.161189	0.191942
	1.000000	0.000000	0.000000	0.000000	0.000000	0.763302	-0.027496	-0.031631	0.251006	0.011208
	1.000000	0.000000	0.000000	0.000000	0.000000	0.764721	-0.059925	-0.061918	0.238202	0.068936
	1.000000	0.000000	0.000000	0.000000	0.000000	0.269714	-0.049477	-0.026475	0.082973	0.720861
	1.000000	0.000000	0.000000	0.000000	0.000000	0.131222	0.401958	0.028278	0.287393	0.066875
	1.000000	0.000000	0.000000	0.000000	0.000000	0.504373	-0.079153	-0.028113	0.045534	0.555388
	1.000000	0.000000	0.000000	0.000000	0.000000	0.313258	-0.051174	0.021545	-0.067405	0.763391
	1.000000	0.000000	0.000000	0.000000	0.000000	0.282457	0.000842	0.045911	-0.008039	0.684395
	1.000000	0.000000	0.000000	0.000000	0.000000	0.614126	-0.082220	-0.033705	0.147552	0.206593
	1.000000	0.000000	0.000000	0.000000	0.000000	0.561611	-0.070301	0.020841	0.273540	0.057282
	0.000000	1.000000	0.000000	0.000000	0.000000	-0.009061	1.048332	0.024956	0.003927	-0.086889
	0.000000	1.000000	0.000000	0.000000	0.000000	-0.011092	0.909314	-0.085565	0.101432	0.062143
	0.000000	1.000000	0.000000	0.000000	0.000000	-0.019622	0.881760	0.187322	-0.009065	-0.102062
	0.000000	1.000000	0.000000	0.000000	0.000000	-0.054789	0.973307	0.041958	0.045367	-0.068899
	0.000000	1.000000	0.000000	0.000000	0.000000	-0.027441	0.965411	-0.068031	0.104529	0.018707
	0.000000	1.000000	0.000000	0.000000	0.000000	0.075125	0.722023	0.074042	-0.106348	0.234908
	0.000000	1.000000	0.000000	0.000000	0.000000	-0.004089	0.643888	-0.051412	0.065898	0.287277
	0.000000	1.000000	0.000000	0.000000	0.000000	-0.101766	0.548779	-0.077768	0.271958	0.448216
	0.000000	1.000000	0.000000	0.000000	0.000000	-0.009735	1.026768	-0.024727	0.012392	-0.011871
	0.000000	1.000000	0.000000	0.000000	0.000000	-0.010807	1.044353	-0.025036	0.007412	-0.024824
	0.000000	1.000000	0.000000	0.000000	0.000000	0.023622	1.050828	0.052697	-0.100572	-0.030219
	0.000000	1.000000	0.000000	0.000000	0.000000	0.042962	0.919295	-0.060005	-0.035777	0.094346
	0.000000	1.000000	0.000000	0.000000	0.000000	-0.011287	1.004892	-0.048657	0.042280	0.000807
	0.000000	1.000000	0.000000	0.000000	0.000000	-0.000424	0.976609	-0.044239	0.020695	0.029979
	0.000000	1.000000	0.000000	0.000000	0.000000	-0.158721	0.917315	-0.073988	0.494075	-0.033732
	0.000000	1.000000	0.000000	0.000000	0.000000	-0.165705	0.646405	0.447231	-0.121419	0.371838
	0.000000	1.000000	0.000000	0.000000	0.000000	-0.008351	1.037802	-0.022204	0.007715	-0.023063
	0.000000	1.000000	0.000000	0.000000	0.000000	-0.017591	1.034812	0.029001	-0.072552	0.018687
	0.000000	1.000000	0.000000	0.000000	0.000000	-0.045265	1.084497	0.012835	0.020122	-0.066465
	0.000000	1.000000	0.000000	0.000000	0.000000	0.135960	0.908439	0.009807	-0.079563	-0.001693
	0.000000	1.000000	0.000000	0.000000	0.000000	-0.017811	1.040223	-0.030322	0.032898	-0.035400
	0.000000	1.000000	0.000000	0.000000	0.000000	0.036821	0.937234	-0.039917	-0.042798	0.076650
	0.000000	1.000000	0.000000	0.000000	0.000000	-0.024769	1.031161	0.024743	-0.060284	0.021226
	0.000000	1.000000	0.000000	0.000000	0.000000	-0.023331	1.015536	-0.005040	0.001883	0.019532
	0.000000	1.000000	0.000000	0.000000	0.000000	-0.020171	1.075890	-0.005241	0.016079	-0.065122
	0.000000	1.000000	0.000000	0.000000	0.000000	-0.038229	0.858961	-0.056975	0.092840	0.154777
	0.000000	1.000000	0.000000	0.000000	0.000000	0.053003	0.971133	-0.003240	-0.122802	0.081845
	0.000000	1.000000	0.000000	0.000000	0.000000	0.008348	0.967345	-0.024930	0.005444	0.027759
	0.000000	1.000000	0.000000	0.000000	0.000000	-0.013146	1.048227	-0.022382	0.004468	-0.020610
	0.000000	1.000000	0.000000	0.000000	0.000000	-0.020151	0.903232	-0.015273	0.023708	0.097105
	0.000000	1.000000	0.000000	0.000000	0.000000	-0.087133	0.874673	-0.063579	0.292154	0.018102
	0.000000	1.000000	0.000000	0.000000	0.000000	-0.059427	0.878729	-0.019308	0.148229	0.030372
	0.000000	1.000000	0.000000	0.000000	0.000000	-0.020715	1.041972	0.006041	-0.011669	-0.026837
	0.000000	1.000000	0.000000	0.000000	0.000000	-0.030588	1.090992	-0.001799	0.014587	-0.069320
	0.000000	1.000000	0.000000	0.000000	0.000000	-0.183414	0.713952	0.411590	-0.082583	0.227428
	0.000000	0.000000	1.000000	0.000000	0.000000	-0.118861	-0.001542	0.979006	-0.026161	0.178979
	0.000000	0.000000	1.000000	0.000000	0.000000	0.028958	-0.020554	0.946069	0.061040	-0.029141
	0.000000	0.000000	1.000000	0.000000	0.000000	0.026293	0.042383	1.049022	-0.118267	-0.023344
	0.000000	0.000000	1.000000	0.000000	0.000000	0.000146	0.058525	0.893314	-0.005871	0.009769
	0.000000	0.000000	1.000000	0.000000	0.000000	-0.146785	0.077144	0.918934	0.075127	0.049734
	0.000000	0.000000	1.000000	0.000000	0.000000	0.036075	0.055412	0.924932	0.026012	-0.060936
	0.000000	0.000000	1.000000	0.000000	0.000000	-0.060315	0.021885	0.579518	0.495261	-0.013551
	0.000000	0.000000	1.000000	0.000000	0.000000	-0.058774	0.070894	0.985779	0.022861	-0.056203
	0.000000	0.000000	1.000000	0.000000	0.000000	0.006165	-0.023472	1.025632	-0.040468	0.007853
	0.000000	0.000000	1.000000	0.000000	0.000000	0.030277	0.000983	0.845458	0.148446	-0.033145
	0.000000	0.000000	1.000000	0.000000	0.000000	0.250692	0.108444	0.849603	-0.082575	-0.082590
	0.000000	0.000000	1.000000	0.000000	0.000000	0.066123	-0.031964	0.838423	0.147048	-0.031376
	0.000000	0.000000	1.000000	0.000000	0.000000	0.039174	0.006871	1.052998	-0.102271	-0.017767
	0.000000	0.000000	1.000000	0.000000	0.000000	-0.265895	0.219096	0.166791	0.834719	0.289202
	0.000000	0.000000	1.000000	0.000000	0.000000	-0.032831	-0.010558	1.019719	-0.031407	0.033448
	0.000000	0.000000	1.000000	0.000000	0.000000	0.025484	0.047177	1.047199	-0.132837	-0.000151
	0.000000	0.000000	0.000000	1.000000	0.000000	0.180401	0.073912	0.222588	0.721288	-0.138119
	0.000000	0.000000	0.000000	1.000000	0.000000	-0.011032	-0.010572	-0.006315	0.594820	0.340955
	0.000000	0.000000	0.000000	1.000000	0.000000	-0.212225	0.187154	-0.052787	0.934502	0.298606
	0.000000	0.000000	0.000000	1.000000	0.000000	-0.148742	0.119531	-0.037156	1.025203	0.032929
	0.000000	0.000000	0.000000	1.000000	0.000000	0.036863	-0.030411	0.059002	0.877237	0.005158
	0.000000	0.000000	0.000000	1.000000	0.000000	-0.119988	0.065097	-0.054239	0.908447	0.207898
	0.000000	0.000000	0.000000	1.000000	0.000000	0.052747	0.027779	-0.009942	0.791709	0.061431
	0.000000	0.000000	0.000000	1.000000	0.000000	0.093942	0.033385	0.100346	0.902825	-0.100645
	0.000000	0.000000	0.000000	1.000000	0.000000	-0.144701	0.025249	0.093809	1.000212	0.038094
	0.000000	0.000000	0.000000	1.000000	0.000000	-0.156976	0.078864	-0.045792	1.018164	0.115372
	0.000000	0.000000	0.000000	1.000000	0.000000	0.120688	0.010112	0.243291	0.844069	-0.125359
	0.000000	0.000000	0.000000	1.000000	0.000000	-0.010204	0.010360	0.100551	0.982852	-0.066268
	0.000000	0.000000	0.000000	1.000000	0.000000	-0.196709	0.044744	0.042914	1.080136	0.062097
	0.000000	0.000000	0.000000	1.000000	0.000000	0.067910	-0.044900	0.513376	0.674476	-0.100487
	0.000000	0.000000	0.000000	1.000000	0.000000	0.051383	0.066224	0.321471	0.665026	-0.084899
	0.000000	0.000000	0.000000	0.000000	1.000000	0.023314	-0.007233	0.021021	-0.027025	1.011720
	0.000000	0.000000	0.000000	0.000000	1.000000	-0.053590	0.012538	0.008474	0.083949	0.995136
	0.000000	0.000000	0.000000	0.000000	1.000000	-0.029106	-0.009494	-0.001400	-0.011746	1.057110
	0.000000	0.000000	0.000000	0.000000	1.000000	0.032735	0.014936	0.017558	-0.084100	1.025850
	0.000000	0.000000	0.000000	0.000000	1.000000	0.016113	0.056409	0.008112	-0.021662	0.940028
	0.000000	0.000000	0.000000	0.000000	1.000000	0.020484	-0.051472	0.012762	-0.048604	1.073663
	0.000000	0.000000	0.000000	0.000000	1.000000	-0.035067	-0.003884	-0.017606	0.126633	0.942194
	0.000000	0.000000	0.000000	0.000000	1.000000	0.003088	0.006185	0.005670	-0.044271	1.036071
	0.000000	0.000000	0.000000	0.000000	1.000000	0.130470	-0.000883	0.063657	-0.099516	0.944781
	0.000000	0.000000	0.000000	0.000000	1.000000	0.375457	-0.069430	-0.037063	0.132555	0.526165
	0.000000	0.000000	0.000000	0.000000	1.000000	-0.017098	0.020716	-0.016537	-0.013453	1.023079
	0.000000	0.000000	0.000000	0.000000	1.000000	-0.002099	-0.009065	0.046080	-0.074508	1.062434
	0.000000	0.000000	0.000000	0.000000	1.000000	-0.010960	0.016487	-0.001970	-0.046160	1.040870
	0.000000	0.000000	0.000000	0.000000	1.000000	-0.037133	-0.064242	-0.014767	0.026793	1.095792
	0.000000	0.000000	0.000000	0.000000	1.000000	-0.001273	0.030833	-0.006997	-0.044238	1.016453
	0.000000	0.000000	0.000000	0.000000	1.000000	-0.023461	-0.072604	-0.041277	0.148916	1.000955
	0.000000	0.000000	0.000000	0.000000	1.000000	-0.001836	-0.008758	0.017445	-0.010825	1.019854
	0.000000	0.000000	0.000000	0.000000	1.000000	-0.072785	0.087515	-0.008669	0.090276	0.943084
	0.000000	0.000000	0.000000	0.000000	1.000000	0.007778	0.030906	0.025421	-0.094338	1.041021
	0.000000	0.000000	0.000000	0.000000	1.000000	-0.040135	0.002737	-0.021420	0.131249	0.937986
	0.000000	0.000000	0.000000	0.000000	1.000000	0.020092	-0.017949	-0.005344	-0.037730	1.038337
	0.000000	0.000000	0.000000	0.000000	1.000000	-0.006013	-0.008382	-0.000606	-0.057761	1.067121
	0.000000	0.000000	0.000000	0.000000	1.000000	0.068323	-0.002408	0.051296	-0.119592	1.039727
	0.000000	0.000000	0.000000	0.000000	1.000000	0.019513	-0.023754	0.006334	0.002410	1.009423
	0.000000	0.000000	0.000000	0.000000	1.000000	0.009904	0.021797	0.014243	-0.081191	1.041603
	0.000000	0.000000	0.000000	0.000000	1.000000	0.021375	-0.021087	0.031828	-0.097978	1.069050
	0.000000	0.000000	0.000000	0.000000	1.000000	-0.000999	-0.040727	0.016482	-0.053226	1.084095
	0.000000	0.000000	0.000000	0.000000	1.000000	0.075067	-0.025877	-0.022069	0.129083	0.823345
	0.000000	0.000000	0.000000	0.000000	1.000000	0.006872	-0.060171	0.007508	-0.036653	1.083951
	0.000000	0.000000	0.000000	0.000000	1.000000	-0.028168	-0.028815	-0.005716	-0.003773	1.072214
	0.000000	0.000000	0.000000	0.000000	1.000000	-0.051987	-0.058620	-0.023185	0.079604	1.075542
	0.000000	0.000000	0.000000	0.000000	1.000000	-0.013231	0.001174	-0.018926	-0.000729	1.028610
	0.000000	0.000000	0.000000	0.000000	1.000000	-0.002233	-0.026327	0.000500	-0.048499	1.077116
	0.000000	0.000000	0.000000	0.000000	1.000000	-0.028663	-0.013016	-0.013438	-0.015544	1.067858
	0.000000	0.000000	0.000000	0.000000	1.000000	0.027757	-0.036442	0.008647	0.000074	1.012931
	0.000000	0.000000	0.000000	0.000000	1.000000	-0.011610	0.128791	-0.016660	-0.012317	0.906886
	0.000000	0.000000	0.000000	0.000000	1.000000	0.024959	0.049791	0.023059	-0.102682	1.018487
	0.000000	0.000000	0.000000	0.000000	1.000000	-0.006814	0.142445	-0.006722	-0.033776	0.908919
	0.000000	0.000000	0.000000	0.000000	1.000000	-0.016469	0.087213	-0.006169	-0.032446	0.974136
	0.000000	0.000000	0.000000	0.000000	1.000000	-0.012521	0.040869	0.014721	-0.031525	0.996825
	0.000000	0.000000	0.000000	0.000000	1.000000	0.018287	0.095505	-0.034161	-0.057133	0.962304
	0.000000	0.000000	0.000000	0.000000	1.000000	-0.017173	0.058107	-0.003320	-0.007198	0.978056
	0.000000	0.000000	0.000000	0.000000	1.000000	-0.019252	-0.060106	-0.015654	0.032655	1.067595
	0.000000	0.000000	0.000000	0.000000	1.000000	0.048678	0.014545	0.030830	-0.081820	1.004912
	0.000000	0.000000	0.000000	0.000000	1.000000	-0.047832	-0.012604	0.002105	0.013073	1.065432
	0.000000	0.000000	0.000000	0.000000	1.000000	0.006411	0.017870	0.022227	-0.094642	1.055505
	0.000000	0.000000	0.000000	0.000000	1.000000	-0.018495	-0.034635	-0.002304	-0.008083	1.069480
	0.000000	0.000000	0.000000	0.000000	1.000000	-0.021517	0.023170	0.005002	-0.011167	1.012279
	0.000000	0.000000	0.000000	0.000000	1.000000	0.039339	0.097329	0.008047	-0.109827	0.976133
	0.000000	0.000000	0.000000	0.000000	1.000000	-0.026748	-0.029779	0.004534	0.003473	1.057764
	0.000000	0.000000	0.000000	0.000000	1.000000	0.052145	-0.022695	0.032805	-0.099025	1.057208
	0.000000	0.000000	0.000000	0.000000	1.000000	-0.028651	0.012137	-0.002696	-0.027766	1.051326
	0.000000	0.000000	0.000000	0.000000	1.000000	-0.001767	0.021451	-0.012091	-0.031351	1.005532
	0.000000	0.000000	0.000000	0.000000	1.000000	-0.014242	-0.000852	-0.008117	-0.033629	1.051281
	0.000000	0.000000	0.000000	0.000000	1.000000	-0.072861	0.000733	0.058999	0.042207	0.998501
	0.000000	0.000000	0.000000	0.000000	1.000000	-0.019425	-0.000503	0.001529	0.003953	1.020934
	0.000000	0.000000	0.000000	0.000000	1.000000	0.025136	0.039660	0.020319	-0.084496	1.012753
	0.000000	0.000000	0.000000	0.000000	1.000000	-0.015348	-0.045138	-0.001699	0.007875	1.056655
	0.000000	0.000000	0.000000	0.000000	1.000000	0.122424	-0.020077	0.076818	-0.164540	1.053447
	0.000000	0.000000	0.000000	0.000000	1.000000	0.044467	-0.026994	0.034387	-0.106138	1.070971
	0.000000	0.000000	0.000000	0.000000	1.000000	0.025966	-0.021352	0.022038	-0.064555	1.050078
