	1.000000	0.000000	0.000000	0.000000	0.000000	0.540274	-0.166818	0.041017	0.124686	0.367592
	1.000000	0.000000	0.000000	0.000000	0.000000	0.663980	-0.194735	-0.011253	0.168456	0.336519
	1.000000	0.000000	0.000000	0.000000	0.000000	0.713146	-0.211040	0.006625	0.240789	0.171272
	1.000000	0.000000	0.000000	0.000000	0.000000	0.716470	-0.194469	-0.008560	0.217262	0.218687
	1.000000	0.000000	0.000000	0.000000	0.000000	0.642165	-0.183571	-0.007674	0.168088	0.345028
	1.000000	0.000000	0.000000	0.000000	0.000000	0.612438	-0.183786	0.013634	0.129485	0.368749
	1.000000	0.000000	0.000000	0.000000	0.000000	0.581489	-0.164641	-0.013776	0.235302	0.335018
	1.000000	0.000000	0.000000	0.000000	0.000000	0.650235	-0.176804	-0.013419	0.310082	0.202566
	1.000000	0.000000	0.000000	0.000000	0.000000	0.483637	-0.168266	-0.018456	0.147899	0.522029
	1.000000	0.000000	0.000000	0.000000	0.000000	0.658648	-0.164017	-0.007155	0.455528	0.075994
	1.000000	0.000000	0.000000	0.000000	0.000000	0.541485	-0.161954	0.001883	0.146915	0.429365
	1.000000	0.000000	0.000000	0.000000	0.000000	0.595916	-0.183302	0.002961	0.268004	0.258412
	1.000000	0.000000	0.000000	0.000000	0.000000	0.627694	-0.164143	-0.009074	0.295776	0.215644
	1.000000	0.000000	0.000000	0.000000	0.000000	0.131496	0.059972	0.097018	0.063618	0.509940
	0.000000	1.000000	0.000000	0.000000	0.000000	-0.079859	0.977034	0.040393	-0.031156	0.073386
	0.000000	1.000000	0.000000	0.000000	0.000000	-0.048152	1.025360	-0.025829	0.046055	-0.003167
	0.000000	1.000000	0.000000	0.000000	0.000000	-0.105814	1.033404	0.008102	0.075040	0.102593
	0.000000	1.000000	0.000000	0.000000	0.000000	-0.047992	1.027675	-0.030831	0.045814	0.031526
	0.000000	1.000000	0.000000	0.000000	0.000000	-0.017266	1.006489	0.024062	-0.105737	0.007571
	0.000000	1.000000	0.000000	0.000000	0.000000	-0.055800	0.972828	-0.037230	0.093682	0.052893
	0.000000	1.000000	0.000000	0.000000	0.000000	-0.048876	0.888432	-0.039341	0.052135	0.189632
	0.000000	1.000000	0.000000	0.000000	0.000000	-0.031057	0.912159	-0.029913	0.108494	0.035691
	0.000000	1.000000	0.000000	0.000000	0.000000	-0.045036	1.048879	0.025815	-0.030719	-0.062471
	0.000000	1.000000	0.000000	0.000000	0.000000	-0.064435	1.020440	-0.022089	0.091368	-0.018583
	0.000000	1.000000	0.000000	0.000000	0.000000	-0.057926	0.902275	0.054030	0.002695	0.089953
	0.000000	1.000000	0.000000	0.000000	0.000000	-0.064526	1.076150	-0.059820	0.134783	-0.025634
	0.000000	1.000000	0.000000	0.000000	0.000000	-0.116353	0.971375	0.050226	0.070152	0.138642
	0.000000	1.000000	0.000000	0.000000	0.000000	-0.042957	1.035294	-0.032723	0.008382	0.026633
	0.000000	1.000000	0.000000	0.000000	0.000000	-0.026758	0.991879	-0.042673	-0.005977	0.067717
	0.000000	1.000000	0.000000	0.000000	0.000000	-0.056207	1.044872	0.013697	-0.042694	-0.003879
	0.000000	1.000000	0.000000	0.000000	0.000000	-0.024137	0.800660	-0.053906	0.041879	0.237067
	0.000000	1.000000	0.000000	0.000000	0.000000	-0.027505	0.940167	-0.083668	0.089259	0.128013
	0.000000	1.000000	0.000000	0.000000	0.000000	-0.045065	0.909013	0.145146	-0.062956	-0.040096
	0.000000	1.000000	0.000000	0.000000	0.000000	-0.030635	0.990180	-0.086814	0.092806	0.093199
	0.000000	1.000000	0.000000	0.000000	0.000000	-0.056735	1.010554	0.118733	-0.121152	-0.045575
	0.000000	1.000000	0.000000	0.000000	0.000000	-0.009141	0.853075	-0.064432	0.039015	0.186198
	0.000000	1.000000	0.000000	0.000000	0.000000	-0.029710	0.793211	-0.020324	-0.000274	0.271207
	0.000000	1.000000	0.000000	0.000000	0.000000	-0.114068	0.758575	0.238004	-0.136441	0.199486
	0.000000	1.000000	0.000000	0.000000	0.000000	-0.027686	1.075105	-0.009191	-0.073277	-0.020402
	0.000000	1.000000	0.000000	0.000000	0.000000	-0.018490	1.038897	-0.049047	-0.018922	0.028206
	0.000000	1.000000	0.000000	0.000000	0.000000	-0.053611	0.944197	0.122820	-0.127701	0.008078
	0.000000	1.000000	0.000000	0.000000	0.000000	-0.159045	0.887314	0.091641	0.218805	0.169673
	0.000000	1.000000	0.000000	0.000000	0.000000	-0.052950	0.742319	0.032237	0.161371	0.120848
	0.000000	1.000000	0.000000	0.000000	0.000000	-0.069866	0.863233	0.030609	0.040742	0.099789
	0.000000	1.000000	0.000000	0.000000	0.000000	-0.047958	0.921762	0.113227	-0.062275	-0.038591
	0.000000	1.000000	0.000000	0.000000	0.000000	-0.003897	0.992150	-0.076286	-0.020163	0.107056
	0.000000	1.000000	0.000000	0.000000	0.000000	-0.058064	1.123624	-0.001991	-0.019313	-0.060379
	0.000000	1.000000	0.000000	0.000000	0.000000	-0.088525	0.964110	0.099662	-0.023300	-0.002895
	0.000000	1.000000	0.000000	0.000000	0.000000	-0.096179	0.240449	0.204240	0.412102	0.304837
	0.000000	1.000000	0.000000	0.000000	0.000000	-0.047562	0.953821	-0.014115	-0.009660	0.149639
	0.000000	1.000000	0.000000	0.000000	0.000000	0.000855	1.000916	-0.039259	0.048340	-0.045738
	0.000000	1.000000	0.000000	0.000000	0.000000	-0.059369	1.038378	0.027169	-0.039904	-0.024939
	0.000000	1.000000	0.000000	0.000000	0.000000	-0.058125	1.115074	-0.044460	0.066427	-0.043417
	0.000000	0.000000	1.000000	0.000000	0.000000	-0.036132	0.026352	0.953027	0.073826	-0.154798
	0.000000	0.000000	1.000000	0.000000	0.000000	-0.100684	0.073211	0.951556	0.114352	-0.133753
	0.000000	0.000000	1.000000	0.000000	0.000000	-0.040965	0.013071	0.979790	0.073214	-0.164031
	0.000000	0.000000	1.000000	0.000000	0.000000	-0.048473	0.050434	0.819975	0.163216	-0.092452
	0.000000	0.000000	1.000000	0.000000	0.000000	-0.031911	0.003865	0.978398	0.094405	-0.169615
	0.000000	0.000000	1.000000	0.000000	0.000000	-0.089444	0.053383	0.798917	0.261366	-0.063926
	0.000000	0.000000	1.000000	0.000000	0.000000	0.004492	-0.015425	0.945398	0.064149	-0.159378
	0.000000	0.000000	1.000000	0.000000	0.000000	0.040653	0.017044	0.829750	0.178920	-0.154226
	0.000000	0.000000	1.000000	0.000000	0.000000	0.003509	0.000823	0.961309	0.007920	-0.158986
	0.000000	0.000000	1.000000	0.000000	0.000000	-0.055473	-0.000003	0.862394	0.197452	-0.092869
	0.000000	0.000000	1.000000	0.000000	0.000000	0.045730	0.060895	0.765178	0.154409	-0.140597
	0.000000	0.000000	1.000000	0.000000	0.000000	-0.017292	-0.012626	0.971814	0.061433	-0.162622
	0.000000	0.000000	1.000000	0.000000	0.000000	-0.011904	-0.034833	0.960865	-0.009857	-0.105470
	0.000000	0.000000	0.000000	1.000000	0.000000	0.010304	0.140514	0.126903	0.669077	0.133158
	0.000000	0.000000	0.000000	1.000000	0.000000	0.044121	0.059402	0.150603	0.533132	0.197089
	0.000000	0.000000	0.000000	1.000000	0.000000	0.329698	0.059368	0.063276	0.340703	0.129603
	0.000000	0.000000	0.000000	1.000000	0.000000	0.025026	0.241918	0.071531	0.473072	0.220200
	0.000000	0.000000	0.000000	1.000000	0.000000	0.202077	-0.019459	0.181019	0.480815	0.092282
	0.000000	0.000000	0.000000	1.000000	0.000000	0.239057	-0.032989	0.117042	0.426823	0.171032
	0.000000	0.000000	0.000000	1.000000	0.000000	0.257037	0.011687	0.217488	0.672568	-0.060648
	0.000000	0.000000	0.000000	1.000000	0.000000	0.013118	0.320390	0.046945	0.441470	0.207459
	0.000000	0.000000	0.000000	1.000000	0.000000	0.073852	0.071362	0.140219	0.519351	0.173610
	0.000000	0.000000	0.000000	1.000000	0.000000	-0.014216	0.078716	0.042003	0.459668	0.472397
	0.000000	0.000000	0.000000	1.000000	0.000000	0.288540	0.037844	0.202009	0.722119	-0.095367
	0.000000	0.000000	0.000000	1.000000	0.000000	0.172710	0.061616	0.186112	0.696366	-0.028283
	0.000000	0.000000	0.000000	1.000000	0.000000	0.028707	0.120002	0.109058	0.678023	0.137335
	0.000000	0.000000	0.000000	1.000000	0.000000	0.404689	0.016289	0.155227	0.752224	-0.120051
	0.000000	0.000000	0.000000	1.000000	0.000000	0.096372	0.128175	0.115789	0.723152	0.033136
	0.000000	0.000000	0.000000	1.000000	0.000000	0.184548	0.079084	0.170233	0.728509	-0.041049
	0.000000	0.000000	0.000000	0.000000	1.000000	0.026764	-0.020211	0.004021	-0.040604	1.008586
	0.000000	0.000000	0.000000	0.000000	1.000000	0.079485	-0.050245	-0.012392	0.014238	0.945325
	0.000000	0.000000	0.000000	0.000000	1.000000	0.019110	0.008378	0.042802	-0.024803	0.932335
	0.000000	0.000000	0.000000	0.000000	1.000000	0.122566	-0.103112	-0.030491	0.083600	0.912964
	0.000000	0.000000	0.000000	0.000000	1.000000	0.077840	-0.017897	-0.033579	0.079144	0.897307
	0.000000	0.000000	0.000000	0.000000	1.000000	-0.016296	0.052185	-0.012060	-0.022658	1.012248
	0.000000	0.000000	0.000000	0.000000	1.000000	-0.009027	-0.004192	-0.010598	-0.046678	1.070938
	0.000000	0.000000	0.000000	0.000000	1.000000	0.018207	-0.043465	-0.022247	0.006405	1.040951
	0.000000	0.000000	0.000000	0.000000	1.000000	-0.005318	-0.035704	-0.043412	-0.012172	1.112232
	0.000000	0.000000	0.000000	0.000000	1.000000	-0.012721	0.073834	-0.057023	0.027984	1.020185
	0.000000	0.000000	0.000000	0.000000	1.000000	-0.025094	0.031984	-0.042045	0.053898	1.036578
	0.000000	0.000000	0.000000	0.000000	1.000000	-0.005059	-0.015322	-0.039875	-0.022593	1.091036
	0.000000	0.000000	0.000000	0.000000	1.000000	0.035744	0.060972	-0.055308	-0.057545	1.000401
	0.000000	0.000000	0.000000	0.000000	1.000000	-0.001156	-0.016273	-0.031061	-0.032958	1.082389
	0.000000	0.000000	0.000000	0.000000	1.000000	0.022912	-0.012119	-0.039091	-0.017788	1.039762
	0.000000	0.000000	0.000000	0.000000	1.000000	0.031413	0.012251	-0.037274	0.026128	0.971782
	0.000000	0.000000	0.000000	0.000000	1.000000	0.006526	0.114063	-0.043848	-0.007663	0.942163
	0.000000	0.000000	0.000000	0.000000	1.000000	0.067147	-0.035351	-0.018248	0.078746	0.894770
	0.000000	0.000000	0.000000	0.000000	1.000000	0.036763	-0.014407	-0.012376	0.071013	0.920095
	0.000000	0.000000	0.000000	0.000000	1.000000	0.010212	0.048121	-0.009880	0.012806	0.932022
	0.000000	0.000000	0.000000	0.000000	1.000000	0.017602	0.001803	0.002488	-0.093857	1.043005
	0.000000	0.000000	0.000000	0.000000	1.000000	0.047201	-0.064333	0.000953	-0.069041	1.058798
	0.000000	0.000000	0.000000	0.000000	1.000000	0.027757	0.017353	-0.040760	-0.077568	1.048174
	0.000000	0.000000	0.000000	0.000000	1.000000	0.094665	-0.056598	-0.012168	-0.038198	0.984850
	0.000000	0.000000	0.000000	0.000000	1.000000	0.011868	-0.019269	-0.020928	-0.032120	1.053388
	0.000000	0.000000	0.000000	0.000000	1.000000	-0.000115	-0.026981	-0.023317	-0.020069	1.075726
	0.000000	0.000000	0.000000	0.000000	1.000000	0.016809	-0.024439	-0.025355	-0.023726	1.056307
	0.000000	0.000000	0.000000	0.000000	1.000000	0.003797	0.117156	-0.050367	-0.002582	0.943953
	0.000000	0.000000	0.000000	0.000000	1.000000	0.046100	-0.054826	0.001503	-0.015126	1.008667
	0.000000	0.000000	0.000000	0.000000	1.000000	-0.023880	-0.059348	-0.013691	0.037473	1.069674
	0.000000	0.000000	0.000000	0.000000	1.000000	0.024643	-0.025160	0.003792	-0.056392	1.026892
	0.000000	0.000000	0.000000	0.000000	1.000000	0.017892	-0.071291	-0.032413	-0.021262	1.099683
	0.000000	0.000000	0.000000	0.000000	1.000000	0.000719	-0.007192	-0.050839	-0.015737	1.091556
	0.000000	0.000000	0.000000	0.000000	1.000000	0.030545	0.041817	-0.051076	-0.030251	1.001480
	0.000000	0.000000	0.000000	0.000000	1.000000	0.230035	-0.070258	-0.000626	0.099511	0.700119
	0.000000	0.000000	0.000000	0.000000	1.000000	0.041571	0.040493	0.013439	-0.109807	0.961282
	0.000000	0.000000	0.000000	0.000000	1.000000	0.013755	-0.047959	-0.023086	-0.030403	1.077327
	0.000000	0.000000	0.000000	0.000000	1.000000	-0.009941	-0.026603	-0.047443	-0.001993	1.111874
	0.000000	0.000000	0.000000	0.000000	1.000000	0.019414	0.014518	-0.054359	-0.037158	1.059667
	0.000000	0.000000	0.000000	0.000000	1.000000	0.024264	-0.062679	-0.033032	-0.023040	1.083448
	0.000000	0.000000	0.000000	0.000000	1.000000	0.012948	0.153615	-0.040671	-0.023991	0.883867
	0.000000	0.000000	0.000000	0.000000	1.000000	0.001754	0.098156	-0.026865	0.020333	0.903638
	0.000000	0.000000	0.000000	0.000000	1.000000	-0.000310	-0.032138	-0.035042	-0.010518	1.088759
	0.000000	0.000000	0.000000	0.000000	1.000000	0.009386	-0.005794	-0.024077	-0.049850	1.064175
	0.000000	0.000000	0.000000	0.000000	1.000000	0.029185	0.021738	-0.032589	-0.062849	1.023830
	0.000000	0.000000	0.000000	0.000000	1.000000	0.013455	0.004855	0.007889	-0.020205	0.975072
	0.000000	0.000000	0.000000	0.000000	1.000000	0.001708	0.055216	-0.014088	-0.060588	1.006360
	0.000000	0.000000	0.000000	0.000000	1.000000	0.022618	-0.023915	-0.027150	0.060118	0.982745
	0.000000	0.000000	0.000000	0.000000	1.000000	0.012267	0.166775	0.004521	-0.012985	0.813209
	0.000000	0.000000	0.000000	0.000000	1.000000	-0.033457	0.068763	-0.035907	0.043647	1.017421
	0.000000	0.000000	0.000000	0.000000	1.000000	-0.025957	0.069922	-0.040605	0.052013	0.997789
	0.000000	0.000000	0.000000	0.000000	1.000000	0.373904	-0.093622	0.051114	0.109548	0.476440
	0.000000	0.000000	0.000000	0.000000	1.000000	-0.022845	0.040599	0.056732	0.138266	0.799367
	0.000000	0.000000	0.000000	0.000000	1.000000	0.032747	-0.025352	0.027803	0.102072	0.823129
	0.000000	0.000000	0.000000	0.000000	1.000000	-0.038434	0.165547	0.053559	-0.043282	0.891567
	0.000000	0.000000	0.000000	0.000000	1.000000	0.013281	-0.026832	0.011442	0.192078	0.806289
	0.000000	0.000000	0.000000	0.000000	1.000000	-0.009115	0.020162	0.035434	0.024046	0.961777
	0.000000	0.000000	0.000000	0.000000	1.000000	0.021666	-0.008232	-0.022845	-0.086953	1.066797
	0.000000	0.000000	0.000000	0.000000	1.000000	0.016289	-0.061340	0.006090	0.059053	0.955164
	0.000000	0.000000	0.000000	0.000000	1.000000	0.037373	-0.029501	-0.013761	-0.078209	1.053671
	0.000000	0.000000	0.000000	0.000000	1.000000	0.078117	-0.037247	0.002060	0.033912	0.904689
	0.000000	0.000000	0.000000	0.000000	1.000000	0.009486	0.045650	-0.029433	-0.063288	1.017572
	0.000000	0.000000	0.000000	0.000000	1.000000	0.034191	-0.070802	0.003159	-0.081578	1.077392
	0.000000	0.000000	0.000000	0.000000	1.000000	0.042505	-0.080875	-0.002871	-0.066575	1.074795
	0.000000	0.000000	0.000000	0.000000	1.000000	-0.027388	0.092924	0.070327	0.226617	0.644613
	1.000000	0.000000	0.000000	0.000000	0.000000	0.445931	-0.148975	-0.008855	0.163385	0.511809
	1.000000	0.000000	0.000000	0.000000	0.000000	0.274576	-0.127339	-0.030771	0.265962	0.572253
	1.000000	0.000000	0.000000	0.000000	0.000000	0.428540	-0.133995	-0.031224	0.221231	0.494039
	1.000000	0.000000	0.000000	0.000000	0.000000	0.513922	-0.170447	-0.024002	0.151090	0.502893
	1.000000	0.000000	0.000000	0.000000	0.000000	0.483780	-0.153605	-0.029001	0.300841	0.368002
	1.000000	0.000000	0.000000	0.000000	0.000000	0.522844	-0.163002	-0.025610	0.198853	0.449435
	1.000000	0.000000	0.000000	0.000000	0.000000	0.560758	-0.171010	-0.013898	0.223403	0.369114
	1.000000	0.000000	0.000000	0.000000	0.000000	0.568922	-0.136989	0.000201	0.349552	0.197784
	1.000000	0.000000	0.000000	0.000000	0.000000	0.554023	-0.147449	-0.015359	0.294827	0.290739
	1.000000	0.000000	0.000000	0.000000	0.000000	0.243039	-0.096508	-0.040724	0.143890	0.741466
	1.000000	0.000000	0.000000	0.000000	0.000000	0.042097	0.286172	0.124074	0.242420	0.211479
	1.000000	0.000000	0.000000	0.000000	0.000000	0.350300	-0.151005	-0.027077	0.122286	0.695591
	1.000000	0.000000	0.000000	0.000000	0.000000	0.158927	-0.098488	-0.020631	0.133898	0.795732
	1.000000	0.000000	0.000000	0.000000	0.000000	0.200023	-0.069480	0.057310	0.049751	0.684880
	1.000000	0.000000	0.000000	0.000000	0.000000	0.401724	-0.144484	-0.009632	0.315769	0.381703
	1.000000	0.000000	0.000000	0.000000	0.000000	0.517975	-0.156447	0.072137	0.339374	0.148306
	0.000000	1.000000	0.000000	0.000000	0.000000	-0.016590	0.998364	0.065820	-0.040633	-0.105083
	0.000000	1.000000	0.000000	0.000000	0.000000	-0.033367	0.931145	-0.120757	0.216263	0.160443
	0.000000	1.000000	0.000000	0.000000	0.000000	-0.067557	0.682922	0.392756	-0.056031	-0.064289
	0.000000	1.000000	0.000000	0.000000	0.000000	-0.124873	0.947562	0.096107	0.069480	-0.000889
	0.000000	1.000000	0.000000	0.000000	0.000000	-0.046773	0.977211	-0.100760	0.193051	0.108607
	0.000000	1.000000	0.000000	0.000000	0.000000	-0.013913	0.584952	0.120251	-0.089793	0.276212
	0.000000	1.000000	0.000000	0.000000	0.000000	-0.060041	0.609853	-0.044825	0.162429	0.438008
	0.000000	1.000000	0.000000	0.000000	0.000000	-0.088525	0.538666	-0.048268	0.219327	0.673950
	0.000000	1.000000	0.000000	0.000000	0.000000	-0.031068	1.026194	-0.038674	0.021955	0.013047
	0.000000	1.000000	0.000000	0.000000	0.000000	-0.045199	1.062775	-0.056121	0.057711	0.003700
	0.000000	1.000000	0.000000	0.000000	0.000000	-0.039211	0.992662	0.088740	-0.125545	-0.027759
	0.000000	1.000000	0.000000	0.000000	0.000000	-0.015493	0.924578	-0.092501	0.061724	0.178197
	0.000000	1.000000	0.000000	0.000000	0.000000	-0.030490	1.022864	-0.067001	0.058582	0.035051
	0.000000	1.000000	0.000000	0.000000	0.000000	-0.022263	0.984057	-0.068154	0.063834	0.060128
	0.000000	1.000000	0.000000	0.000000	0.000000	-0.155399	0.957939	0.004447	0.397858	0.047549
	0.000000	1.000000	0.000000	0.000000	0.000000	-0.216283	0.438312	0.521625	0.060209	0.434275
	0.000000	1.000000	0.000000	0.000000	0.000000	-0.025888	1.042212	-0.031999	-0.002255	-0.016671
	0.000000	1.000000	0.000000	0.000000	0.000000	-0.108585	1.020947	0.027217	0.038004	0.111396
	0.000000	1.000000	0.000000	0.000000	0.000000	-0.073397	1.089959	0.029394	-0.016730	-0.063371
	0.000000	1.000000	0.000000	0.000000	0.000000	-0.011794	0.754512	0.048982	0.001991	0.118396
	0.000000	1.000000	0.000000	0.000000	0.000000	-0.050575	1.055081	-0.053451	0.078012	-0.003669
	0.000000	1.000000	0.000000	0.000000	0.000000	-0.012355	0.939609	-0.059032	0.003557	0.107562
	0.000000	1.000000	0.000000	0.000000	0.000000	-0.109454	1.016948	0.030870	0.032549	0.121190
	0.000000	1.000000	0.000000	0.000000	0.000000	-0.063251	0.981256	0.018380	-0.010706	0.097958
	0.000000	1.000000	0.000000	0.000000	0.000000	-0.029025	1.076545	-0.016815	0.003485	-0.077601
	0.000000	1.000000	0.000000	0.000000	0.000000	-0.028554	0.900703	-0.076735	0.070567	0.201060
	0.000000	1.000000	0.000000	0.000000	0.000000	-0.083615	0.932387	-0.009475	0.031605	0.225628
	0.000000	1.000000	0.000000	0.000000	0.000000	0.000545	0.946189	-0.034430	0.007016	0.029530
	0.000000	1.000000	0.000000	0.000000	0.000000	-0.042616	1.063321	-0.043907	0.018114	0.015534
	0.000000	1.000000	0.000000	0.000000	0.000000	-0.057638	0.855226	0.000637	0.037759	0.183354
	0.000000	1.000000	0.000000	0.000000	0.000000	-0.080371	0.871680	-0.032227	0.231654	0.105442
	0.000000	1.000000	0.000000	0.000000	0.000000	-0.075844	0.858018	0.009546	0.135229	0.086859
	0.000000	1.000000	0.000000	0.000000	0.000000	-0.070216	1.028539	0.010362	0.005854	0.009226
	0.000000	1.000000	0.000000	0.000000	0.000000	-0.063162	1.112572	-0.025335	0.050138	-0.065775
	0.000000	1.000000	0.000000	0.000000	0.000000	-0.205738	0.584214	0.491677	-0.014645	0.254139
	0.000000	0.000000	1.000000	0.000000	0.000000	-0.069692	0.001931	0.935432	-0.004310	-0.052028
	0.000000	0.000000	1.000000	0.000000	0.000000	0.057041	-0.014094	0.788241	0.273757	-0.154876
	0.000000	0.000000	1.000000	0.000000	0.000000	-0.032389	0.009016	0.999056	0.014846	-0.162287
	0.000000	0.000000	1.000000	0.000000	0.000000	-0.054845	0.044950	0.832602	0.069812	-0.056006
	0.000000	0.000000	1.000000	0.000000	0.000000	-0.117750	0.091227	0.919047	0.070424	-0.087312
	0.000000	0.000000	1.000000	0.000000	0.000000	0.018794	0.044468	0.830395	0.159580	-0.151607
	0.000000	0.000000	1.000000	0.000000	0.000000	0.080684	0.048084	0.564944	0.399816	-0.102800
	0.000000	0.000000	1.000000	0.000000	0.000000	-0.047939	0.060722	0.934182	0.139861	-0.170037
	0.000000	0.000000	1.000000	0.000000	0.000000	-0.012216	-0.040252	0.937479	0.105197	-0.141574
	0.000000	0.000000	1.000000	0.000000	0.000000	0.060128	0.002636	0.731515	0.270966	-0.126346
	0.000000	0.000000	1.000000	0.000000	0.000000	0.121475	0.016009	0.798457	0.026602	-0.135790
	0.000000	0.000000	1.000000	0.000000	0.000000	0.101192	-0.045336	0.724123	0.256263	-0.127488
	0.000000	0.000000	1.000000	0.000000	0.000000	0.000932	-0.011680	0.957563	0.067850	-0.170649
	0.000000	0.000000	1.000000	0.000000	0.000000	-0.206993	0.401578	0.344168	0.386041	0.291083
	0.000000	0.000000	1.000000	0.000000	0.000000	-0.029662	-0.016187	0.965840	0.034990	-0.134164
	0.000000	0.000000	1.000000	0.000000	0.000000	-0.063356	0.016331	0.991660	0.014523	-0.131657
	0.000000	0.000000	0.000000	1.000000	0.000000	0.255983	0.069550	0.229617	0.668734	-0.100051
	0.000000	0.000000	0.000000	1.000000	0.000000	0.150138	-0.016161	0.097210	0.357850	0.315615
	0.000000	0.000000	0.000000	1.000000	0.000000	-0.120637	0.315950	0.069698	0.523362	0.394817
	0.000000	0.000000	0.000000	1.000000	0.000000	0.042769	0.223139	0.092076	0.684409	0.051292
	0.000000	0.000000	0.000000	1.000000	0.000000	0.242341	-0.057885	0.180455	0.544638	0.062108
	0.000000	0.000000	0.000000	1.000000	0.000000	0.083813	0.098413	0.074749	0.560489	0.199897
	0.000000	0.000000	0.000000	1.000000	0.000000	0.142681	-0.004079	0.098044	0.502566	0.225658
	0.000000	0.000000	0.000000	1.000000	0.000000	0.185670	0.062436	0.183351	0.689575	-0.030119
	0.000000	0.000000	0.000000	1.000000	0.000000	0.063826	0.091063	0.203518	0.675119	0.042060
	0.000000	0.000000	0.000000	1.000000	0.000000	-0.066083	0.185258	0.095505	0.629214	0.262619
	0.000000	0.000000	0.000000	1.000000	0.000000	0.177932	0.037157	0.297088	0.696344	-0.079719
	0.000000	0.000000	0.000000	1.000000	0.000000	0.215992	0.044715	0.194946	0.700366	-0.049477
	0.000000	0.000000	0.000000	1.000000	0.000000	0.051153	0.133077	0.192879	0.729972	0.016534
	0.000000	0.000000	0.000000	1.000000	0.000000	0.230423	0.011928	0.379478	0.681488	-0.139215
	0.000000	0.000000	0.000000	1.000000	0.000000	0.195156	0.068093	0.340077	0.570987	-0.102497
	0.000000	0.000000	0.000000	0.000000	1.000000	0.073287	-0.039069	0.002360	-0.046254	0.977293
	0.000000	0.000000	0.000000	0.000000	1.000000	0.014909	-0.003728	0.011947	-0.011420	0.985877
	0.000000	0.000000	0.000000	0.000000	1.000000	-0.006227	-0.008372	-0.030270	-0.020367	1.076741
	0.000000	0.000000	0.000000	0.000000	1.000000	0.048785	-0.008431	-0.019726	-0.065479	1.008010
	0.000000	0.000000	0.000000	0.000000	1.000000	0.010799	0.042472	-0.010252	0.012861	0.938986
	0.000000	0.000000	0.000000	0.000000	1.000000	0.044964	-0.078962	-0.019278	-0.050843	1.080927
	0.000000	0.000000	0.000000	0.000000	1.000000	0.001355	0.009546	-0.021806	0.113808	0.927770
	0.000000	0.000000	0.000000	0.000000	1.000000	0.036035	-0.005139	-0.025379	-0.061319	1.028723
	0.000000	0.000000	0.000000	0.000000	1.000000	0.120070	-0.068103	0.047094	-0.042320	0.894148
	0.000000	0.000000	0.000000	0.000000	1.000000	0.448894	-0.161855	-0.007751	0.152318	0.533889
	0.000000	0.000000	0.000000	0.000000	1.000000	0.016590	0.036937	-0.051253	-0.014819	1.017408
	0.000000	0.000000	0.000000	0.000000	1.000000	0.012202	-0.042236	0.024845	-0.084511	1.058140
	0.000000	0.000000	0.000000	0.000000	1.000000	0.002471	0.012662	-0.035842	-0.043905	1.061289
	0.000000	0.000000	0.000000	0.000000	1.000000	0.011960	-0.064563	-0.037678	-0.019974	1.109240
	0.000000	0.000000	0.000000	0.000000	1.000000	-0.002424	0.031966	-0.044164	-0.009767	1.042067
	0.000000	0.000000	0.000000	0.000000	1.000000	0.073678	-0.086789	-0.040606	0.068769	0.990748
	0.000000	0.000000	0.000000	0.000000	1.000000	0.032659	-0.030371	-0.000728	-0.024914	1.003334
	0.000000	0.000000	0.000000	0.000000	1.000000	-0.037705	0.098914	-0.012345	0.058702	0.953508
	0.000000	0.000000	0.000000	0.000000	1.000000	0.009095	0.001969	-0.010144	-0.075742	1.053831
	0.000000	0.000000	0.000000	0.000000	1.000000	0.016565	0.018029	-0.012656	0.068510	0.903481
	0.000000	0.000000	0.000000	0.000000	1.000000	0.042853	-0.026077	-0.044417	-0.024214	1.035280
	0.000000	0.000000	0.000000	0.000000	1.000000	0.016389	-0.019477	-0.036424	-0.069048	1.085593
	0.000000	0.000000	0.000000	0.000000	1.000000	0.049220	-0.057277	0.007203	-0.077430	1.053155
	0.000000	0.000000	0.000000	0.000000	1.000000	0.061581	-0.046568	-0.011123	-0.017841	0.992941
	0.000000	0.000000	0.000000	0.000000	1.000000	0.027834	-0.000512	-0.025242	-0.080601	1.049178
	0.000000	0.000000	0.000000	0.000000	1.000000	-0.005341	-0.046206	-0.016240	-0.031552	1.092168
	0.000000	0.000000	0.000000	0.000000	1.000000	0.010532	-0.057631	-0.020040	-0.042201	1.101006
	0.000000	0.000000	0.000000	0.000000	1.000000	0.118790	-0.050957	-0.007144	0.097071	0.807378
	0.000000	0.000000	0.000000	0.000000	1.000000	0.064296	-0.096051	-0.007288	-0.070479	1.075235
	0.000000	0.000000	0.000000	0.000000	1.000000	0.025171	-0.030926	-0.030045	-0.054503	1.070591
	0.000000	0.000000	0.000000	0.000000	1.000000	0.014597	-0.049719	-0.040867	0.013611	1.077192
	0.000000	0.000000	0.000000	0.000000	1.000000	0.010101	0.003130	-0.040289	-0.027258	1.048564
	0.000000	0.000000	0.000000	0.000000	1.000000	0.040869	-0.035636	-0.033144	-0.083408	1.082869
	0.000000	0.000000	0.000000	0.000000	1.000000	-0.002430	-0.004712	-0.051162	-0.018592	1.095595
	0.000000	0.000000	0.000000	0.000000	1.000000	0.068015	-0.066114	-0.005367	-0.022126	1.000107
	0.000000	0.000000	0.000000	0.000000	1.000000	-0.024083	0.129184	-0.034000	0.027479	0.949213
	0.000000	0.000000	0.000000	0.000000	1.000000	0.027387	0.021684	-0.014329	-0.081995	1.018661
	0.000000	0.000000	0.000000	0.000000	1.000000	-0.017984	0.134697	-0.024531	-0.002595	0.941505
	0.000000	0.000000	0.000000	0.000000	1.000000	-0.013962	0.075352	-0.021891	-0.031377	1.011927
	0.000000	0.000000	0.000000	0.000000	1.000000	-0.013850	0.033878	-0.001796	-0.019193	1.005086
	0.000000	0.000000	0.000000	0.000000	1.000000	0.027922	0.110825	-0.085212	-0.018168	0.991040
	0.000000	0.000000	0.000000	0.000000	1.000000	0.004444	0.073423	-0.033662	-0.004409	0.967983
	0.000000	0.000000	0.000000	0.000000	1.000000	0.019610	-0.062681	-0.040082	0.009704	1.079430
	0.000000	0.000000	0.000000	0.000000	1.000000	0.051056	-0.021864	-0.008900	-0.029559	0.981586
	0.000000	0.000000	0.000000	0.000000	1.000000	0.018954	-0.016359	-0.014764	-0.058771	1.054537
	0.000000	0.000000	0.000000	0.000000	1.000000	0.015501	-0.007903	-0.013012	-0.093699	1.067375
	0.000000	0.000000	0.000000	0.000000	1.000000	0.013212	-0.050067	-0.023166	-0.040306	1.089117
	0.000000	0.000000	0.000000	0.000000	1.000000	-0.009430	0.020513	-0.020804	0.000803	1.024151
	0.000000	0.000000	0.000000	0.000000	1.000000	0.034637	0.074726	-0.050213	-0.060839	0.989421
	0.000000	0.000000	0.000000	0.000000	1.000000	0.007869	-0.038424	-0.020773	-0.010719	1.063139
	0.000000	0.000000	0.000000	0.000000	1.000000	0.050039	-0.067210	-0.008433	-0.076214	1.069770
	0.000000	0.000000	0.000000	0.000000	1.000000	-0.006097	0.011319	-0.036168	-0.031942	1.079071
	0.000000	0.000000	0.000000	0.000000	1.000000	-0.033864	0.039574	-0.038678	0.045063	1.044750
	0.000000	0.000000	0.000000	0.000000	1.000000	-0.003284	0.003138	-0.044657	-0.022880	1.078582
	0.000000	0.000000	0.000000	0.000000	1.000000	-0.038428	0.006627	0.035636	0.094484	0.921201
	0.000000	0.000000	0.000000	0.000000	1.000000	-0.003549	-0.001956	-0.022866	0.015528	1.030097
	0.000000	0.000000	0.000000	0.000000	1.000000	0.042396	0.012192	-0.011408	-0.079373	1.000305
	0.000000	0.000000	0.000000	0.000000	1.000000	0.009404	-0.051388	-0.019522	-0.009769	1.066678
	0.000000	0.000000	0.000000	0.000000	1.000000	0.069823	-0.090097	0.021392	-0.109721	1.064896
	0.000000	0.000000	0.000000	0.000000	1.000000	0.040271	-0.071807	-0.002185	-0.091688	1.086848
	0.000000	0.000000	0.000000	0.000000	1.000000	0.060677	-0.056857	-0.000332	-0.077533	1.034871
