	1.000000	0.000000	0.000000	0.000000	0.000000	0.929395	-0.076098	0.016851	-0.060066	0.136926
	1.000000	0.000000	0.000000	0.000000	0.000000	0.906434	-0.102308	-0.054208	0.086416	0.116063
	1.000000	0.000000	0.000000	0.000000	0.000000	1.051257	-0.125887	-0.029994	-0.010855	-0.043938
	1.000000	0.000000	0.000000	0.000000	0.000000	1.019889	-0.098100	-0.050743	0.054425	-0.016175
	1.000000	0.000000	0.000000	0.000000	0.000000	0.858187	-0.089483	-0.052552	0.118266	0.131873
	1.000000	0.000000	0.000000	0.000000	0.000000	0.897006	-0.081015	-0.018230	0.011153	0.145611
	1.000000	0.000000	0.000000	0.000000	0.000000	0.821010	-0.077011	-0.047530	0.151227	0.118212
	1.000000	0.000000	0.000000	0.000000	0.000000	0.979466	-0.087868	-0.042469	0.093333	-0.033851
	1.000000	0.000000	0.000000	0.000000	0.000000	0.878598	-0.086172	-0.007971	-0.047410	0.248417
	1.000000	0.000000	0.000000	0.000000	0.000000	0.958232	-0.094676	-0.055578	0.231711	-0.106699
	1.000000	0.000000	0.000000	0.000000	0.000000	0.888431	-0.069915	0.000348	-0.046086	0.201277
	1.000000	0.000000	0.000000	0.000000	0.000000	0.972099	-0.106692	-0.011130	-0.023403	0.044541
	1.000000	0.000000	0.000000	0.000000	0.000000	0.888510	-0.082878	-0.061097	0.185332	0.011699
	1.000000	0.000000	0.000000	0.000000	0.000000	0.382230	0.149994	0.068283	-0.040917	0.394081
	0.000000	1.000000	0.000000	0.000000	0.000000	0.013134	1.015455	0.011757	-0.055186	-0.008480
	0.000000	1.000000	0.000000	0.000000	0.000000	-0.012012	1.027674	-0.027468	0.045972	-0.041049
	0.000000	1.000000	0.000000	0.000000	0.000000	-0.007269	1.041156	0.015131	-0.055015	-0.003611
	0.000000	1.000000	0.000000	0.000000	0.000000	-0.027501	1.023426	-0.035485	0.073685	-0.021222
	0.000000	1.000000	0.000000	0.000000	0.000000	0.042967	1.045434	0.006094	-0.077744	-0.025209
	0.000000	1.000000	0.000000	0.000000	0.000000	-0.009861	0.981645	-0.043450	0.071487	-0.019456
	0.000000	1.000000	0.000000	0.000000	0.000000	0.003543	0.909199	-0.049303	0.036780	0.075532
	0.000000	1.000000	0.000000	0.000000	0.000000	-0.010088	0.936443	-0.050001	0.122005	-0.015697
	0.000000	1.000000	0.000000	0.000000	0.000000	-0.023977	1.059911	-0.005422	0.044231	-0.073062
	0.000000	1.000000	0.000000	0.000000	0.000000	-0.010970	1.025457	-0.029859	0.063544	-0.069919
	0.000000	1.000000	0.000000	0.000000	0.000000	0.021390	0.991361	0.006978	-0.031245	0.000257
	0.000000	1.000000	0.000000	0.000000	0.000000	-0.007796	1.056833	-0.032213	0.042137	-0.070945
	0.000000	1.000000	0.000000	0.000000	0.000000	-0.027637	1.015790	0.014294	-0.008626	-0.000305
	0.000000	1.000000	0.000000	0.000000	0.000000	0.004286	1.030519	-0.021382	-0.004394	-0.018113
	0.000000	1.000000	0.000000	0.000000	0.000000	0.028351	0.990278	-0.035760	-0.022602	0.017505
	0.000000	1.000000	0.000000	0.000000	0.000000	0.002349	1.054465	0.002576	-0.027771	-0.042060
	0.000000	1.000000	0.000000	0.000000	0.000000	0.066011	0.823848	-0.053567	-0.038929	0.142060
	0.000000	1.000000	0.000000	0.000000	0.000000	0.045551	0.931240	-0.060781	-0.012182	0.052002
	0.000000	1.000000	0.000000	0.000000	0.000000	-0.006348	0.995822	0.062843	-0.020341	-0.051475
	0.000000	1.000000	0.000000	0.000000	0.000000	0.035148	0.975582	-0.056971	-0.006098	0.018768
	0.000000	1.000000	0.000000	0.000000	0.000000	0.012615	1.064850	0.060678	-0.085684	-0.056392
	0.000000	1.000000	0.000000	0.000000	0.000000	0.001655	0.848237	-0.065328	0.069491	0.126862
	0.000000	1.000000	0.000000	0.000000	0.000000	-0.012555	0.821464	-0.036775	0.046195	0.182143
	0.000000	1.000000	0.000000	0.000000	0.000000	0.030309	0.887536	0.137657	-0.160801	0.109254
	0.000000	1.000000	0.000000	0.000000	0.000000	0.025763	1.071245	-0.007931	-0.052133	-0.044911
	0.000000	1.000000	0.000000	0.000000	0.000000	0.134501	1.035322	-0.005927	-0.155206	-0.010936
	0.000000	1.000000	0.000000	0.000000	0.000000	0.055963	1.022875	0.067649	-0.127089	-0.024721
	0.000000	1.000000	0.000000	0.000000	0.000000	-0.087371	0.965390	-0.003738	0.151219	-0.015162
	0.000000	1.000000	0.000000	0.000000	0.000000	0.071616	0.875128	0.005697	-0.009992	-0.001593
	0.000000	1.000000	0.000000	0.000000	0.000000	0.016890	0.917439	-0.001447	-0.005065	0.013911
	0.000000	1.000000	0.000000	0.000000	0.000000	0.034339	0.993481	0.053761	-0.046653	-0.067225
	0.000000	1.000000	0.000000	0.000000	0.000000	0.087460	0.968147	-0.049135	-0.089830	0.051523
	0.000000	1.000000	0.000000	0.000000	0.000000	-0.028522	1.099386	-0.001994	0.021084	-0.073391
	0.000000	1.000000	0.000000	0.000000	0.000000	-0.032710	1.007732	0.039406	0.002670	-0.041398
	0.000000	1.000000	0.000000	0.000000	0.000000	-0.033780	0.303743	0.119783	0.380472	0.126937
	0.000000	1.000000	0.000000	0.000000	0.000000	0.019153	0.975023	-0.032350	-0.019468	0.043887
	0.000000	1.000000	0.000000	0.000000	0.000000	0.015380	1.014933	-0.035395	0.042886	-0.051228
	0.000000	1.000000	0.000000	0.000000	0.000000	0.003224	1.051969	0.011091	-0.032538	-0.050832
	0.000000	1.000000	0.000000	0.000000	0.000000	-0.017639	1.085508	-0.015875	0.023774	-0.068536
	0.000000	0.000000	1.000000	0.000000	0.000000	0.024885	0.041943	1.005410	-0.047979	-0.051829
	0.000000	0.000000	1.000000	0.000000	0.000000	-0.095494	0.070718	0.977358	0.023825	-0.019957
	0.000000	0.000000	1.000000	0.000000	0.000000	0.000387	0.018925	1.031807	-0.047389	-0.031393
	0.000000	0.000000	1.000000	0.000000	0.000000	-0.033437	0.041948	0.871943	0.105090	-0.011134
	0.000000	0.000000	1.000000	0.000000	0.000000	0.014911	0.003303	1.044586	-0.053612	-0.029684
	0.000000	0.000000	1.000000	0.000000	0.000000	-0.108203	0.007897	0.860531	0.229451	0.030868
	0.000000	0.000000	1.000000	0.000000	0.000000	0.050062	-0.000073	1.018920	-0.060436	-0.028341
	0.000000	0.000000	1.000000	0.000000	0.000000	0.076460	0.025063	0.929105	0.020631	-0.059864
	0.000000	0.000000	1.000000	0.000000	0.000000	0.103806	0.039385	1.019132	-0.115848	-0.053330
	0.000000	0.000000	1.000000	0.000000	0.000000	-0.052481	-0.020345	0.934430	0.118443	0.017976
	0.000000	0.000000	1.000000	0.000000	0.000000	0.069861	0.079039	0.863362	0.023586	-0.066178
	0.000000	0.000000	1.000000	0.000000	0.000000	-0.003489	-0.015649	1.033049	-0.031512	-0.004379
	0.000000	0.000000	1.000000	0.000000	0.000000	0.022940	-0.009902	1.015558	-0.086211	0.044728
	0.000000	0.000000	0.000000	1.000000	0.000000	-0.098730	0.082514	-0.006139	0.994929	0.017779
	0.000000	0.000000	0.000000	1.000000	0.000000	0.118179	0.066093	0.035308	0.744854	-0.009819
	0.000000	0.000000	0.000000	1.000000	0.000000	0.259905	0.142623	-0.031052	0.541927	0.060390
	0.000000	0.000000	0.000000	1.000000	0.000000	-0.107167	0.233682	-0.051518	0.824962	0.149692
	0.000000	0.000000	0.000000	1.000000	0.000000	0.140289	0.009460	0.051634	0.783796	-0.027548
	0.000000	0.000000	0.000000	1.000000	0.000000	0.145528	0.032737	0.000757	0.643914	0.075761
	0.000000	0.000000	0.000000	1.000000	0.000000	0.096463	0.011198	0.120511	0.924167	-0.102589
	0.000000	0.000000	0.000000	1.000000	0.000000	-0.067079	0.312188	-0.067905	0.765598	0.079828
	0.000000	0.000000	0.000000	1.000000	0.000000	-0.051649	0.059785	-0.017797	0.904962	0.078821
	0.000000	0.000000	0.000000	1.000000	0.000000	-0.092504	0.046669	-0.052129	0.809117	0.288331
	0.000000	0.000000	0.000000	1.000000	0.000000	0.235161	0.023571	0.148740	0.865058	-0.152502
	0.000000	0.000000	0.000000	1.000000	0.000000	0.058152	0.030601	0.094403	0.942895	-0.096034
	0.000000	0.000000	0.000000	1.000000	0.000000	-0.013076	0.068728	-0.000894	0.936296	-0.016541
	0.000000	0.000000	0.000000	1.000000	0.000000	0.289429	0.019514	0.111755	0.949695	-0.177922
	0.000000	0.000000	0.000000	1.000000	0.000000	-0.042182	0.058602	-0.004564	1.020677	-0.042732
	0.000000	0.000000	0.000000	1.000000	0.000000	0.078907	0.041973	0.072493	0.967995	-0.111872
	0.000000	0.000000	0.000000	0.000000	1.000000	0.022194	0.004499	0.013639	-0.019529	0.994792
	0.000000	0.000000	0.000000	0.000000	1.000000	0.080530	-0.023847	-0.002504	0.020303	0.935629
	0.000000	0.000000	0.000000	0.000000	1.000000	0.060962	0.051236	0.053564	-0.053836	0.913115
	0.000000	0.000000	0.000000	0.000000	1.000000	0.049528	-0.071291	-0.039174	0.132859	0.917236
	0.000000	0.000000	0.000000	0.000000	1.000000	0.135381	0.009170	0.005104	-0.043295	0.891125
	0.000000	0.000000	0.000000	0.000000	1.000000	0.045954	0.089540	0.001827	-0.089919	0.947434
	0.000000	0.000000	0.000000	0.000000	1.000000	-0.001452	0.020026	-0.006879	-0.032395	1.020713
	0.000000	0.000000	0.000000	0.000000	1.000000	0.044072	-0.029385	0.007072	-0.024173	1.006915
	0.000000	0.000000	0.000000	0.000000	1.000000	-0.019060	-0.041380	-0.016998	0.004169	1.075742
	0.000000	0.000000	0.000000	0.000000	1.000000	0.009480	0.066084	-0.035948	-0.013735	0.958537
	0.000000	0.000000	0.000000	0.000000	1.000000	-0.022333	0.008472	-0.027601	0.044528	0.997319
	0.000000	0.000000	0.000000	0.000000	1.000000	-0.002688	-0.015468	-0.013862	-0.020473	1.049416
	0.000000	0.000000	0.000000	0.000000	1.000000	0.038878	0.065506	-0.016780	-0.071703	0.978363
	0.000000	0.000000	0.000000	0.000000	1.000000	0.002944	-0.009495	-0.004434	-0.035799	1.047021
	0.000000	0.000000	0.000000	0.000000	1.000000	0.022892	-0.005587	-0.010858	-0.030262	1.020892
	0.000000	0.000000	0.000000	0.000000	1.000000	0.017666	0.008587	-0.018010	0.017860	0.971249
	0.000000	0.000000	0.000000	0.000000	1.000000	0.009539	0.111207	-0.031810	-0.005269	0.906875
	0.000000	0.000000	0.000000	0.000000	1.000000	0.085301	-0.023174	-0.017822	0.071995	0.870490
	0.000000	0.000000	0.000000	0.000000	1.000000	0.022858	-0.011381	-0.016568	0.095692	0.909820
	0.000000	0.000000	0.000000	0.000000	1.000000	0.034651	0.062986	0.001420	-0.015300	0.910191
	0.000000	0.000000	0.000000	0.000000	1.000000	0.014224	0.027016	0.012812	-0.067258	1.024839
	0.000000	0.000000	0.000000	0.000000	1.000000	0.024459	-0.036400	0.006800	-0.032979	1.049485
	0.000000	0.000000	0.000000	0.000000	1.000000	0.015821	0.023844	-0.012560	-0.051943	1.023126
	0.000000	0.000000	0.000000	0.000000	1.000000	0.102458	-0.018528	0.014275	-0.051854	0.979039
	0.000000	0.000000	0.000000	0.000000	1.000000	0.020406	-0.002463	0.010211	-0.052330	1.030972
	0.000000	0.000000	0.000000	0.000000	1.000000	-0.011121	-0.023940	-0.002450	-0.009249	1.053216
	0.000000	0.000000	0.000000	0.000000	1.000000	0.055984	0.004446	0.023626	-0.085476	1.017344
	0.000000	0.000000	0.000000	0.000000	1.000000	0.035808	0.116789	-0.030309	-0.041644	0.898429
	0.000000	0.000000	0.000000	0.000000	1.000000	0.025631	-0.026774	0.015101	-0.006209	1.006194
	0.000000	0.000000	0.000000	0.000000	1.000000	-0.026856	-0.062507	-0.006182	0.034610	1.053496
	0.000000	0.000000	0.000000	0.000000	1.000000	0.029200	0.002313	0.018505	-0.050698	1.013042
	0.000000	0.000000	0.000000	0.000000	1.000000	-0.002710	-0.062564	-0.014534	0.009657	1.074262
	0.000000	0.000000	0.000000	0.000000	1.000000	-0.012109	-0.011243	-0.025695	0.001595	1.047914
	0.000000	0.000000	0.000000	0.000000	1.000000	0.028576	0.044908	-0.021320	-0.036412	0.978877
	0.000000	0.000000	0.000000	0.000000	1.000000	0.292441	-0.019530	-0.001658	0.047025	0.676333
	0.000000	0.000000	0.000000	0.000000	1.000000	0.062081	0.074437	0.019872	-0.095981	0.954520
	0.000000	0.000000	0.000000	0.000000	1.000000	0.015146	-0.036139	0.001727	-0.025236	1.049172
	0.000000	0.000000	0.000000	0.000000	1.000000	-0.021353	-0.034282	-0.022694	0.008323	1.070709
	0.000000	0.000000	0.000000	0.000000	1.000000	0.027832	0.032588	-0.021247	-0.057808	1.009537
	0.000000	0.000000	0.000000	0.000000	1.000000	0.025932	-0.049561	-0.004001	-0.021159	1.054261
	0.000000	0.000000	0.000000	0.000000	1.000000	0.056615	0.160169	-0.024606	-0.062519	0.846217
	0.000000	0.000000	0.000000	0.000000	1.000000	0.031595	0.090708	-0.018468	-0.009720	0.882424
	0.000000	0.000000	0.000000	0.000000	1.000000	-0.017098	-0.034116	-0.010984	0.008085	1.061524
	0.000000	0.000000	0.000000	0.000000	1.000000	0.004882	0.009069	-0.005106	-0.031753	1.029040
	0.000000	0.000000	0.000000	0.000000	1.000000	0.005026	0.022789	-0.012155	-0.028083	1.015818
	0.000000	0.000000	0.000000	0.000000	1.000000	0.026106	0.024884	0.015523	-0.018753	0.961044
	0.000000	0.000000	0.000000	0.000000	1.000000	0.030406	0.078627	0.009087	-0.080101	0.969334
	0.000000	0.000000	0.000000	0.000000	1.000000	0.048119	-0.015863	-0.001517	-0.010366	0.972310
	0.000000	0.000000	0.000000	0.000000	1.000000	-0.005813	0.159365	0.000713	0.021830	0.839152
	0.000000	0.000000	0.000000	0.000000	1.000000	0.008654	0.060083	-0.021547	-0.020581	0.956712
	0.000000	0.000000	0.000000	0.000000	1.000000	0.003046	0.053035	-0.029146	0.008344	0.947415
	0.000000	0.000000	0.000000	0.000000	1.000000	0.368528	-0.004939	0.004181	0.143561	0.461666
	0.000000	0.000000	0.000000	0.000000	1.000000	-0.014200	0.047042	0.072247	0.020873	0.867332
	0.000000	0.000000	0.000000	0.000000	1.000000	0.151556	-0.001613	0.070590	-0.093425	0.852799
	0.000000	0.000000	0.000000	0.000000	1.000000	-0.000084	0.189635	0.035988	-0.062383	0.870655
	0.000000	0.000000	0.000000	0.000000	1.000000	0.045356	-0.023499	0.040699	0.044237	0.843712
	0.000000	0.000000	0.000000	0.000000	1.000000	-0.048457	0.030966	0.021753	0.102536	0.951553
	0.000000	0.000000	0.000000	0.000000	1.000000	0.007259	0.007967	-0.005187	-0.048423	1.040529
	0.000000	0.000000	0.000000	0.000000	1.000000	0.060752	-0.044804	0.043156	-0.055816	0.977877
	0.000000	0.000000	0.000000	0.000000	1.000000	0.071425	0.012548	0.028774	-0.114203	1.022814
	0.000000	0.000000	0.000000	0.000000	1.000000	0.190013	0.010397	0.046794	-0.081162	0.864771
	0.000000	0.000000	0.000000	0.000000	1.000000	0.006811	0.041161	-0.013136	-0.030712	0.996143
	0.000000	0.000000	0.000000	0.000000	1.000000	0.087298	-0.024525	0.044572	-0.124440	1.044865
	0.000000	0.000000	0.000000	0.000000	1.000000	0.088973	-0.039450	0.034139	-0.105356	1.043920
	0.000000	0.000000	0.000000	0.000000	1.000000	0.019222	0.086068	0.061189	0.091034	0.671717
	1.000000	0.000000	0.000000	0.000000	0.000000	0.537472	-0.076296	-0.068114	0.256813	0.304079
	1.000000	0.000000	0.000000	0.000000	0.000000	0.533469	-0.090020	-0.040084	0.106564	0.371870
	1.000000	0.000000	0.000000	0.000000	0.000000	0.666093	-0.069214	-0.054118	0.177079	0.244006
	1.000000	0.000000	0.000000	0.000000	0.000000	0.905966	-0.080805	0.010241	-0.089605	0.276394
	1.000000	0.000000	0.000000	0.000000	0.000000	0.741335	-0.096139	-0.072664	0.226052	0.123611
	1.000000	0.000000	0.000000	0.000000	0.000000	0.820677	-0.085341	-0.039272	0.066260	0.207588
	1.000000	0.000000	0.000000	0.000000	0.000000	0.805876	-0.095569	-0.059512	0.152909	0.148402
	1.000000	0.000000	0.000000	0.000000	0.000000	0.825739	-0.041956	-0.032594	0.229938	-0.011269
	1.000000	0.000000	0.000000	0.000000	0.000000	0.823564	-0.071285	-0.061584	0.222832	0.043228
	1.000000	0.000000	0.000000	0.000000	0.000000	0.356814	-0.054084	-0.027695	0.071283	0.657246
	1.000000	0.000000	0.000000	0.000000	0.000000	0.200239	0.404654	0.025298	0.255511	0.025772
	1.000000	0.000000	0.000000	0.000000	0.000000	0.589576	-0.087491	-0.029295	0.039754	0.493483
	1.000000	0.000000	0.000000	0.000000	0.000000	0.392520	-0.058986	0.019539	-0.071254	0.704783
	1.000000	0.000000	0.000000	0.000000	0.000000	0.370265	-0.003801	0.046665	-0.022459	0.618046
	1.000000	0.000000	0.000000	0.000000	0.000000	0.693147	-0.092613	-0.036641	0.143201	0.161036
	1.000000	0.000000	0.000000	0.000000	0.000000	0.668224	-0.078309	0.015256	0.252732	0.014972
	0.000000	1.000000	0.000000	0.000000	0.000000	0.017524	1.049094	0.019633	-0.002596	-0.104173
	0.000000	1.000000	0.000000	0.000000	0.000000	0.010151	0.908460	-0.092775	0.096382	0.047464
	0.000000	1.000000	0.000000	0.000000	0.000000	0.026929	0.885923	0.177631	-0.020240	-0.126449
	0.000000	1.000000	0.000000	0.000000	0.000000	-0.038379	0.974565	0.036436	0.041075	-0.080631
	0.000000	1.000000	0.000000	0.000000	0.000000	-0.009037	0.964168	-0.074544	0.101036	0.006099
	0.000000	1.000000	0.000000	0.000000	0.000000	0.126121	0.728884	0.063280	-0.123094	0.190201
	0.000000	1.000000	0.000000	0.000000	0.000000	0.024426	0.650515	-0.060495	0.053816	0.255571
	0.000000	1.000000	0.000000	0.000000	0.000000	-0.084734	0.550008	-0.082593	0.260679	0.432448
	0.000000	1.000000	0.000000	0.000000	0.000000	0.011136	1.026744	-0.030274	0.005885	-0.026419
	0.000000	1.000000	0.000000	0.000000	0.000000	0.007107	1.042816	-0.030754	0.003550	-0.035963
	0.000000	1.000000	0.000000	0.000000	0.000000	0.051232	1.048473	0.048120	-0.110263	-0.045377
	0.000000	1.000000	0.000000	0.000000	0.000000	0.068655	0.917350	-0.067415	-0.043085	0.078966
	0.000000	1.000000	0.000000	0.000000	0.000000	0.009060	1.005252	-0.053998	0.035300	-0.012986
	0.000000	1.000000	0.000000	0.000000	0.000000	0.023180	0.976828	-0.050790	0.012690	0.013343
	0.000000	1.000000	0.000000	0.000000	0.000000	-0.147594	0.924808	-0.080814	0.502351	-0.053636
	0.000000	1.000000	0.000000	0.000000	0.000000	-0.151589	0.623924	0.436980	-0.111802	0.348993
	0.000000	1.000000	0.000000	0.000000	0.000000	0.012226	1.038081	-0.027446	0.001456	-0.037427
	0.000000	1.000000	0.000000	0.000000	0.000000	-0.000686	1.030846	0.023237	-0.075655	0.009132
	0.000000	1.000000	0.000000	0.000000	0.000000	-0.031741	1.084964	0.008904	0.019850	-0.078431
	0.000000	1.000000	0.000000	0.000000	0.000000	0.177136	0.903525	0.002783	-0.087872	-0.023798
	0.000000	1.000000	0.000000	0.000000	0.000000	-0.000967	1.039361	-0.035752	0.030505	-0.047139
	0.000000	1.000000	0.000000	0.000000	0.000000	0.064949	0.937546	-0.047389	-0.052395	0.057418
	0.000000	1.000000	0.000000	0.000000	0.000000	-0.008355	1.028250	0.019162	-0.063012	0.010997
	0.000000	1.000000	0.000000	0.000000	0.000000	-0.002794	1.017373	-0.010787	-0.005884	0.002392
	0.000000	1.000000	0.000000	0.000000	0.000000	-0.001883	1.076054	-0.009740	0.012481	-0.078495
	0.000000	1.000000	0.000000	0.000000	0.000000	-0.008834	0.868553	-0.065018	0.070568	0.127591
	0.000000	1.000000	0.000000	0.000000	0.000000	0.074864	0.963444	-0.010052	-0.126889	0.073085
	0.000000	1.000000	0.000000	0.000000	0.000000	0.038896	0.970281	-0.031829	-0.007427	0.004849
	0.000000	1.000000	0.000000	0.000000	0.000000	0.004937	1.047123	-0.027550	-0.000816	-0.031560
	0.000000	1.000000	0.000000	0.000000	0.000000	0.004820	0.906125	-0.022927	0.013733	0.073684
	0.000000	1.000000	0.000000	0.000000	0.000000	-0.067935	0.880728	-0.069982	0.284039	-0.003255
	0.000000	1.000000	0.000000	0.000000	0.000000	-0.034840	0.886584	-0.027070	0.135012	0.005407
	0.000000	1.000000	0.000000	0.000000	0.000000	-0.002819	1.040864	0.000589	-0.015607	-0.039859
	0.000000	1.000000	0.000000	0.000000	0.000000	-0.017828	1.090340	-0.006334	0.016328	-0.079865
	0.000000	1.000000	0.000000	0.000000	0.000000	-0.163352	0.720988	0.391560	-0.085121	0.186813
	0.000000	0.000000	1.000000	0.000000	0.000000	-0.079672	0.003443	0.976085	-0.039692	0.132754
	0.000000	0.000000	1.000000	0.000000	0.000000	0.059388	-0.016649	0.933626	0.060881	-0.049497
	0.000000	0.000000	1.000000	0.000000	0.000000	0.050287	0.038498	1.046468	-0.117942	-0.040497
	0.000000	0.000000	1.000000	0.000000	0.000000	0.036335	0.062263	0.882756	-0.013559	-0.013357
	0.000000	0.000000	1.000000	0.000000	0.000000	-0.119734	0.084746	0.915344	0.063567	0.018570
	0.000000	0.000000	1.000000	0.000000	0.000000	0.074122	0.060961	0.911599	0.021827	-0.082296
	0.000000	0.000000	1.000000	0.000000	0.000000	-0.002802	0.033886	0.561476	0.478875	-0.050804
	0.000000	0.000000	1.000000	0.000000	0.000000	-0.031794	0.075200	0.982158	0.017213	-0.076155
	0.000000	0.000000	1.000000	0.000000	0.000000	0.028635	-0.024217	1.021798	-0.042480	-0.009714
	0.000000	0.000000	1.000000	0.000000	0.000000	0.068820	0.005719	0.830022	0.144951	-0.055047
	0.000000	0.000000	1.000000	0.000000	0.000000	0.304432	0.110221	0.825813	-0.084061	-0.103325
	0.000000	0.000000	1.000000	0.000000	0.000000	0.106900	-0.027468	0.821421	0.142354	-0.052595
	0.000000	0.000000	1.000000	0.000000	0.000000	0.061739	0.005044	1.048400	-0.102123	-0.035105
	0.000000	0.000000	1.000000	0.000000	0.000000	-0.255236	0.246421	0.158198	0.811404	0.248162
	0.000000	0.000000	1.000000	0.000000	0.000000	-0.002553	-0.008262	1.016568	-0.039024	0.008706
	0.000000	0.000000	1.000000	0.000000	0.000000	0.050923	0.042163	1.043757	-0.131600	-0.019024
	0.000000	0.000000	0.000000	1.000000	0.000000	0.254559	0.081376	0.204326	0.706306	-0.156381
	0.000000	0.000000	0.000000	1.000000	0.000000	0.065819	-0.007563	-0.007111	0.556482	0.274836
	0.000000	0.000000	0.000000	1.000000	0.000000	-0.195550	0.203373	-0.055121	0.911607	0.264153
	0.000000	0.000000	0.000000	1.000000	0.000000	-0.104959	0.138828	-0.038861	0.998250	-0.006426
	0.000000	0.000000	0.000000	1.000000	0.000000	0.120196	-0.025066	0.054106	0.851910	-0.032385
	0.000000	0.000000	0.000000	1.000000	0.000000	-0.067563	0.071785	-0.052405	0.877219	0.152955
	0.000000	0.000000	0.000000	1.000000	0.000000	0.131558	0.026261	-0.008723	0.762000	0.023469
	0.000000	0.000000	0.000000	1.000000	0.000000	0.158505	0.041393	0.091403	0.885003	-0.120192
	0.000000	0.000000	0.000000	1.000000	0.000000	-0.100077	0.037514	0.088317	0.981619	0.000563
	0.000000	0.000000	0.000000	1.000000	0.000000	-0.126034	0.090166	-0.045343	0.996683	0.084232
	0.000000	0.000000	0.000000	1.000000	0.000000	0.170374	0.017794	0.223952	0.842030	-0.139868
	0.000000	0.000000	0.000000	1.000000	0.000000	0.061172	0.022305	0.091137	0.962441	-0.095994
	0.000000	0.000000	0.000000	1.000000	0.000000	-0.160924	0.060236	0.040693	1.063179	0.019747
	0.000000	0.000000	0.000000	1.000000	0.000000	0.116448	-0.033319	0.475065	0.678055	-0.119250
	0.000000	0.000000	0.000000	1.000000	0.000000	0.138011	0.079100	0.304397	0.639205	-0.117817
	0.000000	0.000000	0.000000	0.000000	1.000000	0.068514	-0.003881	0.019982	-0.043158	0.981608
	0.000000	0.000000	0.000000	0.000000	1.000000	-0.022167	0.016072	0.005773	0.067797	0.969498
	0.000000	0.000000	0.000000	0.000000	1.000000	-0.005003	-0.004890	-0.005757	-0.020367	1.039414
	0.000000	0.000000	0.000000	0.000000	1.000000	0.071646	0.021831	0.013582	-0.095701	0.997236
	0.000000	0.000000	0.000000	0.000000	1.000000	0.051978	0.061524	0.002669	-0.032351	0.907629
	0.000000	0.000000	0.000000	0.000000	1.000000	0.055830	-0.050915	0.012497	-0.059120	1.054507
	0.000000	0.000000	0.000000	0.000000	1.000000	-0.003310	-0.001740	-0.022265	0.115720	0.911826
	0.000000	0.000000	0.000000	0.000000	1.000000	0.037144	0.013604	0.001546	-0.057357	1.010923
	0.000000	0.000000	0.000000	0.000000	1.000000	0.196579	-0.003600	0.065867	-0.112615	0.903205
	0.000000	0.000000	0.000000	0.000000	1.000000	0.487455	-0.077818	-0.037225	0.117953	0.448084
	0.000000	0.000000	0.000000	0.000000	1.000000	0.011790	0.030013	-0.022950	-0.023903	0.997627
	0.000000	0.000000	0.000000	0.000000	1.000000	0.029967	-0.007094	0.046115	-0.086896	1.043177
	0.000000	0.000000	0.000000	0.000000	1.000000	0.015906	0.024208	-0.007385	-0.056157	1.019431
	0.000000	0.000000	0.000000	0.000000	1.000000	-0.013789	-0.062341	-0.017554	0.019633	1.081844
	0.000000	0.000000	0.000000	0.000000	1.000000	0.026389	0.038977	-0.013558	-0.053024	0.992345
	0.000000	0.000000	0.000000	0.000000	1.000000	0.011105	-0.073095	-0.045052	0.142488	0.973883
	0.000000	0.000000	0.000000	0.000000	1.000000	0.034455	-0.006119	0.015175	-0.023873	0.994233
	0.000000	0.000000	0.000000	0.000000	1.000000	-0.047522	0.094011	-0.014595	0.074450	0.917979
	0.000000	0.000000	0.000000	0.000000	1.000000	0.037873	0.037175	0.021760	-0.105166	1.019372
	0.000000	0.000000	0.000000	0.000000	1.000000	-0.007074	0.008127	-0.026504	0.116515	0.905011
	0.000000	0.000000	0.000000	0.000000	1.000000	0.054553	-0.012738	-0.009783	-0.047467	1.013380
	0.000000	0.000000	0.000000	0.000000	1.000000	0.021384	-0.001434	-0.004957	-0.068222	1.047619
	0.000000	0.000000	0.000000	0.000000	1.000000	0.108838	-0.002896	0.051076	-0.127235	1.016282
	0.000000	0.000000	0.000000	0.000000	1.000000	0.060695	-0.021791	0.004544	-0.010843	0.981498
	0.000000	0.000000	0.000000	0.000000	1.000000	0.042418	0.029818	0.010075	-0.093336	1.017851
	0.000000	0.000000	0.000000	0.000000	1.000000	0.047336	-0.021123	0.028738	-0.102631	1.052724
	0.000000	0.000000	0.000000	0.000000	1.000000	0.024116	-0.040278	0.013684	-0.057805	1.068929
	0.000000	0.000000	0.000000	0.000000	1.000000	0.132316	-0.026473	-0.023999	0.113076	0.776324
	0.000000	0.000000	0.000000	0.000000	1.000000	0.042183	-0.060093	0.007753	-0.047731	1.065394
	0.000000	0.000000	0.000000	0.000000	1.000000	-0.001201	-0.023489	-0.009388	-0.014295	1.053499
	0.000000	0.000000	0.000000	0.000000	1.000000	-0.028080	-0.056143	-0.026691	0.072209	1.059107
	0.000000	0.000000	0.000000	0.000000	1.000000	0.014421	0.008514	-0.024359	-0.010803	1.005800
	0.000000	0.000000	0.000000	0.000000	1.000000	0.028642	-0.020054	-0.002454	-0.060571	1.057313
	0.000000	0.000000	0.000000	0.000000	1.000000	-0.006103	-0.007108	-0.018673	-0.022789	1.050851
	0.000000	0.000000	0.000000	0.000000	1.000000	0.071587	-0.036307	0.007945	-0.012791	0.984744
	0.000000	0.000000	0.000000	0.000000	1.000000	0.017151	0.138526	-0.024578	-0.023253	0.876384
	0.000000	0.000000	0.000000	0.000000	1.000000	0.059791	0.059052	0.018060	-0.113914	0.990860
	0.000000	0.000000	0.000000	0.000000	1.000000	0.023340	0.152973	-0.014563	-0.045357	0.877393
	0.000000	0.000000	0.000000	0.000000	1.000000	0.010283	0.095881	-0.012543	-0.042707	0.949305
	0.000000	0.000000	0.000000	0.000000	1.000000	0.016399	0.046784	0.009533	-0.041829	0.971736
	0.000000	0.000000	0.000000	0.000000	1.000000	0.050156	0.111711	-0.043692	-0.066356	0.928306
	0.000000	0.000000	0.000000	0.000000	1.000000	0.015931	0.069029	-0.009699	-0.022764	0.947507
	0.000000	0.000000	0.000000	0.000000	1.000000	0.007536	-0.059150	-0.018764	0.026666	1.050184
	0.000000	0.000000	0.000000	0.000000	1.000000	0.092062	0.017618	0.028231	-0.092485	0.974267
	0.000000	0.000000	0.000000	0.000000	1.000000	-0.020979	-0.007144	-0.000697	-0.001322	1.047172
	0.000000	0.000000	0.000000	0.000000	1.000000	0.035865	0.025170	0.018455	-0.105513	1.034411
	0.000000	0.000000	0.000000	0.000000	1.000000	0.008288	-0.031929	-0.004628	-0.017633	1.052561
	0.000000	0.000000	0.000000	0.000000	1.000000	0.006676	0.028062	0.000409	-0.022500	0.989792
	0.000000	0.000000	0.000000	0.000000	1.000000	0.077785	0.112098	-0.000016	-0.121568	0.940901
	0.000000	0.000000	0.000000	0.000000	1.000000	0.000281	-0.028062	0.001707	-0.005640	1.039791
	0.000000	0.000000	0.000000	0.000000	1.000000	0.091581	-0.021407	0.032804	-0.109704	1.035375
	0.000000	0.000000	0.000000	0.000000	1.000000	-0.005582	0.017812	-0.007710	-0.035739	1.033719
	0.000000	0.000000	0.000000	0.000000	1.000000	0.021043	0.027598	-0.019098	-0.036157	0.983994
	0.000000	0.000000	0.000000	0.000000	1.000000	0.010541	0.005681	-0.013718	-0.041916	1.031849
	0.000000	0.000000	0.000000	0.000000	1.000000	-0.042659	0.000003	0.053826	0.031502	0.970284
	0.000000	0.000000	0.000000	0.000000	1.000000	0.008325	0.002490	-0.002413	-0.005234	0.999529
	0.000000	0.000000	0.000000	0.000000	1.000000	0.063339	0.048303	0.015976	-0.097308	0.983350
	0.000000	0.000000	0.000000	0.000000	1.000000	0.011764	-0.043773	-0.004660	0.000358	1.038393
	0.000000	0.000000	0.000000	0.000000	1.000000	0.170825	-0.022352	0.079498	-0.172493	1.029539
	0.000000	0.000000	0.000000	0.000000	1.000000	0.080552	-0.025569	0.034539	-0.116440	1.051469
	0.000000	0.000000	0.000000	0.000000	1.000000	0.065197	-0.018536	0.021199	-0.077327	1.026266
