	1.000000	0.000000	0.000000	0.000000	0.000000	0.956341	-0.035568	0.016187	-0.071773	0.109701
	1.000000	0.000000	0.000000	0.000000	0.000000	0.912071	-0.064517	-0.048021	0.058739	0.105750
	1.000000	0.000000	0.000000	0.000000	0.000000	1.064106	-0.075145	-0.024285	-0.027529	-0.066998
	1.000000	0.000000	0.000000	0.000000	0.000000	1.044085	-0.052548	-0.050444	0.033683	-0.044459
	1.000000	0.000000	0.000000	0.000000	0.000000	0.849631	-0.055346	-0.050615	0.106807	0.122821
	1.000000	0.000000	0.000000	0.000000	0.000000	0.902097	-0.037977	-0.017307	-0.006222	0.135898
	1.000000	0.000000	0.000000	0.000000	0.000000	0.809362	-0.042722	-0.042425	0.128578	0.123082
	1.000000	0.000000	0.000000	0.000000	0.000000	0.992212	-0.040051	-0.040936	0.077337	-0.054759
	1.000000	0.000000	0.000000	0.000000	0.000000	0.895138	-0.041795	-0.001515	-0.069434	0.229964
	1.000000	0.000000	0.000000	0.000000	0.000000	0.976561	-0.047934	-0.049035	0.187693	-0.124421
	1.000000	0.000000	0.000000	0.000000	0.000000	0.883487	-0.028000	-0.003105	-0.052964	0.190781
	1.000000	0.000000	0.000000	0.000000	0.000000	0.970082	-0.058261	-0.006508	-0.046997	0.043076
	1.000000	0.000000	0.000000	0.000000	0.000000	0.885048	-0.048226	-0.061829	0.169351	0.004157
	1.000000	0.000000	0.000000	0.000000	0.000000	0.419699	0.165138	0.069051	-0.038232	0.381601
	0.000000	1.000000	0.000000	0.000000	0.000000	0.005775	1.023713	0.017483	-0.049404	-0.007177
	0.000000	1.000000	0.000000	0.000000	0.000000	-0.022769	1.024683	-0.017390	0.040597	-0.026545
	0.000000	1.000000	0.000000	0.000000	0.000000	-0.019954	1.047531	0.020434	-0.046079	-0.002892
	0.000000	1.000000	0.000000	0.000000	0.000000	-0.036313	1.021109	-0.029440	0.068147	-0.012509
	0.000000	1.000000	0.000000	0.000000	0.000000	0.018918	1.046355	0.013759	-0.061351	-0.011719
	0.000000	1.000000	0.000000	0.000000	0.000000	-0.017110	0.982155	-0.032211	0.060014	-0.009614
	0.000000	1.000000	0.000000	0.000000	0.000000	-0.006598	0.913465	-0.039099	0.031221	0.080061
	0.000000	1.000000	0.000000	0.000000	0.000000	-0.025991	0.930106	-0.040674	0.119953	0.004449
	0.000000	1.000000	0.000000	0.000000	0.000000	-0.033993	1.051175	-0.000379	0.046069	-0.056192
	0.000000	1.000000	0.000000	0.000000	0.000000	-0.012642	1.023499	-0.018447	0.047815	-0.058807
	0.000000	1.000000	0.000000	0.000000	0.000000	0.012606	1.004075	0.008154	-0.033220	0.005826
	0.000000	1.000000	0.000000	0.000000	0.000000	-0.008748	1.055858	-0.017820	0.023063	-0.061029
	0.000000	1.000000	0.000000	0.000000	0.000000	-0.027288	1.021692	0.020492	-0.020441	0.006018
	0.000000	1.000000	0.000000	0.000000	0.000000	-0.015731	1.028694	-0.009696	0.005954	-0.006044
	0.000000	1.000000	0.000000	0.000000	0.000000	0.008939	0.992191	-0.023687	-0.016760	0.026966
	0.000000	1.000000	0.000000	0.000000	0.000000	-0.011250	1.052290	0.011177	-0.020488	-0.029832
	0.000000	1.000000	0.000000	0.000000	0.000000	0.051159	0.825866	-0.037096	-0.045218	0.159733
	0.000000	1.000000	0.000000	0.000000	0.000000	0.027894	0.937564	-0.043739	-0.016663	0.061075
	0.000000	1.000000	0.000000	0.000000	0.000000	-0.026326	0.990191	0.061573	0.000074	-0.034501
	0.000000	1.000000	0.000000	0.000000	0.000000	0.019162	0.984617	-0.040451	-0.010864	0.022066
	0.000000	1.000000	0.000000	0.000000	0.000000	-0.004651	1.064430	0.060565	-0.069311	-0.041402
	0.000000	1.000000	0.000000	0.000000	0.000000	-0.035014	0.820324	-0.053924	0.101833	0.164565
	0.000000	1.000000	0.000000	0.000000	0.000000	-0.031424	0.823418	-0.031850	0.057606	0.187263
	0.000000	1.000000	0.000000	0.000000	0.000000	0.030538	0.904729	0.132738	-0.142697	0.099068
	0.000000	1.000000	0.000000	0.000000	0.000000	0.009606	1.069890	0.002522	-0.045585	-0.034087
	0.000000	1.000000	0.000000	0.000000	0.000000	0.084513	1.060348	0.010521	-0.129275	-0.017410
	0.000000	1.000000	0.000000	0.000000	0.000000	0.035360	1.031788	0.068623	-0.104554	-0.017971
	0.000000	1.000000	0.000000	0.000000	0.000000	-0.080308	0.969478	0.000921	0.113687	-0.007542
	0.000000	1.000000	0.000000	0.000000	0.000000	0.044618	0.887029	0.019653	-0.008176	0.025234
	0.000000	1.000000	0.000000	0.000000	0.000000	0.008495	0.913877	0.009627	0.000475	0.026534
	0.000000	1.000000	0.000000	0.000000	0.000000	0.023788	0.988520	0.057123	-0.023332	-0.059343
	0.000000	1.000000	0.000000	0.000000	0.000000	0.058037	0.979674	-0.031922	-0.079103	0.051960
	0.000000	1.000000	0.000000	0.000000	0.000000	-0.032172	1.090240	0.004991	0.011947	-0.058071
	0.000000	1.000000	0.000000	0.000000	0.000000	-0.036975	1.009113	0.039614	0.004357	-0.034204
	0.000000	1.000000	0.000000	0.000000	0.000000	0.018193	0.440372	0.081263	0.288673	0.034183
	0.000000	1.000000	0.000000	0.000000	0.000000	0.011018	0.982133	-0.027360	-0.020879	0.041833
	0.000000	1.000000	0.000000	0.000000	0.000000	-0.008763	1.006264	-0.024381	0.047773	-0.025006
	0.000000	1.000000	0.000000	0.000000	0.000000	-0.008143	1.050362	0.018895	-0.027531	-0.038078
	0.000000	1.000000	0.000000	0.000000	0.000000	-0.022554	1.081624	-0.003972	0.011008	-0.056483
	0.000000	0.000000	1.000000	0.000000	0.000000	0.012832	0.040480	1.015473	-0.055187	-0.033116
	0.000000	0.000000	1.000000	0.000000	0.000000	-0.080456	0.091157	0.971894	-0.011022	-0.038573
	0.000000	0.000000	1.000000	0.000000	0.000000	-0.016253	0.012499	1.037403	-0.050480	-0.004309
	0.000000	0.000000	1.000000	0.000000	0.000000	-0.044138	0.026381	0.885610	0.106530	0.001256
	0.000000	0.000000	1.000000	0.000000	0.000000	0.005858	0.005682	1.052462	-0.069085	-0.006121
	0.000000	0.000000	1.000000	0.000000	0.000000	-0.103256	-0.007601	0.879825	0.198024	0.036768
	0.000000	0.000000	1.000000	0.000000	0.000000	0.019962	-0.007765	1.027387	-0.052639	0.005412
	0.000000	0.000000	1.000000	0.000000	0.000000	0.041609	0.013513	0.952117	0.011949	-0.025401
	0.000000	0.000000	1.000000	0.000000	0.000000	0.076036	0.042163	1.032429	-0.115359	-0.027536
	0.000000	0.000000	1.000000	0.000000	0.000000	-0.061300	-0.034338	0.948271	0.109571	0.039435
	0.000000	0.000000	1.000000	0.000000	0.000000	0.017359	0.055379	0.893878	0.032984	-0.029496
	0.000000	0.000000	1.000000	0.000000	0.000000	-0.030879	-0.026509	1.035923	-0.021145	0.031760
	0.000000	0.000000	1.000000	0.000000	0.000000	-0.013242	-0.015563	1.013214	-0.062999	0.075864
	0.000000	0.000000	0.000000	1.000000	0.000000	-0.117581	0.063054	-0.021981	1.030762	0.004224
	0.000000	0.000000	0.000000	1.000000	0.000000	0.120813	0.072884	0.018313	0.770227	-0.028150
	0.000000	0.000000	0.000000	1.000000	0.000000	0.170728	0.125828	-0.042575	0.622477	0.100223
	0.000000	0.000000	0.000000	1.000000	0.000000	-0.143953	0.191104	-0.067342	0.903387	0.175969
	0.000000	0.000000	0.000000	1.000000	0.000000	0.089206	-0.012899	0.038493	0.848570	-0.020078
	0.000000	0.000000	0.000000	1.000000	0.000000	0.040433	0.031182	-0.022638	0.730785	0.124575
	0.000000	0.000000	0.000000	1.000000	0.000000	0.018551	-0.020594	0.127209	0.954821	-0.074658
	0.000000	0.000000	0.000000	1.000000	0.000000	-0.094888	0.276636	-0.081317	0.836295	0.084719
	0.000000	0.000000	0.000000	1.000000	0.000000	-0.099275	0.017320	-0.040023	0.976544	0.110414
	0.000000	0.000000	0.000000	1.000000	0.000000	-0.123292	0.019758	-0.066898	0.892757	0.289275
	0.000000	0.000000	0.000000	1.000000	0.000000	0.164775	-0.010214	0.181331	0.879579	-0.134480
	0.000000	0.000000	0.000000	1.000000	0.000000	-0.012492	-0.006846	0.099708	0.988135	-0.074898
	0.000000	0.000000	0.000000	1.000000	0.000000	-0.034635	0.054811	-0.009941	0.967155	-0.026327
	0.000000	0.000000	0.000000	1.000000	0.000000	0.192056	-0.023816	0.166729	0.959936	-0.156266
	0.000000	0.000000	0.000000	1.000000	0.000000	-0.097627	0.007031	-0.006413	1.069894	-0.017539
	0.000000	0.000000	0.000000	1.000000	0.000000	0.009521	0.003232	0.080309	1.007318	-0.093137
	0.000000	0.000000	0.000000	0.000000	1.000000	-0.005512	-0.006664	0.014816	0.002140	1.012264
	0.000000	0.000000	0.000000	0.000000	1.000000	0.047715	-0.031356	0.003061	0.035797	0.961367
	0.000000	0.000000	0.000000	0.000000	1.000000	0.040656	0.048959	0.049276	-0.036175	0.927508
	0.000000	0.000000	0.000000	0.000000	1.000000	0.013106	-0.071897	-0.027871	0.122659	0.955298
	0.000000	0.000000	0.000000	0.000000	1.000000	0.094830	0.007265	0.013923	-0.044770	0.934296
	0.000000	0.000000	0.000000	0.000000	1.000000	0.031703	0.087329	0.003698	-0.083824	0.954990
	0.000000	0.000000	0.000000	0.000000	1.000000	-0.015233	0.021177	-0.006202	-0.030103	1.021252
	0.000000	0.000000	0.000000	0.000000	1.000000	0.029723	-0.032977	0.012350	-0.016876	1.015694
	0.000000	0.000000	0.000000	0.000000	1.000000	-0.040438	-0.051072	-0.007529	0.011853	1.085430
	0.000000	0.000000	0.000000	0.000000	1.000000	-0.005319	0.057419	-0.024103	-0.018371	0.969845
	0.000000	0.000000	0.000000	0.000000	1.000000	-0.038385	-0.006779	-0.015943	0.046791	1.012572
	0.000000	0.000000	0.000000	0.000000	1.000000	-0.023234	-0.028038	-0.003150	-0.010197	1.061121
	0.000000	0.000000	0.000000	0.000000	1.000000	0.001500	0.042603	-0.007672	-0.052761	1.006650
	0.000000	0.000000	0.000000	0.000000	1.000000	-0.020744	-0.022081	0.002913	-0.021938	1.060433
	0.000000	0.000000	0.000000	0.000000	1.000000	-0.006456	-0.019265	-0.001299	-0.018382	1.042442
	0.000000	0.000000	0.000000	0.000000	1.000000	-0.015114	-0.006457	-0.009308	0.028491	1.000619
	0.000000	0.000000	0.000000	0.000000	1.000000	-0.017462	0.088599	-0.021511	0.005684	0.934998
	0.000000	0.000000	0.000000	0.000000	1.000000	0.065806	-0.030364	-0.008587	0.073497	0.898009
	0.000000	0.000000	0.000000	0.000000	1.000000	-0.001489	-0.023962	-0.009278	0.102322	0.940372
	0.000000	0.000000	0.000000	0.000000	1.000000	0.008268	0.050144	0.004973	0.003893	0.932243
	0.000000	0.000000	0.000000	0.000000	1.000000	-0.019748	0.006755	0.011462	-0.038581	1.044973
	0.000000	0.000000	0.000000	0.000000	1.000000	-0.010566	-0.046842	0.008110	-0.014281	1.069385
	0.000000	0.000000	0.000000	0.000000	1.000000	-0.022495	-0.002037	-0.004094	-0.025336	1.049704
	0.000000	0.000000	0.000000	0.000000	1.000000	0.059004	-0.026133	0.018309	-0.031712	1.005990
	0.000000	0.000000	0.000000	0.000000	1.000000	-0.006353	-0.011861	0.014403	-0.038736	1.046767
	0.000000	0.000000	0.000000	0.000000	1.000000	-0.033882	-0.032931	0.003912	-0.002015	1.066599
	0.000000	0.000000	0.000000	0.000000	1.000000	0.031957	0.003820	0.024372	-0.072316	1.026493
	0.000000	0.000000	0.000000	0.000000	1.000000	0.005441	0.091866	-0.016084	-0.028852	0.932101
	0.000000	0.000000	0.000000	0.000000	1.000000	-0.008963	-0.032986	0.012852	0.012716	1.027624
	0.000000	0.000000	0.000000	0.000000	1.000000	-0.040561	-0.062370	0.002417	0.020318	1.068640
	0.000000	0.000000	0.000000	0.000000	1.000000	-0.000568	-0.008391	0.019306	-0.030046	1.031043
	0.000000	0.000000	0.000000	0.000000	1.000000	-0.026646	-0.069121	-0.005199	0.015223	1.086775
	0.000000	0.000000	0.000000	0.000000	1.000000	-0.033353	-0.022785	-0.016557	0.008751	1.057927
	0.000000	0.000000	0.000000	0.000000	1.000000	-0.006197	0.024515	-0.012084	-0.018590	1.005504
	0.000000	0.000000	0.000000	0.000000	1.000000	0.227798	-0.017242	0.001820	0.053913	0.736486
	0.000000	0.000000	0.000000	0.000000	1.000000	0.021451	0.049526	0.024759	-0.068250	0.988614
	0.000000	0.000000	0.000000	0.000000	1.000000	-0.009563	-0.043970	0.008386	-0.012489	1.062139
	0.000000	0.000000	0.000000	0.000000	1.000000	-0.041092	-0.042977	-0.013787	0.013081	1.078792
	0.000000	0.000000	0.000000	0.000000	1.000000	0.003003	0.025429	-0.018013	-0.046388	1.018039
	0.000000	0.000000	0.000000	0.000000	1.000000	0.002936	-0.054818	0.004057	-0.011638	1.065187
	0.000000	0.000000	0.000000	0.000000	1.000000	0.022091	0.131420	-0.009485	-0.047075	0.889070
	0.000000	0.000000	0.000000	0.000000	1.000000	0.005091	0.061423	-0.003973	0.003699	0.922626
	0.000000	0.000000	0.000000	0.000000	1.000000	-0.041925	-0.045090	-0.003417	0.019934	1.074575
	0.000000	0.000000	0.000000	0.000000	1.000000	-0.015718	0.000115	-0.002066	-0.020748	1.037586
	0.000000	0.000000	0.000000	0.000000	1.000000	-0.029743	0.000873	-0.005732	-0.005670	1.040015
	0.000000	0.000000	0.000000	0.000000	1.000000	0.000363	0.011913	0.017372	0.002830	0.981227
	0.000000	0.000000	0.000000	0.000000	1.000000	-0.000272	0.061459	0.013299	-0.057042	0.989204
	0.000000	0.000000	0.000000	0.000000	1.000000	0.024509	-0.016033	0.004021	-0.013867	0.994684
	0.000000	0.000000	0.000000	0.000000	1.000000	-0.041295	0.125165	0.006806	0.049735	0.884958
	0.000000	0.000000	0.000000	0.000000	1.000000	-0.000188	0.048992	-0.009454	-0.023657	0.967779
	0.000000	0.000000	0.000000	0.000000	1.000000	-0.010127	0.036797	-0.016282	0.006703	0.965808
	0.000000	0.000000	0.000000	0.000000	1.000000	0.277097	-0.003073	-0.002845	0.178735	0.535784
	0.000000	0.000000	0.000000	0.000000	1.000000	-0.049094	0.048980	0.064525	0.036023	0.912468
	0.000000	0.000000	0.000000	0.000000	1.000000	0.116871	0.008647	0.068898	-0.093809	0.901054
	0.000000	0.000000	0.000000	0.000000	1.000000	-0.024381	0.167304	0.034258	-0.043526	0.898966
	0.000000	0.000000	0.000000	0.000000	1.000000	0.004173	-0.012484	0.050849	0.028500	0.904715
	0.000000	0.000000	0.000000	0.000000	1.000000	-0.063535	0.021328	0.017865	0.103277	0.968773
	0.000000	0.000000	0.000000	0.000000	1.000000	-0.024572	-0.009054	-0.003093	-0.023898	1.056353
	0.000000	0.000000	0.000000	0.000000	1.000000	0.025622	-0.041958	0.045812	-0.054153	1.015574
	0.000000	0.000000	0.000000	0.000000	1.000000	0.039129	0.006906	0.027682	-0.096036	1.037407
	0.000000	0.000000	0.000000	0.000000	1.000000	0.157870	0.022163	0.046803	-0.077481	0.889263
	0.000000	0.000000	0.000000	0.000000	1.000000	-0.021655	0.017369	-0.004571	-0.008388	1.017951
	0.000000	0.000000	0.000000	0.000000	1.000000	0.062818	-0.024712	0.041377	-0.107682	1.054908
	0.000000	0.000000	0.000000	0.000000	1.000000	0.067649	-0.038264	0.033868	-0.093427	1.053922
	0.000000	0.000000	0.000000	0.000000	1.000000	-0.005616	0.084935	0.054614	0.096223	0.721401
	1.000000	0.000000	0.000000	0.000000	0.000000	0.512129	-0.060940	-0.069932	0.271294	0.291810
	1.000000	0.000000	0.000000	0.000000	0.000000	0.488523	-0.058837	-0.029072	0.068470	0.418668
	1.000000	0.000000	0.000000	0.000000	0.000000	0.660588	-0.043704	-0.049909	0.170414	0.228182
	1.000000	0.000000	0.000000	0.000000	0.000000	0.910560	-0.032607	0.022251	-0.112855	0.283731
	1.000000	0.000000	0.000000	0.000000	0.000000	0.742595	-0.068602	-0.067900	0.204227	0.112155
	1.000000	0.000000	0.000000	0.000000	0.000000	0.830620	-0.049807	-0.031872	0.041863	0.195222
	1.000000	0.000000	0.000000	0.000000	0.000000	0.814649	-0.064919	-0.050475	0.109544	0.150840
	1.000000	0.000000	0.000000	0.000000	0.000000	0.803110	-0.003576	-0.032794	0.235437	-0.012139
	1.000000	0.000000	0.000000	0.000000	0.000000	0.838078	-0.038630	-0.060071	0.198011	0.025614
	1.000000	0.000000	0.000000	0.000000	0.000000	0.308691	-0.042795	-0.017477	0.063433	0.699600
	1.000000	0.000000	0.000000	0.000000	0.000000	0.226201	0.425052	0.014194	0.281619	-0.001613
	1.000000	0.000000	0.000000	0.000000	0.000000	0.596448	-0.059167	-0.016445	0.008515	0.494599
	1.000000	0.000000	0.000000	0.000000	0.000000	0.346561	-0.035333	0.027552	-0.083375	0.757356
	1.000000	0.000000	0.000000	0.000000	0.000000	0.370564	0.004590	0.047417	-0.027880	0.647345
	1.000000	0.000000	0.000000	0.000000	0.000000	0.667795	-0.056506	-0.029433	0.111274	0.175518
	1.000000	0.000000	0.000000	0.000000	0.000000	0.553627	-0.054105	0.015432	0.269901	0.058804
	0.000000	1.000000	0.000000	0.000000	0.000000	0.000405	1.045242	0.021823	0.009571	-0.089568
	0.000000	1.000000	0.000000	0.000000	0.000000	-0.001962	0.917374	-0.075144	0.075998	0.050396
	0.000000	1.000000	0.000000	0.000000	0.000000	0.023449	0.900058	0.149410	0.010396	-0.142258
	0.000000	1.000000	0.000000	0.000000	0.000000	-0.021894	0.971222	0.035743	0.044125	-0.089930
	0.000000	1.000000	0.000000	0.000000	0.000000	-0.018917	0.972047	-0.058784	0.082802	0.008355
	0.000000	1.000000	0.000000	0.000000	0.000000	0.103402	0.728926	0.074498	-0.099103	0.209189
	0.000000	1.000000	0.000000	0.000000	0.000000	0.025330	0.656788	-0.048610	0.041672	0.251104
	0.000000	1.000000	0.000000	0.000000	0.000000	-0.082658	0.606463	-0.090858	0.244263	0.352802
	0.000000	1.000000	0.000000	0.000000	0.000000	-0.002302	1.025737	-0.019626	0.003544	-0.013577
	0.000000	1.000000	0.000000	0.000000	0.000000	-0.006104	1.043540	-0.015996	0.000072	-0.025994
	0.000000	1.000000	0.000000	0.000000	0.000000	0.028150	1.051525	0.051290	-0.086914	-0.033672
	0.000000	1.000000	0.000000	0.000000	0.000000	0.053648	0.927765	-0.050786	-0.050965	0.082420
	0.000000	1.000000	0.000000	0.000000	0.000000	-0.003840	1.002416	-0.041811	0.029036	-0.000425
	0.000000	1.000000	0.000000	0.000000	0.000000	0.006628	0.979272	-0.038559	0.009847	0.024010
	0.000000	1.000000	0.000000	0.000000	0.000000	-0.152016	0.912536	-0.072787	0.455501	-0.029485
	0.000000	1.000000	0.000000	0.000000	0.000000	-0.122529	0.768245	0.379935	-0.155045	0.243752
	0.000000	1.000000	0.000000	0.000000	0.000000	-0.002157	1.033559	-0.015779	-0.000269	-0.020566
	0.000000	1.000000	0.000000	0.000000	0.000000	-0.012623	1.039360	0.028614	-0.067525	0.009349
	0.000000	1.000000	0.000000	0.000000	0.000000	-0.035774	1.078341	0.013989	0.013789	-0.063620
	0.000000	1.000000	0.000000	0.000000	0.000000	0.196417	0.934724	0.013128	-0.096297	-0.035025
	0.000000	1.000000	0.000000	0.000000	0.000000	-0.008159	1.038319	-0.021701	0.018246	-0.035749
	0.000000	1.000000	0.000000	0.000000	0.000000	0.044174	0.939195	-0.031865	-0.050961	0.072376
	0.000000	1.000000	0.000000	0.000000	0.000000	-0.017037	1.032939	0.023444	-0.059341	0.013902
	0.000000	1.000000	0.000000	0.000000	0.000000	-0.014661	1.015595	-0.005040	-0.002343	0.012983
	0.000000	1.000000	0.000000	0.000000	0.000000	-0.015708	1.069452	0.000024	0.012186	-0.059352
	0.000000	1.000000	0.000000	0.000000	0.000000	-0.046613	0.850330	-0.053132	0.109533	0.151141
	0.000000	1.000000	0.000000	0.000000	0.000000	0.056428	0.986916	0.001008	-0.118439	0.061663
	0.000000	1.000000	0.000000	0.000000	0.000000	0.008254	0.960226	-0.019047	0.006846	0.034515
	0.000000	1.000000	0.000000	0.000000	0.000000	-0.009009	1.046682	-0.015292	-0.000298	-0.022522
	0.000000	1.000000	0.000000	0.000000	0.000000	-0.005024	0.910635	-0.013359	0.009849	0.083045
	0.000000	1.000000	0.000000	0.000000	0.000000	-0.074918	0.878284	-0.063975	0.272641	0.003468
	0.000000	1.000000	0.000000	0.000000	0.000000	-0.049692	0.867824	-0.017024	0.147671	0.026969
	0.000000	1.000000	0.000000	0.000000	0.000000	-0.011537	1.042083	0.009432	-0.015863	-0.029792
	0.000000	1.000000	0.000000	0.000000	0.000000	-0.021009	1.086124	0.004187	0.002679	-0.065741
	0.000000	1.000000	0.000000	0.000000	0.000000	-0.170505	0.724481	0.382956	-0.083267	0.191930
	0.000000	0.000000	1.000000	0.000000	0.000000	-0.105909	-0.018283	0.968894	0.001183	0.162907
	0.000000	0.000000	1.000000	0.000000	0.000000	0.018020	-0.032940	0.954401	0.063723	-0.010588
	0.000000	0.000000	1.000000	0.000000	0.000000	0.043225	0.060916	1.047031	-0.128095	-0.032366
	0.000000	0.000000	1.000000	0.000000	0.000000	0.041733	0.056422	0.895177	-0.006030	-0.017451
	0.000000	0.000000	1.000000	0.000000	0.000000	-0.110749	0.072548	0.917507	0.061831	0.009055
	0.000000	0.000000	1.000000	0.000000	0.000000	0.043404	0.047591	0.933837	0.021614	-0.058322
	0.000000	0.000000	1.000000	0.000000	0.000000	-0.062657	-0.000803	0.569439	0.516884	-0.010622
	0.000000	0.000000	1.000000	0.000000	0.000000	-0.040863	0.072083	0.988918	0.000064	-0.064326
	0.000000	0.000000	1.000000	0.000000	0.000000	0.007564	-0.025261	1.026629	-0.038626	0.016262
	0.000000	0.000000	1.000000	0.000000	0.000000	0.033803	-0.009248	0.854105	0.145453	-0.027255
	0.000000	0.000000	1.000000	0.000000	0.000000	0.261897	0.113654	0.854137	-0.076171	-0.085397
	0.000000	0.000000	1.000000	0.000000	0.000000	0.057910	-0.043246	0.838679	0.163980	-0.019866
	0.000000	0.000000	1.000000	0.000000	0.000000	0.040733	0.011012	1.056589	-0.105693	-0.009142
	0.000000	0.000000	1.000000	0.000000	0.000000	-0.265003	0.168845	0.131128	0.892234	0.252816
	0.000000	0.000000	1.000000	0.000000	0.000000	-0.027081	-0.019986	1.019155	-0.022271	0.039276
	0.000000	0.000000	1.000000	0.000000	0.000000	0.050716	0.070943	1.043662	-0.142327	-0.019116
	0.000000	0.000000	0.000000	1.000000	0.000000	0.174921	0.054703	0.227407	0.735441	-0.138022
	0.000000	0.000000	0.000000	1.000000	0.000000	0.005682	-0.032892	-0.020032	0.617074	0.330643
	0.000000	0.000000	0.000000	1.000000	0.000000	-0.208457	0.149718	-0.070685	0.972278	0.263478
	0.000000	0.000000	0.000000	1.000000	0.000000	-0.156379	0.067741	-0.044955	1.062132	0.034699
	0.000000	0.000000	0.000000	1.000000	0.000000	0.059290	-0.040779	0.046381	0.886608	-0.013195
	0.000000	0.000000	0.000000	1.000000	0.000000	-0.123557	0.032016	-0.069695	0.940218	0.211602
	0.000000	0.000000	0.000000	1.000000	0.000000	0.093762	0.026857	-0.023644	0.806814	0.020635
	0.000000	0.000000	0.000000	1.000000	0.000000	0.112983	0.012848	0.100789	0.912441	-0.111712
	0.000000	0.000000	0.000000	1.000000	0.000000	-0.143563	-0.003456	0.082224	1.023552	0.025447
	0.000000	0.000000	0.000000	1.000000	0.000000	-0.136106	0.048546	-0.059854	1.045190	0.068285
	0.000000	0.000000	0.000000	1.000000	0.000000	0.157515	-0.000855	0.248432	0.820074	-0.135494
	0.000000	0.000000	0.000000	1.000000	0.000000	-0.017426	-0.020450	0.099692	1.003602	-0.065641
	0.000000	0.000000	0.000000	1.000000	0.000000	-0.206934	0.007695	0.023618	1.108486	0.064073
	0.000000	0.000000	0.000000	1.000000	0.000000	0.043976	-0.071176	0.553562	0.650457	-0.079921
	0.000000	0.000000	0.000000	1.000000	0.000000	0.018175	0.031235	0.311984	0.715666	-0.067610
	0.000000	0.000000	0.000000	0.000000	1.000000	0.024368	-0.017401	0.020919	-0.014562	1.010848
	0.000000	0.000000	0.000000	0.000000	1.000000	-0.043772	0.001347	0.006074	0.084595	0.987371
	0.000000	0.000000	0.000000	0.000000	1.000000	-0.025442	-0.015115	0.001593	-0.010551	1.050248
	0.000000	0.000000	0.000000	0.000000	1.000000	0.028813	0.006898	0.018787	-0.075307	1.027111
	0.000000	0.000000	0.000000	0.000000	1.000000	0.037156	0.055607	0.008896	-0.029592	0.924578
	0.000000	0.000000	0.000000	0.000000	1.000000	0.028238	-0.055020	0.016589	-0.044868	1.067252
	0.000000	0.000000	0.000000	0.000000	1.000000	-0.021240	-0.013326	-0.014292	0.117096	0.938225
	0.000000	0.000000	0.000000	0.000000	1.000000	0.002002	-0.003709	0.007910	-0.034938	1.034328
	0.000000	0.000000	0.000000	0.000000	1.000000	0.157398	0.000761	0.057941	-0.097501	0.934513
	0.000000	0.000000	0.000000	0.000000	1.000000	0.418108	-0.055377	-0.031517	0.096763	0.508387
	0.000000	0.000000	0.000000	0.000000	1.000000	-0.019606	0.011393	-0.012754	-0.010564	1.022217
	0.000000	0.000000	0.000000	0.000000	1.000000	-0.000268	-0.018537	0.040962	-0.060464	1.059423
	0.000000	0.000000	0.000000	0.000000	1.000000	-0.008971	0.010881	-0.000268	-0.041724	1.033529
	0.000000	0.000000	0.000000	0.000000	1.000000	-0.037888	-0.071099	-0.007421	0.027558	1.093618
	0.000000	0.000000	0.000000	0.000000	1.000000	0.004884	0.024171	-0.001865	-0.044363	1.010084
	0.000000	0.000000	0.000000	0.000000	1.000000	-0.013392	-0.077967	-0.032851	0.132332	0.997126
	0.000000	0.000000	0.000000	0.000000	1.000000	0.002435	-0.017436	0.017799	-0.003348	1.016862
	0.000000	0.000000	0.000000	0.000000	1.000000	-0.067785	0.084920	-0.014005	0.091777	0.927604
	0.000000	0.000000	0.000000	0.000000	1.000000	0.006120	0.027503	0.019186	-0.082476	1.033223
	0.000000	0.000000	0.000000	0.000000	1.000000	-0.030045	-0.012821	-0.017898	0.128071	0.937514
	0.000000	0.000000	0.000000	0.000000	1.000000	0.020573	-0.025049	0.001390	-0.034372	1.037803
	0.000000	0.000000	0.000000	0.000000	1.000000	-0.012091	-0.017046	0.001690	-0.046731	1.065925
	0.000000	0.000000	0.000000	0.000000	1.000000	0.088190	0.004988	0.046633	-0.120854	1.023628
	0.000000	0.000000	0.000000	0.000000	1.000000	0.027149	-0.030503	0.008897	0.007355	1.003525
	0.000000	0.000000	0.000000	0.000000	1.000000	0.004797	0.014295	0.011827	-0.067550	1.037791
	0.000000	0.000000	0.000000	0.000000	1.000000	0.031988	-0.018386	0.032892	-0.098823	1.060178
	0.000000	0.000000	0.000000	0.000000	1.000000	0.010978	-0.040653	0.022618	-0.061173	1.076683
	0.000000	0.000000	0.000000	0.000000	1.000000	0.110633	-0.030977	-0.018147	0.117345	0.803887
	0.000000	0.000000	0.000000	0.000000	1.000000	0.003278	-0.064281	0.009305	-0.029954	1.083478
	0.000000	0.000000	0.000000	0.000000	1.000000	-0.030386	-0.037974	-0.001182	0.000923	1.070912
	0.000000	0.000000	0.000000	0.000000	1.000000	-0.052727	-0.068222	-0.015867	0.078778	1.074710
	0.000000	0.000000	0.000000	0.000000	1.000000	-0.003140	-0.004651	-0.013995	-0.002706	1.017836
	0.000000	0.000000	0.000000	0.000000	1.000000	-0.010208	-0.036116	0.003346	-0.035450	1.077404
	0.000000	0.000000	0.000000	0.000000	1.000000	-0.029106	-0.018203	-0.009496	-0.013530	1.061586
	0.000000	0.000000	0.000000	0.000000	1.000000	0.038801	-0.041804	0.010972	0.003291	1.005583
	0.000000	0.000000	0.000000	0.000000	1.000000	0.003026	0.132200	-0.017246	-0.019171	0.883973
	0.000000	0.000000	0.000000	0.000000	1.000000	0.024412	0.043691	0.020168	-0.094254	1.014351
	0.000000	0.000000	0.000000	0.000000	1.000000	0.010333	0.150929	-0.010828	-0.041128	0.880650
	0.000000	0.000000	0.000000	0.000000	1.000000	-0.000811	0.097136	-0.011594	-0.039698	0.945871
	0.000000	0.000000	0.000000	0.000000	1.000000	0.001404	0.036106	0.015081	-0.034621	0.986120
	0.000000	0.000000	0.000000	0.000000	1.000000	0.023605	0.097153	-0.032805	-0.060628	0.946381
	0.000000	0.000000	0.000000	0.000000	1.000000	-0.015306	0.045175	-0.003409	0.004076	0.972048
	0.000000	0.000000	0.000000	0.000000	1.000000	-0.011345	-0.064161	-0.008322	0.026996	1.060813
	0.000000	0.000000	0.000000	0.000000	1.000000	0.053438	0.011910	0.028529	-0.076608	1.000607
	0.000000	0.000000	0.000000	0.000000	1.000000	-0.055009	-0.023442	0.000500	0.028330	1.063719
	0.000000	0.000000	0.000000	0.000000	1.000000	0.002030	0.011049	0.018680	-0.081842	1.051480
	0.000000	0.000000	0.000000	0.000000	1.000000	-0.008298	-0.037350	-0.000664	-0.008554	1.057894
	0.000000	0.000000	0.000000	0.000000	1.000000	-0.013546	0.018511	0.004362	-0.008369	1.001137
	0.000000	0.000000	0.000000	0.000000	1.000000	0.038658	0.093691	0.004999	-0.101188	0.966871
	0.000000	0.000000	0.000000	0.000000	1.000000	-0.022961	-0.035306	0.006798	0.004960	1.052502
	0.000000	0.000000	0.000000	0.000000	1.000000	0.059947	-0.023596	0.030913	-0.090872	1.048194
	0.000000	0.000000	0.000000	0.000000	1.000000	-0.025744	0.012413	-0.003648	-0.026783	1.038492
	0.000000	0.000000	0.000000	0.000000	1.000000	0.019036	0.015317	-0.002075	-0.041475	0.993710
	0.000000	0.000000	0.000000	0.000000	1.000000	-0.012023	-0.008078	-0.002312	-0.030911	1.046202
	0.000000	0.000000	0.000000	0.000000	1.000000	-0.074381	-0.010418	0.050591	0.052998	1.008789
	0.000000	0.000000	0.000000	0.000000	1.000000	-0.004906	-0.003132	0.002399	-0.000992	1.007711
	0.000000	0.000000	0.000000	0.000000	1.000000	0.026066	0.033149	0.018373	-0.076253	1.008187
	0.000000	0.000000	0.000000	0.000000	1.000000	-0.005245	-0.050036	0.003778	0.005102	1.049532
	0.000000	0.000000	0.000000	0.000000	1.000000	0.138278	-0.015690	0.071444	-0.157909	1.043376
	0.000000	0.000000	0.000000	0.000000	1.000000	0.051812	-0.028334	0.032506	-0.097797	1.062778
	0.000000	0.000000	0.000000	0.000000	1.000000	0.021542	-0.027975	0.021113	-0.051711	1.049478
