	1.000000	0.000000	0.000000	0.000000	0.000000	0.857752	-0.103442	0.009609	-0.015549	0.178106
	1.000000	0.000000	0.000000	0.000000	0.000000	0.860746	-0.124866	-0.060526	0.133079	0.140138
	1.000000	0.000000	0.000000	0.000000	0.000000	1.007686	-0.154124	-0.033704	0.035189	-0.014970
	1.000000	0.000000	0.000000	0.000000	0.000000	0.974650	-0.125073	-0.054974	0.104119	0.011388
	1.000000	0.000000	0.000000	0.000000	0.000000	0.816172	-0.111678	-0.058236	0.160471	0.154499
	1.000000	0.000000	0.000000	0.000000	0.000000	0.843183	-0.107447	-0.026295	0.059113	0.171539
	1.000000	0.000000	0.000000	0.000000	0.000000	0.773597	-0.099512	-0.055600	0.205024	0.137808
	1.000000	0.000000	0.000000	0.000000	0.000000	0.928683	-0.116142	-0.049211	0.153134	-0.006317
	1.000000	0.000000	0.000000	0.000000	0.000000	0.806328	-0.113646	-0.022385	0.005337	0.288811
	1.000000	0.000000	0.000000	0.000000	0.000000	0.907031	-0.118984	-0.059017	0.301462	-0.084274
	1.000000	0.000000	0.000000	0.000000	0.000000	0.830840	-0.098889	-0.010914	0.002009	0.231545
	1.000000	0.000000	0.000000	0.000000	0.000000	0.917454	-0.135270	-0.019800	0.033268	0.073113
	1.000000	0.000000	0.000000	0.000000	0.000000	0.841556	-0.105169	-0.064357	0.237259	0.034273
	1.000000	0.000000	0.000000	0.000000	0.000000	0.273114	0.116086	0.065708	0.007645	0.457378
	0.000000	1.000000	0.000000	0.000000	0.000000	-0.013132	1.004530	0.012161	-0.036765	0.010855
	0.000000	1.000000	0.000000	0.000000	0.000000	-0.030933	1.023260	-0.032164	0.073624	-0.031381
	0.000000	1.000000	0.000000	0.000000	0.000000	-0.029231	1.032712	0.011906	-0.035052	0.015540
	0.000000	1.000000	0.000000	0.000000	0.000000	-0.045679	1.018614	-0.038208	0.102436	-0.006837
	0.000000	1.000000	0.000000	0.000000	0.000000	0.025435	1.038286	0.005077	-0.070092	-0.013234
	0.000000	1.000000	0.000000	0.000000	0.000000	-0.033161	0.973289	-0.047671	0.107954	-0.004061
	0.000000	1.000000	0.000000	0.000000	0.000000	-0.022994	0.894666	-0.050881	0.072804	0.103200
	0.000000	1.000000	0.000000	0.000000	0.000000	-0.033192	0.923755	-0.052178	0.161011	0.000249
	0.000000	1.000000	0.000000	0.000000	0.000000	-0.038914	1.059199	-0.006936	0.059580	-0.068055
	0.000000	1.000000	0.000000	0.000000	0.000000	-0.034184	1.021256	-0.035325	0.097785	-0.060780
	0.000000	1.000000	0.000000	0.000000	0.000000	-0.011838	0.967870	0.012081	-0.000917	0.029239
	0.000000	1.000000	0.000000	0.000000	0.000000	-0.029534	1.055850	-0.041558	0.078581	-0.064839
	0.000000	1.000000	0.000000	0.000000	0.000000	-0.054526	1.003441	0.016482	0.019885	0.023058
	0.000000	1.000000	0.000000	0.000000	0.000000	-0.012492	1.026286	-0.026874	0.014733	-0.006466
	0.000000	1.000000	0.000000	0.000000	0.000000	0.007110	0.983089	-0.040448	0.000978	0.033185
	0.000000	1.000000	0.000000	0.000000	0.000000	-0.015135	1.051788	-0.000610	-0.014185	-0.033049
	0.000000	1.000000	0.000000	0.000000	0.000000	0.030503	0.804415	-0.056973	-0.000416	0.170728
	0.000000	1.000000	0.000000	0.000000	0.000000	0.018696	0.920120	-0.068677	0.025690	0.070255
	0.000000	1.000000	0.000000	0.000000	0.000000	-0.029115	0.981359	0.070030	-0.007651	-0.035795
	0.000000	1.000000	0.000000	0.000000	0.000000	0.011643	0.966945	-0.066039	0.029072	0.034887
	0.000000	1.000000	0.000000	0.000000	0.000000	-0.005982	1.057859	0.064162	-0.081124	-0.047505
	0.000000	1.000000	0.000000	0.000000	0.000000	-0.016066	0.839888	-0.067280	0.095543	0.147850
	0.000000	1.000000	0.000000	0.000000	0.000000	-0.037042	0.798167	-0.033023	0.076471	0.223213
	0.000000	1.000000	0.000000	0.000000	0.000000	-0.012256	0.858744	0.152887	-0.150968	0.150413
	0.000000	1.000000	0.000000	0.000000	0.000000	0.009893	1.070847	-0.012755	-0.040601	-0.037732
	0.000000	1.000000	0.000000	0.000000	0.000000	0.115335	1.019119	-0.015774	-0.146826	0.007496
	0.000000	1.000000	0.000000	0.000000	0.000000	0.029076	1.007581	0.072420	-0.121890	-0.006876
	0.000000	1.000000	0.000000	0.000000	0.000000	-0.116830	0.944670	0.003086	0.207141	0.016098
	0.000000	1.000000	0.000000	0.000000	0.000000	0.024968	0.836340	0.005375	0.036678	0.031032
	0.000000	1.000000	0.000000	0.000000	0.000000	-0.016486	0.901668	-0.001239	0.025364	0.037655
	0.000000	1.000000	0.000000	0.000000	0.000000	0.004104	0.982011	0.056269	-0.035113	-0.051378
	0.000000	1.000000	0.000000	0.000000	0.000000	0.064294	0.959180	-0.057676	-0.068119	0.069632
	0.000000	1.000000	0.000000	0.000000	0.000000	-0.042798	1.103920	-0.006146	0.037039	-0.070110
	0.000000	1.000000	0.000000	0.000000	0.000000	-0.055506	0.998261	0.042939	0.021955	-0.026391
	0.000000	1.000000	0.000000	0.000000	0.000000	-0.091458	0.247560	0.136220	0.460490	0.206873
	0.000000	1.000000	0.000000	0.000000	0.000000	-0.009945	0.960811	-0.031227	0.010410	0.073546
	0.000000	1.000000	0.000000	0.000000	0.000000	-0.001453	1.010243	-0.041418	0.070015	-0.046631
	0.000000	1.000000	0.000000	0.000000	0.000000	-0.015930	1.048589	0.008316	-0.017606	-0.042746
	0.000000	1.000000	0.000000	0.000000	0.000000	-0.034235	1.087244	-0.024078	0.049411	-0.063793
	0.000000	0.000000	1.000000	0.000000	0.000000	-0.004736	0.025912	1.007313	-0.027909	-0.041509
	0.000000	0.000000	1.000000	0.000000	0.000000	-0.125868	0.052202	0.984698	0.056072	0.008752
	0.000000	0.000000	1.000000	0.000000	0.000000	-0.024498	0.006951	1.033013	-0.026867	-0.026665
	0.000000	0.000000	1.000000	0.000000	0.000000	-0.065428	0.035115	0.870278	0.130429	0.008346
	0.000000	0.000000	1.000000	0.000000	0.000000	-0.007551	-0.006902	1.042749	-0.030914	-0.031166
	0.000000	0.000000	1.000000	0.000000	0.000000	-0.134016	0.008764	0.853959	0.265351	0.050155
	0.000000	0.000000	1.000000	0.000000	0.000000	0.031331	-0.009678	1.016763	-0.046348	-0.031291
	0.000000	0.000000	1.000000	0.000000	0.000000	0.054960	0.017236	0.921687	0.046777	-0.062000
	0.000000	0.000000	1.000000	0.000000	0.000000	0.073387	0.019218	1.021671	-0.103305	-0.045982
	0.000000	0.000000	1.000000	0.000000	0.000000	-0.075994	-0.021672	0.928964	0.145488	0.025215
	0.000000	0.000000	1.000000	0.000000	0.000000	0.045253	0.066560	0.855348	0.047308	-0.057536
	0.000000	0.000000	1.000000	0.000000	0.000000	-0.016205	-0.020589	1.031638	-0.019617	-0.011335
	0.000000	0.000000	1.000000	0.000000	0.000000	0.005574	-0.018782	1.018577	-0.082052	0.044872
	0.000000	0.000000	0.000000	1.000000	0.000000	-0.112457	0.089783	0.004439	0.987248	0.051398
	0.000000	0.000000	0.000000	1.000000	0.000000	0.055728	0.059108	0.040605	0.774441	0.030477
	0.000000	0.000000	0.000000	1.000000	0.000000	0.235013	0.126610	-0.026664	0.561390	0.077932
	0.000000	0.000000	0.000000	1.000000	0.000000	-0.115038	0.231275	-0.040704	0.822448	0.178174
	0.000000	0.000000	0.000000	1.000000	0.000000	0.109307	0.011922	0.061368	0.779806	-0.002593
	0.000000	0.000000	0.000000	1.000000	0.000000	0.144378	0.023654	0.010307	0.644693	0.082975
	0.000000	0.000000	0.000000	1.000000	0.000000	0.098104	0.018737	0.123980	0.919359	-0.096224
	0.000000	0.000000	0.000000	1.000000	0.000000	-0.087296	0.300194	-0.056906	0.774630	0.121595
	0.000000	0.000000	0.000000	1.000000	0.000000	-0.061678	0.072612	-0.005413	0.892981	0.095716
	0.000000	0.000000	0.000000	1.000000	0.000000	-0.102475	0.054931	-0.046617	0.799686	0.317909
	0.000000	0.000000	0.000000	1.000000	0.000000	0.223853	0.027816	0.139727	0.878377	-0.144886
	0.000000	0.000000	0.000000	1.000000	0.000000	0.048436	0.038771	0.095910	0.937705	-0.080849
	0.000000	0.000000	0.000000	1.000000	0.000000	-0.043281	0.071289	0.004932	0.941515	0.019684
	0.000000	0.000000	0.000000	1.000000	0.000000	0.305500	0.028953	0.094519	0.953497	-0.176311
	0.000000	0.000000	0.000000	1.000000	0.000000	-0.050042	0.074057	0.000885	1.009667	-0.023132
	0.000000	0.000000	0.000000	1.000000	0.000000	0.069964	0.050612	0.073538	0.963591	-0.098219
	0.000000	0.000000	0.000000	0.000000	1.000000	0.005769	-0.002583	0.009626	-0.001325	1.006155
	0.000000	0.000000	0.000000	0.000000	1.000000	0.058728	-0.030363	-0.010384	0.045293	0.944462
	0.000000	0.000000	0.000000	0.000000	1.000000	0.028624	0.037152	0.048721	-0.025223	0.930665
	0.000000	0.000000	0.000000	0.000000	1.000000	0.040294	-0.074361	-0.048104	0.163109	0.912863
	0.000000	0.000000	0.000000	0.000000	1.000000	0.100511	-0.007314	-0.005908	-0.002329	0.905224
	0.000000	0.000000	0.000000	0.000000	1.000000	0.013091	0.064700	0.003016	-0.061454	0.980498
	0.000000	0.000000	0.000000	0.000000	1.000000	-0.018671	0.007341	-0.006303	-0.012662	1.041537
	0.000000	0.000000	0.000000	0.000000	1.000000	0.021037	-0.036588	-0.001958	0.002113	1.018977
	0.000000	0.000000	0.000000	0.000000	1.000000	-0.027477	-0.044221	-0.022522	0.019520	1.085841
	0.000000	0.000000	0.000000	0.000000	1.000000	-0.013307	0.050690	-0.038428	0.018224	0.985217
	0.000000	0.000000	0.000000	0.000000	1.000000	-0.038802	0.003545	-0.031933	0.073164	1.012443
	0.000000	0.000000	0.000000	0.000000	1.000000	-0.015744	-0.021248	-0.018844	-0.003079	1.063188
	0.000000	0.000000	0.000000	0.000000	1.000000	0.022544	0.051587	-0.019477	-0.053705	0.998760
	0.000000	0.000000	0.000000	0.000000	1.000000	-0.010833	-0.016419	-0.009061	-0.018187	1.060476
	0.000000	0.000000	0.000000	0.000000	1.000000	0.007685	-0.013075	-0.016329	-0.009983	1.033433
	0.000000	0.000000	0.000000	0.000000	1.000000	0.003033	0.001859	-0.023438	0.043660	0.981315
	0.000000	0.000000	0.000000	0.000000	1.000000	-0.011176	0.096976	-0.031810	0.021308	0.932835
	0.000000	0.000000	0.000000	0.000000	1.000000	0.053867	-0.028850	-0.025871	0.107547	0.883410
	0.000000	0.000000	0.000000	0.000000	1.000000	0.002541	-0.014328	-0.022485	0.126665	0.917774
	0.000000	0.000000	0.000000	0.000000	1.000000	0.009172	0.049032	-0.000989	0.012299	0.931410
	0.000000	0.000000	0.000000	0.000000	1.000000	0.000575	0.017608	0.013149	-0.055267	1.040042
	0.000000	0.000000	0.000000	0.000000	1.000000	0.014811	-0.040322	0.003267	-0.020770	1.056306
	0.000000	0.000000	0.000000	0.000000	1.000000	0.005489	0.016774	-0.014862	-0.041106	1.037735
	0.000000	0.000000	0.000000	0.000000	1.000000	0.083565	-0.027831	0.007030	-0.034030	0.989220
	0.000000	0.000000	0.000000	0.000000	1.000000	0.004128	-0.011650	0.004311	-0.031302	1.043339
	0.000000	0.000000	0.000000	0.000000	1.000000	-0.022236	-0.028275	-0.008028	0.010617	1.062252
	0.000000	0.000000	0.000000	0.000000	1.000000	0.031986	-0.010568	0.015733	-0.061164	1.034359
	0.000000	0.000000	0.000000	0.000000	1.000000	0.011089	0.100034	-0.032216	-0.014182	0.925732
	0.000000	0.000000	0.000000	0.000000	1.000000	0.014203	-0.031802	0.008688	0.014170	1.009819
	0.000000	0.000000	0.000000	0.000000	1.000000	-0.038176	-0.063889	-0.013993	0.063809	1.054448
	0.000000	0.000000	0.000000	0.000000	1.000000	0.012527	-0.006120	0.014692	-0.033424	1.024833
	0.000000	0.000000	0.000000	0.000000	1.000000	-0.010645	-0.064240	-0.020952	0.024090	1.080755
	0.000000	0.000000	0.000000	0.000000	1.000000	-0.023370	-0.017171	-0.029310	0.019208	1.063117
	0.000000	0.000000	0.000000	0.000000	1.000000	0.012199	0.033801	-0.024323	-0.016684	0.997527
	0.000000	0.000000	0.000000	0.000000	1.000000	0.255619	-0.033161	-0.012439	0.089390	0.682145
	0.000000	0.000000	0.000000	0.000000	1.000000	0.041081	0.061506	0.020390	-0.083701	0.973488
	0.000000	0.000000	0.000000	0.000000	1.000000	0.002288	-0.040889	-0.004955	-0.008528	1.058496
	0.000000	0.000000	0.000000	0.000000	1.000000	-0.030983	-0.038391	-0.027191	0.025691	1.082985
	0.000000	0.000000	0.000000	0.000000	1.000000	0.009423	0.015948	-0.022366	-0.037429	1.033856
	0.000000	0.000000	0.000000	0.000000	1.000000	0.012202	-0.054339	-0.011813	-0.003849	1.063690
	0.000000	0.000000	0.000000	0.000000	1.000000	0.029026	0.141486	-0.026063	-0.036499	0.874942
	0.000000	0.000000	0.000000	0.000000	1.000000	0.005257	0.080142	-0.021451	0.020175	0.902993
	0.000000	0.000000	0.000000	0.000000	1.000000	-0.025775	-0.036941	-0.016769	0.024858	1.070151
	0.000000	0.000000	0.000000	0.000000	1.000000	-0.010502	-0.000281	-0.007392	-0.013378	1.046071
	0.000000	0.000000	0.000000	0.000000	1.000000	-0.004925	0.016505	-0.014135	-0.014811	1.028877
	0.000000	0.000000	0.000000	0.000000	1.000000	0.004571	0.016212	0.011908	0.003783	0.975140
	0.000000	0.000000	0.000000	0.000000	1.000000	0.008760	0.061934	0.008353	-0.061343	0.992909
	0.000000	0.000000	0.000000	0.000000	1.000000	0.024081	-0.026067	-0.009543	0.024665	0.983298
	0.000000	0.000000	0.000000	0.000000	1.000000	-0.024647	0.148480	0.001929	0.047377	0.857814
	0.000000	0.000000	0.000000	0.000000	1.000000	-0.018714	0.045238	-0.024171	0.014314	0.983449
	0.000000	0.000000	0.000000	0.000000	1.000000	-0.021640	0.042025	-0.031995	0.042529	0.970589
	0.000000	0.000000	0.000000	0.000000	1.000000	0.347147	-0.018809	-0.000782	0.174656	0.456549
	0.000000	0.000000	0.000000	0.000000	1.000000	-0.032754	0.035461	0.065306	0.061605	0.865473
	0.000000	0.000000	0.000000	0.000000	1.000000	0.105823	-0.018494	0.057810	-0.051287	0.859742
	0.000000	0.000000	0.000000	0.000000	1.000000	-0.030352	0.166397	0.042919	-0.032477	0.902866
	0.000000	0.000000	0.000000	0.000000	1.000000	0.021622	-0.034348	0.024935	0.100398	0.835923
	0.000000	0.000000	0.000000	0.000000	1.000000	-0.062169	0.030050	0.018135	0.135356	0.955704
	0.000000	0.000000	0.000000	0.000000	1.000000	-0.003237	0.000055	-0.005631	-0.038546	1.055788
	0.000000	0.000000	0.000000	0.000000	1.000000	0.037258	-0.053862	0.030888	-0.020616	0.976836
	0.000000	0.000000	0.000000	0.000000	1.000000	0.049609	-0.003116	0.024043	-0.097127	1.040316
	0.000000	0.000000	0.000000	0.000000	1.000000	0.144825	-0.009457	0.033706	-0.043690	0.883121
	0.000000	0.000000	0.000000	0.000000	1.000000	-0.007674	0.033606	-0.014422	-0.016426	1.013389
	0.000000	0.000000	0.000000	0.000000	1.000000	0.062364	-0.036680	0.037687	-0.108351	1.058146
	0.000000	0.000000	0.000000	0.000000	1.000000	0.064258	-0.049635	0.026290	-0.087571	1.055792
	0.000000	0.000000	0.000000	0.000000	1.000000	-0.016228	0.072046	0.057988	0.144710	0.686375
	1.000000	0.000000	0.000000	0.000000	0.000000	0.491895	-0.089023	-0.071341	0.286243	0.334369
	1.000000	0.000000	0.000000	0.000000	0.000000	0.468341	-0.108304	-0.051881	0.171991	0.397050
	1.000000	0.000000	0.000000	0.000000	0.000000	0.604240	-0.087948	-0.063288	0.226936	0.278198
	1.000000	0.000000	0.000000	0.000000	0.000000	0.841294	-0.111625	-0.008706	-0.037538	0.305532
	1.000000	0.000000	0.000000	0.000000	0.000000	0.676334	-0.113119	-0.077902	0.279040	0.158502
	1.000000	0.000000	0.000000	0.000000	0.000000	0.759123	-0.108392	-0.050304	0.120458	0.238860
	1.000000	0.000000	0.000000	0.000000	0.000000	0.745971	-0.114047	-0.066669	0.210862	0.173385
	1.000000	0.000000	0.000000	0.000000	0.000000	0.776435	-0.068633	-0.040171	0.288590	0.009078
	1.000000	0.000000	0.000000	0.000000	0.000000	0.764145	-0.092302	-0.066257	0.278780	0.073174
	1.000000	0.000000	0.000000	0.000000	0.000000	0.310993	-0.068586	-0.041721	0.118635	0.671046
	1.000000	0.000000	0.000000	0.000000	0.000000	0.107090	0.353202	0.036423	0.314577	0.094084
	1.000000	0.000000	0.000000	0.000000	0.000000	0.518511	-0.105320	-0.043200	0.090607	0.525718
	1.000000	0.000000	0.000000	0.000000	0.000000	0.332661	-0.079445	0.002524	-0.023689	0.720100
	1.000000	0.000000	0.000000	0.000000	0.000000	0.294533	-0.019330	0.035984	0.023025	0.641148
	1.000000	0.000000	0.000000	0.000000	0.000000	0.626822	-0.113256	-0.044467	0.205829	0.192670
	1.000000	0.000000	0.000000	0.000000	0.000000	0.639179	-0.097846	0.014866	0.294170	0.026986
	0.000000	1.000000	0.000000	0.000000	0.000000	-0.001610	1.041976	0.019869	0.010804	-0.097786
	0.000000	1.000000	0.000000	0.000000	0.000000	-0.013898	0.897329	-0.102223	0.150364	0.067464
	0.000000	1.000000	0.000000	0.000000	0.000000	-0.022664	0.844006	0.209282	-0.006443	-0.088620
	0.000000	1.000000	0.000000	0.000000	0.000000	-0.071384	0.966132	0.040742	0.067628	-0.059116
	0.000000	1.000000	0.000000	0.000000	0.000000	-0.030086	0.955029	-0.083656	0.148154	0.023413
	0.000000	1.000000	0.000000	0.000000	0.000000	0.073207	0.688835	0.071391	-0.104759	0.240323
	0.000000	1.000000	0.000000	0.000000	0.000000	-0.019230	0.614520	-0.059231	0.111732	0.311922
	0.000000	1.000000	0.000000	0.000000	0.000000	-0.108108	0.506987	-0.071763	0.305282	0.516909
	0.000000	1.000000	0.000000	0.000000	0.000000	-0.008673	1.021857	-0.035594	0.031852	-0.015609
	0.000000	1.000000	0.000000	0.000000	0.000000	-0.011306	1.040730	-0.039266	0.030074	-0.027621
	0.000000	1.000000	0.000000	0.000000	0.000000	0.030504	1.039189	0.049718	-0.107175	-0.034231
	0.000000	1.000000	0.000000	0.000000	0.000000	0.039067	0.904762	-0.075212	-0.005825	0.101373
	0.000000	1.000000	0.000000	0.000000	0.000000	-0.010691	1.003007	-0.060789	0.066842	-0.003047
	0.000000	1.000000	0.000000	0.000000	0.000000	0.000755	0.968340	-0.057243	0.046543	0.028074
	0.000000	1.000000	0.000000	0.000000	0.000000	-0.159982	0.920144	-0.079986	0.550681	-0.041594
	0.000000	1.000000	0.000000	0.000000	0.000000	-0.193600	0.520455	0.494499	-0.065326	0.472199
	0.000000	1.000000	0.000000	0.000000	0.000000	-0.006005	1.036504	-0.033075	0.024249	-0.030640
	0.000000	1.000000	0.000000	0.000000	0.000000	-0.024346	1.022002	0.021268	-0.057046	0.028510
	0.000000	1.000000	0.000000	0.000000	0.000000	-0.047554	1.086283	0.006273	0.036289	-0.074457
	0.000000	1.000000	0.000000	0.000000	0.000000	0.106476	0.864714	0.004812	-0.050774	0.017177
	0.000000	1.000000	0.000000	0.000000	0.000000	-0.021051	1.037809	-0.043800	0.061973	-0.039710
	0.000000	1.000000	0.000000	0.000000	0.000000	0.037751	0.927611	-0.053023	-0.023707	0.074471
	0.000000	1.000000	0.000000	0.000000	0.000000	-0.032082	1.021270	0.017583	-0.042528	0.029521
	0.000000	1.000000	0.000000	0.000000	0.000000	-0.028112	1.006904	-0.009376	0.020081	0.024588
	0.000000	1.000000	0.000000	0.000000	0.000000	-0.016441	1.076050	-0.015806	0.030684	-0.076211
	0.000000	1.000000	0.000000	0.000000	0.000000	-0.024112	0.860348	-0.068209	0.093947	0.151833
	0.000000	1.000000	0.000000	0.000000	0.000000	0.041841	0.944792	-0.013703	-0.104836	0.102998
	0.000000	1.000000	0.000000	0.000000	0.000000	0.018311	0.961882	-0.036429	0.016415	0.015699
	0.000000	1.000000	0.000000	0.000000	0.000000	-0.012444	1.045362	-0.034306	0.021261	-0.021639
	0.000000	1.000000	0.000000	0.000000	0.000000	-0.025240	0.886009	-0.022002	0.048988	0.104472
	0.000000	1.000000	0.000000	0.000000	0.000000	-0.089512	0.864504	-0.069194	0.331359	0.022388
	0.000000	1.000000	0.000000	0.000000	0.000000	-0.060075	0.873738	-0.026577	0.170919	0.027331
	0.000000	1.000000	0.000000	0.000000	0.000000	-0.024244	1.035424	-0.002502	0.005677	-0.028501
	0.000000	1.000000	0.000000	0.000000	0.000000	-0.035042	1.091813	-0.013473	0.040627	-0.076731
	0.000000	1.000000	0.000000	0.000000	0.000000	-0.189049	0.677212	0.423561	-0.059833	0.252778
	0.000000	0.000000	1.000000	0.000000	0.000000	-0.099867	0.001409	0.981324	-0.038280	0.143977
	0.000000	0.000000	1.000000	0.000000	0.000000	0.045626	-0.021903	0.918020	0.095676	-0.056378
	0.000000	0.000000	1.000000	0.000000	0.000000	0.019905	0.016156	1.052084	-0.103176	-0.030473
	0.000000	0.000000	1.000000	0.000000	0.000000	-0.015547	0.046713	0.885169	0.006497	0.020867
	0.000000	0.000000	1.000000	0.000000	0.000000	-0.151124	0.072809	0.925524	0.083227	0.056835
	0.000000	0.000000	1.000000	0.000000	0.000000	0.044393	0.046373	0.907642	0.047835	-0.072736
	0.000000	0.000000	1.000000	0.000000	0.000000	-0.013036	0.036235	0.558774	0.497069	-0.046784
	0.000000	0.000000	1.000000	0.000000	0.000000	-0.060300	0.055471	0.985782	0.048936	-0.058741
	0.000000	0.000000	1.000000	0.000000	0.000000	0.008797	-0.033992	1.018616	-0.024003	-0.011534
	0.000000	0.000000	1.000000	0.000000	0.000000	0.048840	-0.000104	0.819064	0.175371	-0.053061
	0.000000	0.000000	1.000000	0.000000	0.000000	0.259211	0.080225	0.829383	-0.069065	-0.089145
	0.000000	0.000000	1.000000	0.000000	0.000000	0.090897	-0.032824	0.811155	0.168704	-0.055141
	0.000000	0.000000	1.000000	0.000000	0.000000	0.040744	-0.009108	1.046046	-0.086110	-0.037333
	0.000000	0.000000	1.000000	0.000000	0.000000	-0.259328	0.260719	0.188486	0.792139	0.295520
	0.000000	0.000000	1.000000	0.000000	0.000000	-0.021778	-0.014337	1.017766	-0.030563	0.009415
	0.000000	0.000000	1.000000	0.000000	0.000000	0.011005	0.017482	1.050552	-0.115986	-0.001254
	0.000000	0.000000	0.000000	1.000000	0.000000	0.231319	0.074634	0.194320	0.735599	-0.146028
	0.000000	0.000000	0.000000	1.000000	0.000000	0.045289	-0.003404	-0.001099	0.569831	0.287935
	0.000000	0.000000	0.000000	1.000000	0.000000	-0.201898	0.215089	-0.040993	0.902435	0.304497
	0.000000	0.000000	0.000000	1.000000	0.000000	-0.109194	0.154294	-0.030006	0.986333	0.014628
	0.000000	0.000000	0.000000	1.000000	0.000000	0.101333	-0.021741	0.064876	0.850177	-0.015745
	0.000000	0.000000	0.000000	1.000000	0.000000	-0.070693	0.082203	-0.043407	0.873458	0.161877
	0.000000	0.000000	0.000000	1.000000	0.000000	0.098867	0.021323	-0.002308	0.771705	0.053097
	0.000000	0.000000	0.000000	1.000000	0.000000	0.128585	0.044469	0.091510	0.894081	-0.102124
	0.000000	0.000000	0.000000	1.000000	0.000000	-0.102829	0.051609	0.095764	0.970561	0.016990
	0.000000	0.000000	0.000000	1.000000	0.000000	-0.146599	0.104515	-0.034281	0.989227	0.129454
	0.000000	0.000000	0.000000	1.000000	0.000000	0.136372	0.019944	0.220526	0.867073	-0.126956
	0.000000	0.000000	0.000000	1.000000	0.000000	0.058984	0.033620	0.093027	0.955309	-0.086742
	0.000000	0.000000	0.000000	1.000000	0.000000	-0.152897	0.079771	0.054352	1.045318	0.027325
	0.000000	0.000000	0.000000	1.000000	0.000000	0.122155	-0.023354	0.440194	0.718127	-0.125167
	0.000000	0.000000	0.000000	1.000000	0.000000	0.131475	0.078522	0.300677	0.654537	-0.114540
	0.000000	0.000000	0.000000	0.000000	1.000000	0.052916	-0.011640	0.014499	-0.027200	0.989739
	0.000000	0.000000	0.000000	0.000000	1.000000	-0.035776	0.013419	0.002598	0.090476	0.978141
	0.000000	0.000000	0.000000	0.000000	1.000000	-0.018978	-0.011812	-0.010396	-0.000721	1.053326
	0.000000	0.000000	0.000000	0.000000	1.000000	0.052498	0.008500	0.009106	-0.078383	1.011923
	0.000000	0.000000	0.000000	0.000000	1.000000	0.019594	0.045295	-0.001043	0.001318	0.931911
	0.000000	0.000000	0.000000	0.000000	1.000000	0.040492	-0.056995	0.004733	-0.044032	1.063373
	0.000000	0.000000	0.000000	0.000000	1.000000	-0.024102	-0.005311	-0.028139	0.152631	0.921113
	0.000000	0.000000	0.000000	0.000000	1.000000	0.022209	0.004809	-0.002237	-0.042829	1.024945
	0.000000	0.000000	0.000000	0.000000	1.000000	0.157784	-0.019094	0.058201	-0.088234	0.914112
	0.000000	0.000000	0.000000	0.000000	1.000000	0.456620	-0.094235	-0.046591	0.165542	0.450020
	0.000000	0.000000	0.000000	0.000000	1.000000	-0.002411	0.021010	-0.026493	-0.003263	1.013472
	0.000000	0.000000	0.000000	0.000000	1.000000	0.013162	-0.014206	0.041186	-0.071779	1.051725
	0.000000	0.000000	0.000000	0.000000	1.000000	-0.001155	0.012423	-0.010324	-0.037488	1.038498
	0.000000	0.000000	0.000000	0.000000	1.000000	-0.019665	-0.062846	-0.023749	0.031563	1.088309
	0.000000	0.000000	0.000000	0.000000	1.000000	0.004457	0.025621	-0.017840	-0.028276	1.013770
	0.000000	0.000000	0.000000	0.000000	1.000000	0.002974	-0.073294	-0.053012	0.167102	0.974484
	0.000000	0.000000	0.000000	0.000000	1.000000	0.017086	-0.012835	0.009326	-0.003298	1.003404
	0.000000	0.000000	0.000000	0.000000	1.000000	-0.064330	0.081328	-0.012990	0.103873	0.941789
	0.000000	0.000000	0.000000	0.000000	1.000000	0.018589	0.020596	0.020211	-0.088662	1.038851
	0.000000	0.000000	0.000000	0.000000	1.000000	-0.025282	0.007239	-0.029885	0.145804	0.913769
	0.000000	0.000000	0.000000	0.000000	1.000000	0.036656	-0.021209	-0.016476	-0.028163	1.026660
	0.000000	0.000000	0.000000	0.000000	1.000000	0.009173	-0.010493	-0.008098	-0.055930	1.062342
	0.000000	0.000000	0.000000	0.000000	1.000000	0.078845	-0.019261	0.043708	-0.105805	1.033116
	0.000000	0.000000	0.000000	0.000000	1.000000	0.043044	-0.028234	-0.002130	0.008712	0.990998
	0.000000	0.000000	0.000000	0.000000	1.000000	0.026697	0.016334	0.007628	-0.079860	1.035313
	0.000000	0.000000	0.000000	0.000000	1.000000	0.022558	-0.033894	0.020119	-0.078356	1.067114
	0.000000	0.000000	0.000000	0.000000	1.000000	0.006607	-0.046937	0.004355	-0.034914	1.078909
	0.000000	0.000000	0.000000	0.000000	1.000000	0.097056	-0.032812	-0.031192	0.150290	0.790313
	0.000000	0.000000	0.000000	0.000000	1.000000	0.035958	-0.064644	0.002429	-0.037729	1.069465
	0.000000	0.000000	0.000000	0.000000	1.000000	-0.009309	-0.026849	-0.013860	-0.001900	1.062792
	0.000000	0.000000	0.000000	0.000000	1.000000	-0.032613	-0.054737	-0.033108	0.086803	1.063287
	0.000000	0.000000	0.000000	0.000000	1.000000	-0.003558	0.000412	-0.027364	0.008750	1.024551
	0.000000	0.000000	0.000000	0.000000	1.000000	0.020522	-0.025858	-0.006182	-0.052635	1.068327
	0.000000	0.000000	0.000000	0.000000	1.000000	-0.018005	-0.014769	-0.023109	-0.004590	1.066266
	0.000000	0.000000	0.000000	0.000000	1.000000	0.053365	-0.042321	0.000035	0.007731	0.992055
	0.000000	0.000000	0.000000	0.000000	1.000000	-0.012578	0.115128	-0.023845	0.011219	0.913543
	0.000000	0.000000	0.000000	0.000000	1.000000	0.037723	0.041074	0.016337	-0.096254	1.011820
	0.000000	0.000000	0.000000	0.000000	1.000000	-0.007881	0.126421	-0.012504	-0.012317	0.916606
	0.000000	0.000000	0.000000	0.000000	1.000000	-0.015048	0.074582	-0.010494	-0.015507	0.982143
	0.000000	0.000000	0.000000	0.000000	1.000000	-0.008831	0.034427	0.007173	-0.014900	0.992052
	0.000000	0.000000	0.000000	0.000000	1.000000	0.025676	0.088843	-0.045637	-0.039125	0.962287
	0.000000	0.000000	0.000000	0.000000	1.000000	-0.003508	0.057273	-0.012041	-0.000719	0.968147
	0.000000	0.000000	0.000000	0.000000	1.000000	-0.004348	-0.061559	-0.026664	0.046731	1.057886
	0.000000	0.000000	0.000000	0.000000	1.000000	0.065418	0.001757	0.021586	-0.067927	0.989554
	0.000000	0.000000	0.000000	0.000000	1.000000	-0.025778	-0.010412	-0.003130	0.007956	1.055693
	0.000000	0.000000	0.000000	0.000000	1.000000	0.019558	0.011412	0.016582	-0.092094	1.051573
	0.000000	0.000000	0.000000	0.000000	1.000000	-0.006097	-0.037670	-0.009074	-0.001143	1.065525
	0.000000	0.000000	0.000000	0.000000	1.000000	-0.013541	0.016811	-0.002997	0.002217	1.008376
	0.000000	0.000000	0.000000	0.000000	1.000000	0.051434	0.086091	-0.001969	-0.100561	0.971617
	0.000000	0.000000	0.000000	0.000000	1.000000	-0.012275	-0.032872	-0.005080	0.015133	1.048359
	0.000000	0.000000	0.000000	0.000000	1.000000	0.068588	-0.033745	0.026436	-0.094162	1.050001
	0.000000	0.000000	0.000000	0.000000	1.000000	-0.019873	0.006570	-0.010499	-0.016019	1.052336
	0.000000	0.000000	0.000000	0.000000	1.000000	-0.008609	0.014924	-0.024352	-0.001458	1.008529
	0.000000	0.000000	0.000000	0.000000	1.000000	-0.005360	-0.003379	-0.018513	-0.022492	1.048636
	0.000000	0.000000	0.000000	0.000000	1.000000	-0.055121	-0.003270	0.045891	0.064164	0.964802
	0.000000	0.000000	0.000000	0.000000	1.000000	-0.012403	-0.006094	-0.007613	0.022500	1.014972
	0.000000	0.000000	0.000000	0.000000	1.000000	0.042575	0.032654	0.013789	-0.080269	1.002301
	0.000000	0.000000	0.000000	0.000000	1.000000	-0.003340	-0.047239	-0.011171	0.019905	1.047655
	0.000000	0.000000	0.000000	0.000000	1.000000	0.136153	-0.038829	0.070078	-0.156754	1.043719
	0.000000	0.000000	0.000000	0.000000	1.000000	0.058839	-0.037115	0.028967	-0.102533	1.065333
	0.000000	0.000000	0.000000	0.000000	1.000000	0.051656	-0.027213	0.016997	-0.065551	1.035770
