	1.000000	0.000000	0.000000	0.000000	0.000000	0.469832	-0.149036	0.137722	0.213127	0.202494
	1.000000	0.000000	0.000000	0.000000	0.000000	0.571256	-0.192650	0.077302	0.221280	0.244887
	1.000000	0.000000	0.000000	0.000000	0.000000	0.596165	-0.202707	0.113854	0.277231	0.111453
	1.000000	0.000000	0.000000	0.000000	0.000000	0.585240	-0.182490	0.095741	0.267202	0.156271
	1.000000	0.000000	0.000000	0.000000	0.000000	0.552016	-0.179735	0.078014	0.219279	0.253803
	1.000000	0.000000	0.000000	0.000000	0.000000	0.538575	-0.184422	0.093324	0.198313	0.254734
	1.000000	0.000000	0.000000	0.000000	0.000000	0.526553	-0.167461	0.078565	0.248492	0.253198
	1.000000	0.000000	0.000000	0.000000	0.000000	0.566091	-0.172363	0.098614	0.314794	0.144594
	1.000000	0.000000	0.000000	0.000000	0.000000	0.472625	-0.173324	0.051873	0.195324	0.394959
	1.000000	0.000000	0.000000	0.000000	0.000000	0.577622	-0.164652	0.124267	0.382526	0.056538
	1.000000	0.000000	0.000000	0.000000	0.000000	0.494302	-0.158641	0.078155	0.212832	0.298310
	1.000000	0.000000	0.000000	0.000000	0.000000	0.550163	-0.181291	0.111097	0.296303	0.150075
	1.000000	0.000000	0.000000	0.000000	0.000000	0.544842	-0.157924	0.105268	0.294331	0.148304
	1.000000	0.000000	0.000000	0.000000	0.000000	0.160128	0.098093	0.174625	0.119017	0.271952
	0.000000	1.000000	0.000000	0.000000	0.000000	-0.099373	0.970239	0.087328	-0.033200	0.024362
	0.000000	1.000000	0.000000	0.000000	0.000000	-0.064623	1.007872	0.031941	0.005699	-0.026716
	0.000000	1.000000	0.000000	0.000000	0.000000	-0.109359	1.016132	0.062237	0.027602	0.073383
	0.000000	1.000000	0.000000	0.000000	0.000000	-0.056938	1.001981	0.017185	0.002845	0.015374
	0.000000	1.000000	0.000000	0.000000	0.000000	-0.064570	1.008726	0.054921	-0.072206	-0.033928
	0.000000	1.000000	0.000000	0.000000	0.000000	-0.063048	0.953687	0.027707	0.029800	0.028780
	0.000000	1.000000	0.000000	0.000000	0.000000	-0.055432	0.876440	0.007884	0.009621	0.159698
	0.000000	1.000000	0.000000	0.000000	0.000000	-0.032894	0.884075	0.049449	0.050382	-0.002792
	0.000000	1.000000	0.000000	0.000000	0.000000	-0.073570	1.030601	0.081198	-0.044097	-0.096745
	0.000000	1.000000	0.000000	0.000000	0.000000	-0.075185	1.001193	0.051523	0.027570	-0.042443
	0.000000	1.000000	0.000000	0.000000	0.000000	-0.059158	0.858872	0.122635	0.007774	0.023841
	0.000000	1.000000	0.000000	0.000000	0.000000	-0.076510	1.068625	0.000432	0.043651	-0.024292
	0.000000	1.000000	0.000000	0.000000	0.000000	-0.107816	0.940212	0.106666	0.025871	0.098367
	0.000000	1.000000	0.000000	0.000000	0.000000	-0.064721	1.029925	0.006316	-0.012823	0.005514
	0.000000	1.000000	0.000000	0.000000	0.000000	-0.052160	0.989804	-0.004473	-0.016519	0.042611
	0.000000	1.000000	0.000000	0.000000	0.000000	-0.087061	1.041129	0.056664	-0.044844	-0.038932
	0.000000	1.000000	0.000000	0.000000	0.000000	-0.036509	0.810048	-0.002443	0.021759	0.181700
	0.000000	1.000000	0.000000	0.000000	0.000000	-0.039476	0.936499	-0.037884	0.035013	0.120208
	0.000000	1.000000	0.000000	0.000000	0.000000	-0.056108	0.867935	0.220118	-0.031412	-0.119573
	0.000000	1.000000	0.000000	0.000000	0.000000	-0.042252	0.984529	-0.046144	0.034633	0.096445
	0.000000	1.000000	0.000000	0.000000	0.000000	-0.095010	1.001729	0.162682	-0.086380	-0.111040
	0.000000	1.000000	0.000000	0.000000	0.000000	-0.021895	0.851553	-0.016831	0.016990	0.144927
	0.000000	1.000000	0.000000	0.000000	0.000000	-0.036081	0.784702	0.016899	-0.011855	0.220064
	0.000000	1.000000	0.000000	0.000000	0.000000	-0.118166	0.787031	0.250812	-0.077670	0.042725
	0.000000	1.000000	0.000000	0.000000	0.000000	-0.067048	1.085188	0.010843	-0.059560	-0.046102
	0.000000	1.000000	0.000000	0.000000	0.000000	-0.049992	1.048511	-0.022580	0.015321	0.006624
	0.000000	1.000000	0.000000	0.000000	0.000000	-0.091506	0.944862	0.164809	-0.079987	-0.072613
	0.000000	1.000000	0.000000	0.000000	0.000000	-0.132080	0.841550	0.198848	0.065694	0.116739
	0.000000	1.000000	0.000000	0.000000	0.000000	-0.020796	0.707328	0.132037	0.131990	0.025763
	0.000000	1.000000	0.000000	0.000000	0.000000	-0.071049	0.853994	0.101372	0.021944	0.024682
	0.000000	1.000000	0.000000	0.000000	0.000000	-0.073206	0.907779	0.179045	-0.037211	-0.103454
	0.000000	1.000000	0.000000	0.000000	0.000000	-0.034787	1.006695	-0.053739	-0.016496	0.092928
	0.000000	1.000000	0.000000	0.000000	0.000000	-0.082746	1.121438	0.028585	-0.044125	-0.083217
	0.000000	1.000000	0.000000	0.000000	0.000000	-0.096552	0.937540	0.168397	-0.026719	-0.068706
	0.000000	1.000000	0.000000	0.000000	0.000000	0.066066	0.191107	0.326681	0.271036	0.074756
	0.000000	1.000000	0.000000	0.000000	0.000000	-0.061144	0.934301	0.025795	-0.020986	0.121971
	0.000000	1.000000	0.000000	0.000000	0.000000	-0.020997	0.981009	0.022083	0.024268	-0.071528
	0.000000	1.000000	0.000000	0.000000	0.000000	-0.089700	1.033502	0.077965	-0.041000	-0.066986
	0.000000	1.000000	0.000000	0.000000	0.000000	-0.072509	1.111051	-0.006013	0.009417	-0.047988
	0.000000	0.000000	1.000000	0.000000	0.000000	0.058649	0.106812	0.868055	0.158322	-0.239877
	0.000000	0.000000	1.000000	0.000000	0.000000	0.025749	0.142597	0.879535	0.167667	-0.239285
	0.000000	0.000000	1.000000	0.000000	0.000000	0.052550	0.094886	0.896069	0.151082	-0.247161
	0.000000	0.000000	1.000000	0.000000	0.000000	0.083868	0.097339	0.773973	0.198844	-0.209150
	0.000000	0.000000	1.000000	0.000000	0.000000	0.056865	0.087770	0.893759	0.166452	-0.246853
	0.000000	0.000000	1.000000	0.000000	0.000000	0.070211	0.088663	0.760457	0.243425	-0.192483
	0.000000	0.000000	1.000000	0.000000	0.000000	0.088534	0.062631	0.852363	0.161444	-0.238482
	0.000000	0.000000	1.000000	0.000000	0.000000	0.136897	0.074482	0.764924	0.228982	-0.226310
	0.000000	0.000000	1.000000	0.000000	0.000000	0.081562	0.080292	0.862763	0.125328	-0.242009
	0.000000	0.000000	1.000000	0.000000	0.000000	0.081321	0.048941	0.796340	0.220759	-0.203703
	0.000000	0.000000	1.000000	0.000000	0.000000	0.131538	0.120478	0.736116	0.210713	-0.224777
	0.000000	0.000000	1.000000	0.000000	0.000000	0.071629	0.069202	0.877396	0.149896	-0.243726
	0.000000	0.000000	1.000000	0.000000	0.000000	0.093838	0.026924	0.837196	0.126183	-0.220280
	0.000000	0.000000	0.000000	1.000000	0.000000	0.194153	0.081735	0.296480	0.404594	0.014571
	0.000000	0.000000	0.000000	1.000000	0.000000	0.255351	-0.022315	0.292078	0.333772	0.045151
	0.000000	0.000000	0.000000	1.000000	0.000000	0.321060	0.072270	0.201464	0.272211	0.032447
	0.000000	0.000000	0.000000	1.000000	0.000000	0.160555	0.203659	0.225189	0.294969	0.058747
	0.000000	0.000000	0.000000	1.000000	0.000000	0.336213	-0.049144	0.331469	0.345602	-0.038122
	0.000000	0.000000	0.000000	1.000000	0.000000	0.381499	-0.081610	0.249110	0.320201	0.033024
	0.000000	0.000000	0.000000	1.000000	0.000000	0.344348	-0.012849	0.382640	0.452372	-0.112961
	0.000000	0.000000	0.000000	1.000000	0.000000	0.114532	0.295681	0.184979	0.257429	0.082742
	0.000000	0.000000	0.000000	1.000000	0.000000	0.291697	0.002676	0.310146	0.352013	-0.019390
	0.000000	0.000000	0.000000	1.000000	0.000000	0.201513	0.007666	0.164788	0.299424	0.244757
	0.000000	0.000000	0.000000	1.000000	0.000000	0.333244	0.035587	0.391518	0.493854	-0.135177
	0.000000	0.000000	0.000000	1.000000	0.000000	0.290684	0.034894	0.371253	0.456000	-0.099247
	0.000000	0.000000	0.000000	1.000000	0.000000	0.216183	0.054132	0.278841	0.412223	0.027504
	0.000000	0.000000	0.000000	1.000000	0.000000	0.393540	0.008791	0.353890	0.510385	-0.135909
	0.000000	0.000000	0.000000	1.000000	0.000000	0.249620	0.092990	0.313472	0.459541	-0.060809
	0.000000	0.000000	0.000000	1.000000	0.000000	0.294131	0.054546	0.362304	0.477758	-0.102678
	0.000000	0.000000	0.000000	0.000000	1.000000	0.081086	-0.002812	-0.003080	-0.002467	0.896587
	0.000000	0.000000	0.000000	0.000000	1.000000	0.144540	-0.042465	0.002173	0.043592	0.814128
	0.000000	0.000000	0.000000	0.000000	1.000000	0.086227	0.017309	0.050248	0.017976	0.768200
	0.000000	0.000000	0.000000	0.000000	1.000000	0.272743	-0.135590	0.010514	0.103184	0.725366
	0.000000	0.000000	0.000000	0.000000	1.000000	0.159282	-0.003129	-0.003602	0.107050	0.728289
	0.000000	0.000000	0.000000	0.000000	1.000000	0.027432	0.091742	-0.016631	0.004799	0.907460
	0.000000	0.000000	0.000000	0.000000	1.000000	0.040180	0.011288	-0.028618	-0.024075	1.002388
	0.000000	0.000000	0.000000	0.000000	1.000000	0.093458	-0.037428	-0.024957	0.031339	0.943418
	0.000000	0.000000	0.000000	0.000000	1.000000	0.050410	-0.018728	-0.064912	-0.004827	1.071232
	0.000000	0.000000	0.000000	0.000000	1.000000	0.035831	0.108703	-0.066010	0.014598	0.960320
	0.000000	0.000000	0.000000	0.000000	1.000000	0.034571	0.059033	-0.043664	0.032729	0.965920
	0.000000	0.000000	0.000000	0.000000	1.000000	0.043286	0.012113	-0.061002	-0.010022	1.040593
	0.000000	0.000000	0.000000	0.000000	1.000000	0.063489	0.108355	-0.076599	-0.020800	0.929347
	0.000000	0.000000	0.000000	0.000000	1.000000	0.047433	0.009511	-0.051744	-0.011198	1.023084
	0.000000	0.000000	0.000000	0.000000	1.000000	0.074445	0.015858	-0.048672	0.008501	0.952644
	0.000000	0.000000	0.000000	0.000000	1.000000	0.091605	0.039484	-0.030133	0.041124	0.852304
	0.000000	0.000000	0.000000	0.000000	1.000000	0.042529	0.157456	-0.044843	0.004020	0.845630
	0.000000	0.000000	0.000000	0.000000	1.000000	0.152438	-0.029608	0.018020	0.088289	0.731354
	0.000000	0.000000	0.000000	0.000000	1.000000	0.124270	-0.007491	0.018725	0.078242	0.755407
	0.000000	0.000000	0.000000	0.000000	1.000000	0.061952	0.083193	0.000630	0.034883	0.793838
	0.000000	0.000000	0.000000	0.000000	1.000000	0.053037	0.034602	-0.024191	-0.043788	0.953367
	0.000000	0.000000	0.000000	0.000000	1.000000	0.109022	-0.061052	-0.014229	-0.022260	0.960465
	0.000000	0.000000	0.000000	0.000000	1.000000	0.058771	0.055218	-0.070256	-0.040514	0.987098
	0.000000	0.000000	0.000000	0.000000	1.000000	0.141265	-0.039879	-0.017691	0.014950	0.871413
	0.000000	0.000000	0.000000	0.000000	1.000000	0.064457	0.001189	-0.036134	-0.003328	0.974415
	0.000000	0.000000	0.000000	0.000000	1.000000	0.059289	-0.014392	-0.037509	-0.003899	1.004855
	0.000000	0.000000	0.000000	0.000000	1.000000	0.073674	-0.006944	-0.043699	0.002935	0.989340
	0.000000	0.000000	0.000000	0.000000	1.000000	0.036627	0.166034	-0.050811	0.004971	0.853075
	0.000000	0.000000	0.000000	0.000000	1.000000	0.144141	-0.064767	0.005317	0.031438	0.853998
	0.000000	0.000000	0.000000	0.000000	1.000000	0.081613	-0.088194	-0.012651	0.025426	0.973978
	0.000000	0.000000	0.000000	0.000000	1.000000	0.075761	-0.006108	-0.008510	-0.012972	0.920445
	0.000000	0.000000	0.000000	0.000000	1.000000	0.087442	-0.070135	-0.045775	0.001016	1.034865
	0.000000	0.000000	0.000000	0.000000	1.000000	0.051686	0.014493	-0.073083	-0.010841	1.049835
	0.000000	0.000000	0.000000	0.000000	1.000000	0.067435	0.082289	-0.063719	-0.004623	0.919892
	0.000000	0.000000	0.000000	0.000000	1.000000	0.275993	-0.064182	0.053992	0.131667	0.521601
	0.000000	0.000000	0.000000	0.000000	1.000000	0.057283	0.088977	-0.002898	-0.046605	0.832638
	0.000000	0.000000	0.000000	0.000000	1.000000	0.071299	-0.035092	-0.039067	-0.004108	1.007585
	0.000000	0.000000	0.000000	0.000000	1.000000	0.046015	-0.009843	-0.067214	-0.001128	1.072038
	0.000000	0.000000	0.000000	0.000000	1.000000	0.064083	0.046108	-0.078753	-0.014769	1.006283
	0.000000	0.000000	0.000000	0.000000	1.000000	0.082738	-0.051796	-0.048615	0.001787	1.022609
	0.000000	0.000000	0.000000	0.000000	1.000000	0.034651	0.213429	-0.035053	-0.001017	0.765685
	0.000000	0.000000	0.000000	0.000000	1.000000	0.041683	0.149759	-0.010797	0.031122	0.769476
	0.000000	0.000000	0.000000	0.000000	1.000000	0.058615	-0.020169	-0.051605	-0.003292	1.035146
	0.000000	0.000000	0.000000	0.000000	1.000000	0.055016	0.017549	-0.046235	-0.023009	0.998621
	0.000000	0.000000	0.000000	0.000000	1.000000	0.064506	0.058977	-0.053911	-0.027404	0.942893
	0.000000	0.000000	0.000000	0.000000	1.000000	0.068690	0.029559	0.011777	0.013446	0.837601
	0.000000	0.000000	0.000000	0.000000	1.000000	0.033730	0.101093	-0.033041	-0.023283	0.916552
	0.000000	0.000000	0.000000	0.000000	1.000000	0.112203	-0.019494	-0.007569	0.072953	0.836524
	0.000000	0.000000	0.000000	0.000000	1.000000	0.042626	0.222237	0.020632	0.014547	0.650747
	0.000000	0.000000	0.000000	0.000000	1.000000	0.016520	0.113427	-0.037028	0.030281	0.936204
	0.000000	0.000000	0.000000	0.000000	1.000000	0.026394	0.109924	-0.036812	0.035346	0.909384
	0.000000	0.000000	0.000000	0.000000	1.000000	0.373437	-0.085035	0.131295	0.169605	0.284524
	0.000000	0.000000	0.000000	0.000000	1.000000	0.135429	0.020620	0.122836	0.163248	0.462249
	0.000000	0.000000	0.000000	0.000000	1.000000	0.180474	-0.032105	0.091571	0.157605	0.495378
	0.000000	0.000000	0.000000	0.000000	1.000000	-0.000762	0.207708	0.058123	-0.012393	0.734724
	0.000000	0.000000	0.000000	0.000000	1.000000	0.198158	-0.064091	0.076972	0.186033	0.511309
	0.000000	0.000000	0.000000	0.000000	1.000000	0.078782	0.003477	0.042364	0.025909	0.834089
	0.000000	0.000000	0.000000	0.000000	1.000000	0.055808	0.024983	-0.054955	-0.044434	1.002532
	0.000000	0.000000	0.000000	0.000000	1.000000	0.168179	-0.082534	0.038817	0.105694	0.692704
	0.000000	0.000000	0.000000	0.000000	1.000000	0.078182	0.000725	-0.041643	-0.019577	0.969950
	0.000000	0.000000	0.000000	0.000000	1.000000	0.155538	-0.032983	0.022375	0.078003	0.738500
	0.000000	0.000000	0.000000	0.000000	1.000000	0.037887	0.095836	-0.051233	-0.034686	0.938622
	0.000000	0.000000	0.000000	0.000000	1.000000	0.093643	-0.061279	-0.021396	-0.017586	0.984021
	0.000000	0.000000	0.000000	0.000000	1.000000	0.114082	-0.079357	-0.020696	-0.005784	0.973781
	0.000000	0.000000	0.000000	0.000000	1.000000	0.125430	0.082979	0.168319	0.213113	0.310325
	1.000000	0.000000	0.000000	0.000000	0.000000	0.453981	-0.158281	0.069729	0.185275	0.376999
	1.000000	0.000000	0.000000	0.000000	0.000000	0.408408	-0.158696	0.056219	0.237668	0.394212
	1.000000	0.000000	0.000000	0.000000	0.000000	0.424268	-0.138487	0.043768	0.208794	0.414093
	1.000000	0.000000	0.000000	0.000000	0.000000	0.482252	-0.169321	0.045548	0.207248	0.383678
	1.000000	0.000000	0.000000	0.000000	0.000000	0.495710	-0.161329	0.077788	0.281493	0.255397
	1.000000	0.000000	0.000000	0.000000	0.000000	0.493821	-0.164890	0.053980	0.225833	0.349748
	1.000000	0.000000	0.000000	0.000000	0.000000	0.523451	-0.174615	0.083182	0.241489	0.261086
	1.000000	0.000000	0.000000	0.000000	0.000000	0.519539	-0.137968	0.117731	0.323495	0.132102
	1.000000	0.000000	0.000000	0.000000	0.000000	0.512363	-0.149154	0.089423	0.279849	0.212273
	1.000000	0.000000	0.000000	0.000000	0.000000	0.292756	-0.096301	0.007402	0.147188	0.622342
	1.000000	0.000000	0.000000	0.000000	0.000000	0.101481	0.287035	0.244016	0.188024	0.057892
	1.000000	0.000000	0.000000	0.000000	0.000000	0.405563	-0.167155	0.029198	0.156553	0.549406
	1.000000	0.000000	0.000000	0.000000	0.000000	0.278593	-0.112126	0.034872	0.163190	0.598855
	1.000000	0.000000	0.000000	0.000000	0.000000	0.272781	-0.070215	0.120350	0.119029	0.425658
	1.000000	0.000000	0.000000	0.000000	0.000000	0.472256	-0.162697	0.096134	0.287948	0.240003
	1.000000	0.000000	0.000000	0.000000	0.000000	0.507280	-0.157683	0.192673	0.323810	0.044290
	0.000000	1.000000	0.000000	0.000000	0.000000	-0.052805	0.971927	0.140428	-0.029952	-0.147810
	0.000000	1.000000	0.000000	0.000000	0.000000	-0.025369	0.915037	-0.076021	0.085607	0.196370
	0.000000	1.000000	0.000000	0.000000	0.000000	-0.037833	0.627897	0.460200	-0.003219	-0.169347
	0.000000	1.000000	0.000000	0.000000	0.000000	-0.116292	0.939878	0.174172	0.021977	-0.064974
	0.000000	1.000000	0.000000	0.000000	0.000000	-0.042390	0.956880	-0.052839	0.070072	0.136115
	0.000000	1.000000	0.000000	0.000000	0.000000	-0.030245	0.618151	0.166051	-0.024904	0.115126
	0.000000	1.000000	0.000000	0.000000	0.000000	-0.034855	0.628373	0.004666	0.080764	0.372756
	0.000000	1.000000	0.000000	0.000000	0.000000	-0.033373	0.512706	-0.029633	0.072662	0.647894
	0.000000	1.000000	0.000000	0.000000	0.000000	-0.049684	1.012992	0.004138	0.000488	-0.005102
	0.000000	1.000000	0.000000	0.000000	0.000000	-0.063738	1.059619	-0.014048	0.010721	-0.003193
	0.000000	1.000000	0.000000	0.000000	0.000000	-0.088527	0.999873	0.127583	-0.084905	-0.089411
	0.000000	1.000000	0.000000	0.000000	0.000000	-0.028939	0.921968	-0.056782	0.024470	0.175928
	0.000000	1.000000	0.000000	0.000000	0.000000	-0.047301	1.014654	-0.023041	0.012667	0.025831
	0.000000	1.000000	0.000000	0.000000	0.000000	-0.036472	0.973273	-0.023171	0.023105	0.049229
	0.000000	1.000000	0.000000	0.000000	0.000000	-0.124880	0.927236	0.149483	0.139171	0.001839
	0.000000	1.000000	0.000000	0.000000	0.000000	-0.108418	0.427492	0.485522	0.098829	0.075364
	0.000000	1.000000	0.000000	0.000000	0.000000	-0.054065	1.036486	0.011402	-0.016231	-0.040581
	0.000000	1.000000	0.000000	0.000000	0.000000	-0.114964	1.008903	0.075885	0.006498	0.072885
	0.000000	1.000000	0.000000	0.000000	0.000000	-0.099394	1.078378	0.084545	-0.041639	-0.096383
	0.000000	1.000000	0.000000	0.000000	0.000000	-0.026472	0.731899	0.119728	0.022936	0.052909
	0.000000	1.000000	0.000000	0.000000	0.000000	-0.067251	1.047371	-0.001529	0.018339	-0.012198
	0.000000	1.000000	0.000000	0.000000	0.000000	-0.039955	0.946774	-0.017085	-0.001823	0.075783
	0.000000	1.000000	0.000000	0.000000	0.000000	-0.115387	1.001581	0.081130	0.000589	0.081699
	0.000000	1.000000	0.000000	0.000000	0.000000	-0.074960	0.942277	0.069029	-0.029246	0.078175
	0.000000	1.000000	0.000000	0.000000	0.000000	-0.058625	1.069122	0.029695	-0.014788	-0.099930
	0.000000	1.000000	0.000000	0.000000	0.000000	-0.036236	0.907094	-0.035736	0.026160	0.173289
	0.000000	1.000000	0.000000	0.000000	0.000000	-0.093079	0.928509	0.033657	0.008595	0.189831
	0.000000	1.000000	0.000000	0.000000	0.000000	-0.027874	0.936826	0.018889	0.005384	-0.002518
	0.000000	1.000000	0.000000	0.000000	0.000000	-0.063259	1.058793	-0.010045	-0.010740	0.006355
	0.000000	1.000000	0.000000	0.000000	0.000000	-0.059069	0.838761	0.056117	0.013769	0.127977
	0.000000	1.000000	0.000000	0.000000	0.000000	-0.059085	0.844820	0.058006	0.092390	0.063001
	0.000000	1.000000	0.000000	0.000000	0.000000	-0.063243	0.842054	0.096631	0.064792	0.020063
	0.000000	1.000000	0.000000	0.000000	0.000000	-0.089044	1.016254	0.064182	-0.015398	-0.025858
	0.000000	1.000000	0.000000	0.000000	0.000000	-0.083113	1.106447	0.024228	-0.001145	-0.081033
	0.000000	1.000000	0.000000	0.000000	0.000000	-0.124619	0.580499	0.469694	0.032514	-0.020872
	0.000000	0.000000	1.000000	0.000000	0.000000	0.071034	0.050789	0.827615	0.118722	-0.207740
	0.000000	0.000000	1.000000	0.000000	0.000000	0.144544	0.050658	0.749889	0.280423	-0.222581
	0.000000	0.000000	1.000000	0.000000	0.000000	0.057140	0.094077	0.893499	0.133199	-0.246117
	0.000000	0.000000	1.000000	0.000000	0.000000	0.065611	0.102695	0.768040	0.153145	-0.195717
	0.000000	0.000000	1.000000	0.000000	0.000000	0.023863	0.140570	0.848764	0.133831	-0.222273
	0.000000	0.000000	1.000000	0.000000	0.000000	0.106592	0.112239	0.784387	0.207971	-0.230429
	0.000000	0.000000	1.000000	0.000000	0.000000	0.193781	0.067714	0.623237	0.315015	-0.190123
	0.000000	0.000000	1.000000	0.000000	0.000000	0.052460	0.143480	0.867789	0.191335	-0.248819
	0.000000	0.000000	1.000000	0.000000	0.000000	0.082561	0.031622	0.847152	0.187003	-0.227791
	0.000000	0.000000	1.000000	0.000000	0.000000	0.153236	0.056203	0.711117	0.272746	-0.205436
	0.000000	0.000000	1.000000	0.000000	0.000000	0.145865	0.078575	0.751121	0.139388	-0.218679
	0.000000	0.000000	1.000000	0.000000	0.000000	0.185385	0.003233	0.691424	0.267238	-0.200721
	0.000000	0.000000	1.000000	0.000000	0.000000	0.082101	0.075309	0.861572	0.172403	-0.244097
	0.000000	0.000000	1.000000	0.000000	0.000000	-0.082965	0.395801	0.434162	0.192895	0.036037
	0.000000	0.000000	1.000000	0.000000	0.000000	0.072253	0.054095	0.864991	0.137792	-0.231900
	0.000000	0.000000	1.000000	0.000000	0.000000	0.048891	0.088292	0.884144	0.135921	-0.235637
	0.000000	0.000000	0.000000	1.000000	0.000000	0.314482	0.069736	0.414573	0.471456	-0.151527
	0.000000	0.000000	0.000000	1.000000	0.000000	0.316715	-0.042688	0.245689	0.295159	0.067308
	0.000000	0.000000	0.000000	1.000000	0.000000	0.016898	0.283721	0.202805	0.272100	0.203501
	0.000000	0.000000	0.000000	1.000000	0.000000	0.199940	0.193775	0.295787	0.430676	-0.067389
	0.000000	0.000000	0.000000	1.000000	0.000000	0.381850	-0.103537	0.309467	0.365534	-0.022491
	0.000000	0.000000	0.000000	1.000000	0.000000	0.278310	0.035831	0.251153	0.369806	0.022452
	0.000000	0.000000	0.000000	1.000000	0.000000	0.345159	-0.073309	0.229551	0.345459	0.077179
	0.000000	0.000000	0.000000	1.000000	0.000000	0.292009	0.038957	0.369036	0.452927	-0.096199
	0.000000	0.000000	0.000000	1.000000	0.000000	0.251404	0.039409	0.371469	0.435044	-0.065534
	0.000000	0.000000	0.000000	1.000000	0.000000	0.125355	0.113502	0.261295	0.349185	0.101152
	0.000000	0.000000	0.000000	1.000000	0.000000	0.284475	0.011696	0.452880	0.454047	-0.131031
	0.000000	0.000000	0.000000	1.000000	0.000000	0.320984	0.019229	0.380779	0.465743	-0.113099
	0.000000	0.000000	0.000000	1.000000	0.000000	0.248701	0.068877	0.379510	0.462434	-0.085805
	0.000000	0.000000	0.000000	1.000000	0.000000	0.286634	0.030290	0.510833	0.483448	-0.178029
	0.000000	0.000000	0.000000	1.000000	0.000000	0.282560	0.067664	0.485232	0.416091	-0.167499
	0.000000	0.000000	0.000000	0.000000	1.000000	0.120729	-0.019668	-0.002229	0.007877	0.852060
	0.000000	0.000000	0.000000	0.000000	1.000000	0.084393	-0.004462	0.012768	0.004676	0.870154
	0.000000	0.000000	0.000000	0.000000	1.000000	0.045414	0.013362	-0.049019	-0.007427	1.019550
	0.000000	0.000000	0.000000	0.000000	1.000000	0.083837	0.028462	-0.034323	-0.011717	0.901673
	0.000000	0.000000	0.000000	0.000000	1.000000	0.062737	0.074926	0.001198	0.032779	0.804997
	0.000000	0.000000	0.000000	0.000000	1.000000	0.111417	-0.072975	-0.037826	-0.000444	0.997917
	0.000000	0.000000	0.000000	0.000000	1.000000	0.092568	0.014557	0.011268	0.091994	0.781265
	0.000000	0.000000	0.000000	0.000000	1.000000	0.072365	0.028735	-0.045129	-0.018306	0.945453
	0.000000	0.000000	0.000000	0.000000	1.000000	0.207686	-0.065467	0.070173	0.056954	0.637048
	0.000000	0.000000	0.000000	0.000000	1.000000	0.497619	-0.181753	0.067538	0.195676	0.360819
	0.000000	0.000000	0.000000	0.000000	1.000000	0.060413	0.076221	-0.062008	0.004243	0.933828
	0.000000	0.000000	0.000000	0.000000	1.000000	0.065964	-0.034749	0.000910	-0.035127	0.965416
	0.000000	0.000000	0.000000	0.000000	1.000000	0.042867	0.050865	-0.058435	-0.017746	0.995934
	0.000000	0.000000	0.000000	0.000000	1.000000	0.075061	-0.058168	-0.055249	-0.002657	1.057827
	0.000000	0.000000	0.000000	0.000000	1.000000	0.042286	0.070426	-0.057940	0.004025	0.975418
	0.000000	0.000000	0.000000	0.000000	1.000000	0.199886	-0.112172	-0.015935	0.074776	0.855776
	0.000000	0.000000	0.000000	0.000000	1.000000	0.092795	-0.019825	-0.002550	0.007984	0.891388
	0.000000	0.000000	0.000000	0.000000	1.000000	0.024842	0.125910	-0.000854	0.043386	0.828763
	0.000000	0.000000	0.000000	0.000000	1.000000	0.047797	0.036241	-0.036420	-0.027939	0.972005
	0.000000	0.000000	0.000000	0.000000	1.000000	0.092946	0.036277	0.022696	0.066232	0.730553
	0.000000	0.000000	0.000000	0.000000	1.000000	0.090172	0.002040	-0.055625	0.008061	0.952277
	0.000000	0.000000	0.000000	0.000000	1.000000	0.055555	0.011244	-0.066772	-0.033108	1.031167
	0.000000	0.000000	0.000000	0.000000	1.000000	0.104177	-0.051092	-0.017131	-0.019153	0.963407
	0.000000	0.000000	0.000000	0.000000	1.000000	0.119795	-0.033610	-0.010595	0.020401	0.876898
	0.000000	0.000000	0.000000	0.000000	1.000000	0.061876	0.034374	-0.055352	-0.033060	0.979380
	0.000000	0.000000	0.000000	0.000000	1.000000	0.052436	-0.031125	-0.033158	0.000581	1.020000
	0.000000	0.000000	0.000000	0.000000	1.000000	0.066337	-0.049521	-0.041228	-0.015314	1.048114
	0.000000	0.000000	0.000000	0.000000	1.000000	0.204329	-0.049639	0.045200	0.110806	0.617374
	0.000000	0.000000	0.000000	0.000000	1.000000	0.135008	-0.099625	-0.025744	-0.015318	0.983544
	0.000000	0.000000	0.000000	0.000000	1.000000	0.072711	-0.007328	-0.052948	-0.022011	1.000320
	0.000000	0.000000	0.000000	0.000000	1.000000	0.086110	-0.046462	-0.047813	0.017073	1.012078
	0.000000	0.000000	0.000000	0.000000	1.000000	0.054066	0.033211	-0.054124	-0.011362	0.978035
	0.000000	0.000000	0.000000	0.000000	1.000000	0.077556	-0.005958	-0.067874	-0.039822	1.030681
	0.000000	0.000000	0.000000	0.000000	1.000000	0.046795	0.023085	-0.076460	-0.010319	1.055256
	0.000000	0.000000	0.000000	0.000000	1.000000	0.136278	-0.062662	-0.003932	0.021026	0.877995
	0.000000	0.000000	0.000000	0.000000	1.000000	0.018473	0.171446	-0.033361	0.018780	0.861025
	0.000000	0.000000	0.000000	0.000000	1.000000	0.058262	0.061434	-0.037682	-0.028114	0.928729
	0.000000	0.000000	0.000000	0.000000	1.000000	0.018922	0.180473	-0.028123	0.005227	0.847327
	0.000000	0.000000	0.000000	0.000000	1.000000	0.024603	0.111032	-0.037140	-0.016732	0.936562
	0.000000	0.000000	0.000000	0.000000	1.000000	0.034038	0.066661	-0.004905	0.002295	0.895161
	0.000000	0.000000	0.000000	0.000000	1.000000	0.061568	0.156200	-0.103873	-0.006998	0.945294
	0.000000	0.000000	0.000000	0.000000	1.000000	0.044670	0.122006	-0.038758	0.013813	0.870452
	0.000000	0.000000	0.000000	0.000000	1.000000	0.090892	-0.062507	-0.046748	0.017101	1.017570
	0.000000	0.000000	0.000000	0.000000	1.000000	0.104298	0.002366	-0.009632	0.022963	0.845560
	0.000000	0.000000	0.000000	0.000000	1.000000	0.067887	0.005791	-0.038708	-0.024432	0.975310
	0.000000	0.000000	0.000000	0.000000	1.000000	0.049088	0.026272	-0.045992	-0.044079	0.997209
	0.000000	0.000000	0.000000	0.000000	1.000000	0.073450	-0.041387	-0.042027	-0.011820	1.021169
	0.000000	0.000000	0.000000	0.000000	1.000000	0.044609	0.050398	-0.027209	0.016535	0.931151
	0.000000	0.000000	0.000000	0.000000	1.000000	0.061808	0.125056	-0.073603	-0.016887	0.919741
	0.000000	0.000000	0.000000	0.000000	1.000000	0.074269	-0.032171	-0.031428	0.007118	0.986844
	0.000000	0.000000	0.000000	0.000000	1.000000	0.102134	-0.054243	-0.034317	-0.015794	0.987287
	0.000000	0.000000	0.000000	0.000000	1.000000	0.041175	0.036800	-0.062295	-0.019051	1.031721
	0.000000	0.000000	0.000000	0.000000	1.000000	0.016695	0.089322	-0.040456	0.034523	0.967773
	0.000000	0.000000	0.000000	0.000000	1.000000	0.041953	0.037848	-0.066019	-0.008740	1.025453
	0.000000	0.000000	0.000000	0.000000	1.000000	0.101369	-0.009287	0.074782	0.115949	0.642600
	0.000000	0.000000	0.000000	0.000000	1.000000	0.061131	0.016513	-0.024995	0.027432	0.934337
	0.000000	0.000000	0.000000	0.000000	1.000000	0.072124	0.050797	-0.030845	-0.023264	0.899492
	0.000000	0.000000	0.000000	0.000000	1.000000	0.076692	-0.044240	-0.025135	0.010445	0.981795
	0.000000	0.000000	0.000000	0.000000	1.000000	0.122826	-0.087189	-0.011256	-0.030331	0.968317
	0.000000	0.000000	0.000000	0.000000	1.000000	0.090166	-0.060523	-0.032560	-0.031905	1.012740
	0.000000	0.000000	0.000000	0.000000	1.000000	0.105221	-0.040374	-0.019202	-0.020692	0.935095
