	1.000000	0.000000	0.000000	0.000000	0.000000	1.000758	-0.040370	0.013069	-0.076921	0.063626
	1.000000	0.000000	0.000000	0.000000	0.000000	0.966695	-0.070903	-0.051938	0.055620	0.055224
	1.000000	0.000000	0.000000	0.000000	0.000000	1.086707	-0.081847	-0.027553	-0.031725	-0.084720
	1.000000	0.000000	0.000000	0.000000	0.000000	1.067382	-0.060242	-0.053194	0.029279	-0.065319
	1.000000	0.000000	0.000000	0.000000	0.000000	0.915931	-0.060707	-0.053311	0.099781	0.067608
	1.000000	0.000000	0.000000	0.000000	0.000000	0.962896	-0.044691	-0.019724	-0.012300	0.078776
	1.000000	0.000000	0.000000	0.000000	0.000000	0.882254	-0.047460	-0.045120	0.121112	0.064053
	1.000000	0.000000	0.000000	0.000000	0.000000	1.026273	-0.046570	-0.042072	0.067312	-0.078149
	1.000000	0.000000	0.000000	0.000000	0.000000	0.957626	-0.047865	-0.004143	-0.074149	0.164154
	1.000000	0.000000	0.000000	0.000000	0.000000	1.004885	-0.053181	-0.049746	0.178335	-0.136945
	1.000000	0.000000	0.000000	0.000000	0.000000	0.954336	-0.032998	-0.003989	-0.061264	0.122282
	1.000000	0.000000	0.000000	0.000000	0.000000	1.021646	-0.063743	-0.008501	-0.052554	-0.003197
	1.000000	0.000000	0.000000	0.000000	0.000000	0.942021	-0.052550	-0.062668	0.158095	-0.034181
	1.000000	0.000000	0.000000	0.000000	0.000000	0.518369	0.179663	0.063878	-0.056658	0.292801
	0.000000	1.000000	0.000000	0.000000	0.000000	0.020207	1.024557	0.011665	-0.053451	-0.019424
	0.000000	1.000000	0.000000	0.000000	0.000000	-0.009452	1.027353	-0.023715	0.039232	-0.041235
	0.000000	1.000000	0.000000	0.000000	0.000000	-0.008446	1.048298	0.016801	-0.050972	-0.011557
	0.000000	1.000000	0.000000	0.000000	0.000000	-0.024340	1.024176	-0.034607	0.065549	-0.025972
	0.000000	1.000000	0.000000	0.000000	0.000000	0.036371	1.048552	0.008290	-0.067642	-0.025208
	0.000000	1.000000	0.000000	0.000000	0.000000	-0.002314	0.985169	-0.039336	0.058684	-0.026280
	0.000000	1.000000	0.000000	0.000000	0.000000	0.010697	0.918336	-0.046151	0.025390	0.060733
	0.000000	1.000000	0.000000	0.000000	0.000000	-0.004922	0.938093	-0.049020	0.115121	-0.021519
	0.000000	1.000000	0.000000	0.000000	0.000000	-0.021712	1.054318	-0.006475	0.045876	-0.070589
	0.000000	1.000000	0.000000	0.000000	0.000000	0.000062	1.025222	-0.025360	0.049508	-0.072722
	0.000000	1.000000	0.000000	0.000000	0.000000	0.034853	1.008634	0.001817	-0.039857	-0.015589
	0.000000	1.000000	0.000000	0.000000	0.000000	0.000815	1.056106	-0.023663	0.025003	-0.070756
	0.000000	1.000000	0.000000	0.000000	0.000000	-0.015261	1.024605	0.013919	-0.022407	-0.009062
	0.000000	1.000000	0.000000	0.000000	0.000000	-0.001465	1.031217	-0.015672	0.000725	-0.018982
	0.000000	1.000000	0.000000	0.000000	0.000000	0.025612	0.994694	-0.030042	-0.022609	0.012560
	0.000000	1.000000	0.000000	0.000000	0.000000	0.001262	1.053804	0.005691	-0.023405	-0.041244
	0.000000	1.000000	0.000000	0.000000	0.000000	0.075531	0.834361	-0.046129	-0.051662	0.131045
	0.000000	1.000000	0.000000	0.000000	0.000000	0.046265	0.940083	-0.050901	-0.021849	0.044470
	0.000000	1.000000	0.000000	0.000000	0.000000	-0.000885	0.998023	0.052181	-0.006429	-0.060465
	0.000000	1.000000	0.000000	0.000000	0.000000	0.034497	0.984851	-0.046745	-0.014670	0.010228
	0.000000	1.000000	0.000000	0.000000	0.000000	0.012694	1.066834	0.055169	-0.073904	-0.056275
	0.000000	1.000000	0.000000	0.000000	0.000000	-0.011132	0.836377	-0.062021	0.085461	0.131289
	0.000000	1.000000	0.000000	0.000000	0.000000	-0.009797	0.835406	-0.039659	0.044812	0.157755
	0.000000	1.000000	0.000000	0.000000	0.000000	0.054856	0.909337	0.124979	-0.150540	0.076175
	0.000000	1.000000	0.000000	0.000000	0.000000	0.021710	1.070258	-0.002321	-0.048621	-0.042840
	0.000000	1.000000	0.000000	0.000000	0.000000	0.106841	1.057682	0.005896	-0.137279	-0.024932
	0.000000	1.000000	0.000000	0.000000	0.000000	0.058706	1.034108	0.062580	-0.111959	-0.034849
	0.000000	1.000000	0.000000	0.000000	0.000000	-0.068593	0.974491	-0.007525	0.115456	-0.027487
	0.000000	1.000000	0.000000	0.000000	0.000000	0.086895	0.900105	0.008344	-0.019116	-0.016143
	0.000000	1.000000	0.000000	0.000000	0.000000	0.031274	0.921696	0.000110	-0.005823	0.001114
	0.000000	1.000000	0.000000	0.000000	0.000000	0.048857	0.994284	0.049492	-0.030656	-0.079138
	0.000000	1.000000	0.000000	0.000000	0.000000	0.077222	0.979547	-0.038216	-0.086172	0.041193
	0.000000	1.000000	0.000000	0.000000	0.000000	-0.025306	1.091649	0.000874	0.013866	-0.066613
	0.000000	1.000000	0.000000	0.000000	0.000000	-0.021844	1.012020	0.032457	0.002975	-0.051124
	0.000000	1.000000	0.000000	0.000000	0.000000	0.079537	0.442557	0.076673	0.278732	-0.016881
	0.000000	1.000000	0.000000	0.000000	0.000000	0.027504	0.985603	-0.032854	-0.027523	0.027026
	0.000000	1.000000	0.000000	0.000000	0.000000	0.010511	1.011258	-0.031210	0.043450	-0.044971
	0.000000	1.000000	0.000000	0.000000	0.000000	0.004894	1.051819	0.013068	-0.029606	-0.050367
	0.000000	1.000000	0.000000	0.000000	0.000000	-0.014563	1.082177	-0.008730	0.012495	-0.064854
	0.000000	0.000000	1.000000	0.000000	0.000000	0.038082	0.050554	1.012709	-0.064642	-0.052404
	0.000000	0.000000	1.000000	0.000000	0.000000	-0.052057	0.102049	0.972150	-0.022169	-0.062140
	0.000000	0.000000	1.000000	0.000000	0.000000	0.009257	0.022570	1.036805	-0.062515	-0.025529
	0.000000	0.000000	1.000000	0.000000	0.000000	-0.006298	0.039955	0.883523	0.085897	-0.028180
	0.000000	0.000000	1.000000	0.000000	0.000000	0.023325	0.010757	1.051756	-0.075186	-0.020385
	0.000000	0.000000	1.000000	0.000000	0.000000	-0.075130	0.002549	0.879552	0.180930	0.008960
	0.000000	0.000000	1.000000	0.000000	0.000000	0.042571	-0.001184	1.027166	-0.062970	-0.011133
	0.000000	0.000000	1.000000	0.000000	0.000000	0.075644	0.023357	0.948119	0.000266	-0.046684
	0.000000	0.000000	1.000000	0.000000	0.000000	0.104384	0.051658	1.027573	-0.122106	-0.047979
	0.000000	0.000000	1.000000	0.000000	0.000000	-0.035855	-0.027371	0.949397	0.093937	0.018143
	0.000000	0.000000	1.000000	0.000000	0.000000	0.066555	0.073777	0.886426	0.014092	-0.062455
	0.000000	0.000000	1.000000	0.000000	0.000000	-0.009253	-0.020578	1.037998	-0.033464	0.014331
	0.000000	0.000000	1.000000	0.000000	0.000000	0.021714	-0.009869	1.015017	-0.075105	0.047829
	0.000000	0.000000	0.000000	1.000000	0.000000	-0.075890	0.076525	-0.019062	1.010905	-0.032571
	0.000000	0.000000	0.000000	1.000000	0.000000	0.220481	0.082200	0.025604	0.728309	-0.073087
	0.000000	0.000000	0.000000	1.000000	0.000000	0.271926	0.141050	-0.044082	0.587737	0.029120
	0.000000	0.000000	0.000000	1.000000	0.000000	-0.106213	0.214014	-0.071370	0.879227	0.108914
	0.000000	0.000000	0.000000	1.000000	0.000000	0.183496	-0.000501	0.044286	0.808166	-0.063433
	0.000000	0.000000	0.000000	1.000000	0.000000	0.151944	0.039104	-0.015907	0.683919	0.046897
	0.000000	0.000000	0.000000	1.000000	0.000000	0.091908	-0.007113	0.128818	0.929289	-0.107630
	0.000000	0.000000	0.000000	1.000000	0.000000	-0.049752	0.303135	-0.086365	0.809888	0.024835
	0.000000	0.000000	0.000000	1.000000	0.000000	-0.026426	0.033097	-0.034143	0.941385	0.039756
	0.000000	0.000000	0.000000	1.000000	0.000000	-0.077776	0.028431	-0.065756	0.865757	0.223071
	0.000000	0.000000	0.000000	1.000000	0.000000	0.220861	0.003344	0.175747	0.859471	-0.151984
	0.000000	0.000000	0.000000	1.000000	0.000000	0.052616	0.008837	0.101601	0.962100	-0.106577
	0.000000	0.000000	0.000000	1.000000	0.000000	0.027492	0.067724	-0.006464	0.941142	-0.064255
	0.000000	0.000000	0.000000	1.000000	0.000000	0.238339	-0.010761	0.154764	0.947785	-0.168630
	0.000000	0.000000	0.000000	1.000000	0.000000	-0.044693	0.025090	-0.004231	1.048136	-0.057687
	0.000000	0.000000	0.000000	1.000000	0.000000	0.074831	0.019039	0.081250	0.984089	-0.121846
	0.000000	0.000000	0.000000	0.000000	1.000000	0.029406	0.001479	0.012733	-0.013062	0.983021
	0.000000	0.000000	0.000000	0.000000	1.000000	0.099034	-0.025868	0.001321	0.021413	0.918862
	0.000000	0.000000	0.000000	0.000000	1.000000	0.093073	0.058884	0.048312	-0.055195	0.881735
	0.000000	0.000000	0.000000	0.000000	1.000000	0.060310	-0.071567	-0.031894	0.117078	0.909930
	0.000000	0.000000	0.000000	0.000000	1.000000	0.154371	0.017094	0.010607	-0.057395	0.881298
	0.000000	0.000000	0.000000	0.000000	1.000000	0.063748	0.104254	-0.002506	-0.096744	0.920712
	0.000000	0.000000	0.000000	0.000000	1.000000	0.007140	0.030189	-0.010429	-0.040049	1.000182
	0.000000	0.000000	0.000000	0.000000	1.000000	0.068062	-0.028082	0.010878	-0.028714	0.986202
	0.000000	0.000000	0.000000	0.000000	1.000000	-0.022055	-0.045988	-0.010908	0.003986	1.071141
	0.000000	0.000000	0.000000	0.000000	1.000000	0.018367	0.071081	-0.031601	-0.027297	0.941072
	0.000000	0.000000	0.000000	0.000000	1.000000	-0.016728	0.002319	-0.022148	0.038109	0.987904
	0.000000	0.000000	0.000000	0.000000	1.000000	-0.002362	-0.020569	-0.007577	-0.019268	1.043136
	0.000000	0.000000	0.000000	0.000000	1.000000	0.029980	0.059357	-0.014215	-0.065630	0.976981
	0.000000	0.000000	0.000000	0.000000	1.000000	0.002208	-0.013886	-0.000774	-0.032762	1.041354
	0.000000	0.000000	0.000000	0.000000	1.000000	0.021676	-0.010320	-0.005605	-0.029275	1.017999
	0.000000	0.000000	0.000000	0.000000	1.000000	0.016681	0.003324	-0.014632	0.017389	0.967768
	0.000000	0.000000	0.000000	0.000000	1.000000	0.010437	0.106864	-0.029692	-0.007455	0.898304
	0.000000	0.000000	0.000000	0.000000	1.000000	0.118901	-0.024995	-0.012220	0.062211	0.846286
	0.000000	0.000000	0.000000	0.000000	1.000000	0.038573	-0.017667	-0.013595	0.091563	0.897140
	0.000000	0.000000	0.000000	0.000000	1.000000	0.046890	0.063737	-0.000481	-0.012067	0.890314
	0.000000	0.000000	0.000000	0.000000	1.000000	0.008041	0.019865	0.008133	-0.054274	1.020811
	0.000000	0.000000	0.000000	0.000000	1.000000	0.021568	-0.041131	0.007253	-0.027324	1.047290
	0.000000	0.000000	0.000000	0.000000	1.000000	0.002485	0.011031	-0.009263	-0.038536	1.026538
	0.000000	0.000000	0.000000	0.000000	1.000000	0.108765	-0.019311	0.017788	-0.046486	0.970757
	0.000000	0.000000	0.000000	0.000000	1.000000	0.022705	-0.003250	0.011639	-0.051282	1.023421
	0.000000	0.000000	0.000000	0.000000	1.000000	-0.011509	-0.026843	0.000794	-0.011678	1.048256
	0.000000	0.000000	0.000000	0.000000	1.000000	0.069959	0.013190	0.023288	-0.087075	0.998751
	0.000000	0.000000	0.000000	0.000000	1.000000	0.036069	0.110954	-0.024698	-0.042183	0.893860
	0.000000	0.000000	0.000000	0.000000	1.000000	0.030139	-0.028284	0.012571	-0.001979	0.997077
	0.000000	0.000000	0.000000	0.000000	1.000000	-0.017611	-0.062314	-0.000547	0.013989	1.050088
	0.000000	0.000000	0.000000	0.000000	1.000000	0.033142	0.000080	0.017360	-0.044705	1.004421
	0.000000	0.000000	0.000000	0.000000	1.000000	-0.003074	-0.066362	-0.007405	0.007403	1.070666
	0.000000	0.000000	0.000000	0.000000	1.000000	-0.013408	-0.014468	-0.021255	-0.000118	1.039734
	0.000000	0.000000	0.000000	0.000000	1.000000	0.023447	0.039037	-0.018112	-0.031783	0.975244
	0.000000	0.000000	0.000000	0.000000	1.000000	0.329084	-0.012253	0.000805	0.037781	0.647307
	0.000000	0.000000	0.000000	0.000000	1.000000	0.058974	0.065556	0.019715	-0.083923	0.953793
	0.000000	0.000000	0.000000	0.000000	1.000000	0.017926	-0.039175	0.006311	-0.022970	1.042150
	0.000000	0.000000	0.000000	0.000000	1.000000	-0.023139	-0.036956	-0.017728	0.005317	1.063827
	0.000000	0.000000	0.000000	0.000000	1.000000	0.030248	0.039838	-0.023471	-0.058925	0.991513
	0.000000	0.000000	0.000000	0.000000	1.000000	0.032489	-0.051062	0.002499	-0.021660	1.045275
	0.000000	0.000000	0.000000	0.000000	1.000000	0.056375	0.152964	-0.018775	-0.060867	0.844834
	0.000000	0.000000	0.000000	0.000000	1.000000	0.038784	0.077813	-0.012189	-0.009522	0.880442
	0.000000	0.000000	0.000000	0.000000	1.000000	-0.020850	-0.039618	-0.006459	0.010296	1.057832
	0.000000	0.000000	0.000000	0.000000	1.000000	0.009857	0.010318	-0.005931	-0.032636	1.014874
	0.000000	0.000000	0.000000	0.000000	1.000000	-0.004860	0.012969	-0.010705	-0.018371	1.016080
	0.000000	0.000000	0.000000	0.000000	1.000000	0.037645	0.021686	0.014132	-0.012935	0.946512
	0.000000	0.000000	0.000000	0.000000	1.000000	0.030170	0.077734	0.007580	-0.072311	0.958569
	0.000000	0.000000	0.000000	0.000000	1.000000	0.065058	-0.009275	0.000776	-0.024751	0.958392
	0.000000	0.000000	0.000000	0.000000	1.000000	-0.007754	0.146119	-0.001331	0.030793	0.837623
	0.000000	0.000000	0.000000	0.000000	1.000000	0.024420	0.062256	-0.016975	-0.033057	0.937965
	0.000000	0.000000	0.000000	0.000000	1.000000	0.015150	0.049831	-0.023886	-0.002652	0.934148
	0.000000	0.000000	0.000000	0.000000	1.000000	0.395403	0.000570	-0.002204	0.155574	0.432587
	0.000000	0.000000	0.000000	0.000000	1.000000	-0.008213	0.056514	0.061627	0.018926	0.860816
	0.000000	0.000000	0.000000	0.000000	1.000000	0.191551	0.014150	0.068591	-0.106955	0.835446
	0.000000	0.000000	0.000000	0.000000	1.000000	0.009714	0.192395	0.026045	-0.063361	0.854079
	0.000000	0.000000	0.000000	0.000000	1.000000	0.061002	-0.010394	0.046957	0.018388	0.842254
	0.000000	0.000000	0.000000	0.000000	1.000000	-0.034921	0.028018	0.015654	0.090496	0.936028
	0.000000	0.000000	0.000000	0.000000	1.000000	-0.000332	0.002264	-0.007063	-0.037048	1.035256
	0.000000	0.000000	0.000000	0.000000	1.000000	0.074122	-0.039077	0.044710	-0.065353	0.976336
	0.000000	0.000000	0.000000	0.000000	1.000000	0.076748	0.017883	0.026205	-0.110057	1.010313
	0.000000	0.000000	0.000000	0.000000	1.000000	0.236698	0.029395	0.047748	-0.093111	0.827733
	0.000000	0.000000	0.000000	0.000000	1.000000	0.003847	0.030679	-0.010494	-0.021464	0.991848
	0.000000	0.000000	0.000000	0.000000	1.000000	0.104733	-0.018959	0.043371	-0.121584	1.030818
	0.000000	0.000000	0.000000	0.000000	1.000000	0.111910	-0.033996	0.035906	-0.106740	1.028797
	0.000000	0.000000	0.000000	0.000000	1.000000	0.052278	0.096620	0.049182	0.078625	0.638178
	1.000000	0.000000	0.000000	0.000000	0.000000	0.619952	-0.062051	-0.070175	0.254368	0.212937
	1.000000	0.000000	0.000000	0.000000	0.000000	0.612694	-0.061080	-0.030078	0.058001	0.315222
	1.000000	0.000000	0.000000	0.000000	0.000000	0.750578	-0.046115	-0.051409	0.158238	0.159223
	1.000000	0.000000	0.000000	0.000000	0.000000	0.971059	-0.039080	0.018567	-0.116069	0.212117
	1.000000	0.000000	0.000000	0.000000	0.000000	0.823038	-0.071306	-0.068724	0.191494	0.057215
	1.000000	0.000000	0.000000	0.000000	0.000000	0.898000	-0.054729	-0.034874	0.036549	0.132943
	1.000000	0.000000	0.000000	0.000000	0.000000	0.885929	-0.069250	-0.053748	0.105535	0.089256
	1.000000	0.000000	0.000000	0.000000	0.000000	0.871911	-0.007271	-0.033171	0.215770	-0.051069
	1.000000	0.000000	0.000000	0.000000	0.000000	0.897957	-0.042281	-0.061425	0.188289	-0.015373
	1.000000	0.000000	0.000000	0.000000	0.000000	0.412846	-0.040821	-0.019138	0.051446	0.610313
	1.000000	0.000000	0.000000	0.000000	0.000000	0.322347	0.451119	0.006673	0.247388	-0.060875
	1.000000	0.000000	0.000000	0.000000	0.000000	0.697058	-0.062390	-0.018506	0.002326	0.405213
	1.000000	0.000000	0.000000	0.000000	0.000000	0.451100	-0.035101	0.028015	-0.093600	0.672036
	1.000000	0.000000	0.000000	0.000000	0.000000	0.481147	0.009193	0.048368	-0.043911	0.552716
	1.000000	0.000000	0.000000	0.000000	0.000000	0.769496	-0.059217	-0.029630	0.098451	0.103350
	1.000000	0.000000	0.000000	0.000000	0.000000	0.682348	-0.052011	0.016306	0.241544	-0.006514
	0.000000	1.000000	0.000000	0.000000	0.000000	0.021327	1.048627	0.014640	0.007274	-0.107268
	0.000000	1.000000	0.000000	0.000000	0.000000	0.013413	0.918887	-0.081754	0.072964	0.035689
	0.000000	1.000000	0.000000	0.000000	0.000000	0.075651	0.911865	0.138522	-0.001036	-0.168556
	0.000000	1.000000	0.000000	0.000000	0.000000	-0.008277	0.974932	0.028429	0.042628	-0.103268
	0.000000	1.000000	0.000000	0.000000	0.000000	-0.006012	0.972725	-0.064922	0.081164	-0.003830
	0.000000	1.000000	0.000000	0.000000	0.000000	0.153010	0.748304	0.062390	-0.113691	0.157086
	0.000000	1.000000	0.000000	0.000000	0.000000	0.052796	0.672661	-0.058753	0.031807	0.210413
	0.000000	1.000000	0.000000	0.000000	0.000000	-0.068401	0.612626	-0.095584	0.234060	0.332428
	0.000000	1.000000	0.000000	0.000000	0.000000	0.012067	1.028075	-0.025501	0.000577	-0.027493
	0.000000	1.000000	0.000000	0.000000	0.000000	0.005778	1.043979	-0.021817	-0.001685	-0.036069
	0.000000	1.000000	0.000000	0.000000	0.000000	0.047818	1.053412	0.046007	-0.093443	-0.047813
	0.000000	1.000000	0.000000	0.000000	0.000000	0.071951	0.929323	-0.057389	-0.055813	0.067620
	0.000000	1.000000	0.000000	0.000000	0.000000	0.009805	1.004196	-0.047481	0.026301	-0.013169
	0.000000	1.000000	0.000000	0.000000	0.000000	0.023265	0.982095	-0.044743	0.005168	0.008273
	0.000000	1.000000	0.000000	0.000000	0.000000	-0.143712	0.918832	-0.079818	0.463985	-0.049694
	0.000000	1.000000	0.000000	0.000000	0.000000	-0.095773	0.771707	0.364360	-0.155561	0.192629
	0.000000	1.000000	0.000000	0.000000	0.000000	0.011694	1.035666	-0.021817	-0.002467	-0.033958
	0.000000	1.000000	0.000000	0.000000	0.000000	-0.000703	1.039547	0.024539	-0.072052	0.000560
	0.000000	1.000000	0.000000	0.000000	0.000000	-0.027246	1.079815	0.009087	0.015552	-0.074080
	0.000000	1.000000	0.000000	0.000000	0.000000	0.243856	0.939513	0.004622	-0.103816	-0.063766
	0.000000	1.000000	0.000000	0.000000	0.000000	0.003093	1.038947	-0.027705	0.018436	-0.046649
	0.000000	1.000000	0.000000	0.000000	0.000000	0.064744	0.943214	-0.039324	-0.056927	0.053373
	0.000000	1.000000	0.000000	0.000000	0.000000	-0.005757	1.033669	0.019682	-0.063243	0.004697
	0.000000	1.000000	0.000000	0.000000	0.000000	0.001777	1.020483	-0.011022	-0.009797	-0.003520
	0.000000	1.000000	0.000000	0.000000	0.000000	-0.003587	1.071429	-0.005461	0.011714	-0.071764
	0.000000	1.000000	0.000000	0.000000	0.000000	-0.025402	0.862799	-0.060613	0.092534	0.124642
	0.000000	1.000000	0.000000	0.000000	0.000000	0.073631	0.985393	-0.004153	-0.124570	0.052762
	0.000000	1.000000	0.000000	0.000000	0.000000	0.031630	0.967845	-0.026534	-0.001879	0.010368
	0.000000	1.000000	0.000000	0.000000	0.000000	0.002825	1.047494	-0.020583	-0.003035	-0.032308
	0.000000	1.000000	0.000000	0.000000	0.000000	0.015296	0.918036	-0.021714	0.003222	0.058041
	0.000000	1.000000	0.000000	0.000000	0.000000	-0.058525	0.886779	-0.072361	0.270365	-0.021649
	0.000000	1.000000	0.000000	0.000000	0.000000	-0.028333	0.880558	-0.027235	0.140010	-0.003234
	0.000000	1.000000	0.000000	0.000000	0.000000	0.001217	1.043510	0.003360	-0.017840	-0.042312
	0.000000	1.000000	0.000000	0.000000	0.000000	-0.012983	1.086758	-0.000736	0.004948	-0.074895
	0.000000	1.000000	0.000000	0.000000	0.000000	-0.149361	0.742629	0.364133	-0.088834	0.139775
	0.000000	0.000000	1.000000	0.000000	0.000000	-0.065839	-0.008276	0.973331	-0.020722	0.117492
	0.000000	0.000000	1.000000	0.000000	0.000000	0.042237	-0.024859	0.954347	0.047515	-0.026004
	0.000000	0.000000	1.000000	0.000000	0.000000	0.069977	0.068083	1.044611	-0.133242	-0.052188
	0.000000	0.000000	1.000000	0.000000	0.000000	0.076936	0.068426	0.890744	-0.020326	-0.041327
	0.000000	0.000000	1.000000	0.000000	0.000000	-0.077198	0.090347	0.916145	0.040584	-0.025269
	0.000000	0.000000	1.000000	0.000000	0.000000	0.078273	0.062353	0.928047	0.006065	-0.080036
	0.000000	0.000000	1.000000	0.000000	0.000000	-0.002120	0.017246	0.570771	0.475795	-0.052209
	0.000000	0.000000	1.000000	0.000000	0.000000	-0.011531	0.088170	0.986199	-0.014687	-0.087123
	0.000000	0.000000	1.000000	0.000000	0.000000	0.026194	-0.021131	1.028096	-0.048565	0.002997
	0.000000	0.000000	1.000000	0.000000	0.000000	0.066812	0.000061	0.851480	0.127834	-0.046620
	0.000000	0.000000	1.000000	0.000000	0.000000	0.306970	0.126846	0.840669	-0.084806	-0.106957
	0.000000	0.000000	1.000000	0.000000	0.000000	0.089987	-0.035362	0.838545	0.142107	-0.036047
	0.000000	0.000000	1.000000	0.000000	0.000000	0.059609	0.015932	1.055393	-0.111372	-0.023701
	0.000000	0.000000	1.000000	0.000000	0.000000	-0.255113	0.199123	0.121550	0.871584	0.200317
	0.000000	0.000000	1.000000	0.000000	0.000000	-0.000900	-0.013187	1.020877	-0.036097	0.018601
	0.000000	0.000000	1.000000	0.000000	0.000000	0.082440	0.078324	1.040110	-0.147006	-0.042818
	0.000000	0.000000	0.000000	1.000000	0.000000	0.251378	0.072528	0.224564	0.700546	-0.160974
	0.000000	0.000000	0.000000	1.000000	0.000000	0.092296	-0.022499	-0.019400	0.584236	0.237734
	0.000000	0.000000	0.000000	1.000000	0.000000	-0.191838	0.170920	-0.076315	0.957491	0.209707
	0.000000	0.000000	0.000000	1.000000	0.000000	-0.115290	0.093096	-0.045396	1.039027	-0.015915
	0.000000	0.000000	0.000000	1.000000	0.000000	0.156210	-0.030606	0.051459	0.851661	-0.059603
	0.000000	0.000000	0.000000	1.000000	0.000000	-0.068062	0.046631	-0.068442	0.914415	0.133166
	0.000000	0.000000	0.000000	1.000000	0.000000	0.197914	0.034712	-0.016866	0.767259	-0.033228
	0.000000	0.000000	0.000000	1.000000	0.000000	0.180800	0.027217	0.100927	0.886330	-0.135792
	0.000000	0.000000	0.000000	1.000000	0.000000	-0.095478	0.012571	0.086100	0.999164	-0.020850
	0.000000	0.000000	0.000000	1.000000	0.000000	-0.094929	0.065511	-0.057803	1.022279	0.022192
	0.000000	0.000000	0.000000	1.000000	0.000000	0.206943	0.010143	0.243519	0.802068	-0.150668
	0.000000	0.000000	0.000000	1.000000	0.000000	0.052406	-0.004756	0.101407	0.978106	-0.100594
	0.000000	0.000000	0.000000	1.000000	0.000000	-0.172010	0.026529	0.027707	1.088803	0.011471
	0.000000	0.000000	0.000000	1.000000	0.000000	0.077528	-0.060364	0.539973	0.635476	-0.095244
	0.000000	0.000000	0.000000	1.000000	0.000000	0.109349	0.053581	0.315360	0.664215	-0.109361
	0.000000	0.000000	0.000000	0.000000	1.000000	0.069751	-0.009285	0.020327	-0.031545	0.976747
	0.000000	0.000000	0.000000	0.000000	1.000000	-0.011745	0.009342	0.003289	0.069008	0.955402
	0.000000	0.000000	0.000000	0.000000	1.000000	-0.003074	-0.007193	-0.002362	-0.020831	1.030704
	0.000000	0.000000	0.000000	0.000000	1.000000	0.066740	0.019128	0.015244	-0.089267	0.996395
	0.000000	0.000000	0.000000	0.000000	1.000000	0.077075	0.068430	0.003274	-0.042280	0.882211
	0.000000	0.000000	0.000000	0.000000	1.000000	0.065612	-0.051385	0.017077	-0.057133	1.045025
	0.000000	0.000000	0.000000	0.000000	1.000000	0.013350	-0.006386	-0.019395	0.106523	0.897436
	0.000000	0.000000	0.000000	0.000000	1.000000	0.033178	0.007052	0.004267	-0.048457	1.008306
	0.000000	0.000000	0.000000	0.000000	1.000000	0.238426	0.007124	0.061514	-0.114336	0.877844
	0.000000	0.000000	0.000000	0.000000	1.000000	0.546588	-0.057347	-0.032263	0.084857	0.400715
	0.000000	0.000000	0.000000	0.000000	1.000000	0.005751	0.023958	-0.018839	-0.021815	0.995880
	0.000000	0.000000	0.000000	0.000000	1.000000	0.035001	-0.011368	0.042384	-0.077820	1.036880
	0.000000	0.000000	0.000000	0.000000	1.000000	0.015759	0.022669	-0.005468	-0.053271	1.010228
	0.000000	0.000000	0.000000	0.000000	1.000000	-0.017226	-0.068168	-0.009836	0.020265	1.079441
	0.000000	0.000000	0.000000	0.000000	1.000000	0.031584	0.036992	-0.008004	-0.055446	0.983197
	0.000000	0.000000	0.000000	0.000000	1.000000	0.021356	-0.077013	-0.037346	0.129756	0.963206
	0.000000	0.000000	0.000000	0.000000	1.000000	0.040174	-0.010247	0.016220	-0.018546	0.986817
	0.000000	0.000000	0.000000	0.000000	1.000000	-0.044195	0.099031	-0.020514	0.075607	0.894782
	0.000000	0.000000	0.000000	0.000000	1.000000	0.035564	0.040958	0.015991	-0.097198	1.008489
	0.000000	0.000000	0.000000	0.000000	1.000000	0.002795	-0.004421	-0.024013	0.117099	0.896956
	0.000000	0.000000	0.000000	0.000000	1.000000	0.054160	-0.016619	-0.002385	-0.045696	1.011122
	0.000000	0.000000	0.000000	0.000000	1.000000	0.012049	-0.007116	-0.002262	-0.058697	1.046413
	0.000000	0.000000	0.000000	0.000000	1.000000	0.138391	0.012573	0.048817	-0.134591	0.992801
	0.000000	0.000000	0.000000	0.000000	1.000000	0.070021	-0.024448	0.007326	-0.006321	0.969957
	0.000000	0.000000	0.000000	0.000000	1.000000	0.034517	0.027167	0.008281	-0.081854	1.013036
	0.000000	0.000000	0.000000	0.000000	1.000000	0.061951	-0.012687	0.031681	-0.109215	1.040105
	0.000000	0.000000	0.000000	0.000000	1.000000	0.037601	-0.037011	0.021598	-0.069741	1.059774
	0.000000	0.000000	0.000000	0.000000	1.000000	0.177932	-0.026442	-0.021306	0.104646	0.737028
	0.000000	0.000000	0.000000	0.000000	1.000000	0.037713	-0.061678	0.009923	-0.042394	1.063713
	0.000000	0.000000	0.000000	0.000000	1.000000	-0.007206	-0.031010	-0.004657	-0.009121	1.052301
	0.000000	0.000000	0.000000	0.000000	1.000000	-0.031966	-0.064884	-0.019284	0.072630	1.057498
	0.000000	0.000000	0.000000	0.000000	1.000000	0.023017	0.005385	-0.019488	-0.012765	0.992455
	0.000000	0.000000	0.000000	0.000000	1.000000	0.016102	-0.028026	0.000868	-0.047689	1.058743
	0.000000	0.000000	0.000000	0.000000	1.000000	-0.009312	-0.009590	-0.014145	-0.022809	1.043923
	0.000000	0.000000	0.000000	0.000000	1.000000	0.087631	-0.037467	0.010725	-0.010956	0.969844
	0.000000	0.000000	0.000000	0.000000	1.000000	0.032030	0.150119	-0.025429	-0.032218	0.845643
	0.000000	0.000000	0.000000	0.000000	1.000000	0.057732	0.059424	0.015837	-0.108281	0.984738
	0.000000	0.000000	0.000000	0.000000	1.000000	0.040699	0.170042	-0.018657	-0.054729	0.841749
	0.000000	0.000000	0.000000	0.000000	1.000000	0.025249	0.112472	-0.018010	-0.051775	0.915773
	0.000000	0.000000	0.000000	0.000000	1.000000	0.031546	0.048015	0.009816	-0.046847	0.955347
	0.000000	0.000000	0.000000	0.000000	1.000000	0.052842	0.118200	-0.041195	-0.072410	0.910634
	0.000000	0.000000	0.000000	0.000000	1.000000	0.015606	0.060975	-0.009559	-0.011796	0.937722
	0.000000	0.000000	0.000000	0.000000	1.000000	0.015883	-0.061370	-0.010892	0.019645	1.040586
	0.000000	0.000000	0.000000	0.000000	1.000000	0.101130	0.022854	0.027116	-0.091959	0.963685
	0.000000	0.000000	0.000000	0.000000	1.000000	-0.032986	-0.015364	-0.002298	0.014634	1.045262
	0.000000	0.000000	0.000000	0.000000	1.000000	0.029325	0.023529	0.015417	-0.095568	1.029356
	0.000000	0.000000	0.000000	0.000000	1.000000	0.018833	-0.031438	-0.002747	-0.019529	1.037770
	0.000000	0.000000	0.000000	0.000000	1.000000	0.015253	0.029426	-0.000282	-0.021801	0.972688
	0.000000	0.000000	0.000000	0.000000	1.000000	0.075776	0.116715	-0.001854	-0.116561	0.928432
	0.000000	0.000000	0.000000	0.000000	1.000000	0.003388	-0.030259	0.004531	-0.005767	1.031709
	0.000000	0.000000	0.000000	0.000000	1.000000	0.103783	-0.016612	0.032279	-0.105595	1.022025
	0.000000	0.000000	0.000000	0.000000	1.000000	-0.004658	0.022475	-0.008210	-0.037500	1.018818
	0.000000	0.000000	0.000000	0.000000	1.000000	0.043116	0.026518	-0.009484	-0.049395	0.966829
	0.000000	0.000000	0.000000	0.000000	1.000000	0.010644	0.001671	-0.007540	-0.040888	1.025436
	0.000000	0.000000	0.000000	0.000000	1.000000	-0.044139	-0.004757	0.048475	0.037300	0.975524
	0.000000	0.000000	0.000000	0.000000	1.000000	0.024714	0.005013	-0.001487	-0.012213	0.979880
	0.000000	0.000000	0.000000	0.000000	1.000000	0.062821	0.047630	0.014456	-0.090885	0.976305
	0.000000	0.000000	0.000000	0.000000	1.000000	0.022780	-0.046269	0.001124	-0.003640	1.027860
	0.000000	0.000000	0.000000	0.000000	1.000000	0.199618	-0.010364	0.077917	-0.172082	1.013286
	0.000000	0.000000	0.000000	0.000000	1.000000	0.091590	-0.021806	0.033925	-0.111994	1.040012
	0.000000	0.000000	0.000000	0.000000	1.000000	0.060025	-0.020897	0.020733	-0.066452	1.023730
