	1.000000	0.000000	0.000000	0.000000	0.000000	0.834388	-0.105197	0.027039	-0.031973	0.195787
	1.000000	0.000000	0.000000	0.000000	0.000000	0.853434	-0.127830	-0.045590	0.101720	0.154965
	1.000000	0.000000	0.000000	0.000000	0.000000	0.993419	-0.159369	-0.020674	0.022196	-0.003834
	1.000000	0.000000	0.000000	0.000000	0.000000	0.960303	-0.129335	-0.039255	0.079130	0.026498
	1.000000	0.000000	0.000000	0.000000	0.000000	0.810776	-0.113850	-0.042271	0.124218	0.169965
	1.000000	0.000000	0.000000	0.000000	0.000000	0.833615	-0.110443	-0.008097	0.029963	0.186822
	1.000000	0.000000	0.000000	0.000000	0.000000	0.765138	-0.100812	-0.041387	0.174578	0.150684
	1.000000	0.000000	0.000000	0.000000	0.000000	0.912591	-0.120220	-0.035849	0.133664	0.007218
	1.000000	0.000000	0.000000	0.000000	0.000000	0.784844	-0.117547	-0.010171	-0.010699	0.311960
	1.000000	0.000000	0.000000	0.000000	0.000000	0.891484	-0.121827	-0.048687	0.290635	-0.076966
	1.000000	0.000000	0.000000	0.000000	0.000000	0.816466	-0.102304	0.006137	-0.019921	0.250717
	1.000000	0.000000	0.000000	0.000000	0.000000	0.904340	-0.139566	-0.006377	0.020932	0.083487
	1.000000	0.000000	0.000000	0.000000	0.000000	0.831367	-0.106366	-0.049141	0.207800	0.044946
	1.000000	0.000000	0.000000	0.000000	0.000000	0.247156	0.129859	0.082432	-0.008519	0.460665
	0.000000	1.000000	0.000000	0.000000	0.000000	-0.015087	1.012256	0.016919	-0.046104	0.005782
	0.000000	1.000000	0.000000	0.000000	0.000000	-0.029207	1.034920	-0.029240	0.060347	-0.038708
	0.000000	1.000000	0.000000	0.000000	0.000000	-0.032474	1.039944	0.013903	-0.037706	0.011470
	0.000000	1.000000	0.000000	0.000000	0.000000	-0.043074	1.032280	-0.033985	0.085767	-0.014341
	0.000000	1.000000	0.000000	0.000000	0.000000	0.029587	1.045006	0.009775	-0.085569	-0.020915
	0.000000	1.000000	0.000000	0.000000	0.000000	-0.033494	0.987242	-0.044536	0.097283	-0.010673
	0.000000	1.000000	0.000000	0.000000	0.000000	-0.023704	0.912684	-0.046952	0.062492	0.093726
	0.000000	1.000000	0.000000	0.000000	0.000000	-0.030789	0.941242	-0.047471	0.141973	-0.008419
	0.000000	1.000000	0.000000	0.000000	0.000000	-0.033937	1.068886	-0.002039	0.037653	-0.074727
	0.000000	1.000000	0.000000	0.000000	0.000000	-0.035088	1.032328	-0.032772	0.088267	-0.065893
	0.000000	1.000000	0.000000	0.000000	0.000000	-0.012204	0.975571	0.019867	-0.014381	0.023873
	0.000000	1.000000	0.000000	0.000000	0.000000	-0.032007	1.065648	-0.041839	0.077413	-0.070304
	0.000000	1.000000	0.000000	0.000000	0.000000	-0.055810	1.012348	0.021674	0.010363	0.018320
	0.000000	1.000000	0.000000	0.000000	0.000000	-0.010870	1.037286	-0.024939	0.003601	-0.014346
	0.000000	1.000000	0.000000	0.000000	0.000000	0.007367	0.997053	-0.037601	-0.008818	0.023323
	0.000000	1.000000	0.000000	0.000000	0.000000	-0.013676	1.060021	0.002462	-0.026603	-0.039485
	0.000000	1.000000	0.000000	0.000000	0.000000	0.026098	0.825413	-0.054121	-0.003976	0.156666
	0.000000	1.000000	0.000000	0.000000	0.000000	0.015226	0.936422	-0.067881	0.024577	0.059925
	0.000000	1.000000	0.000000	0.000000	0.000000	-0.022957	0.989478	0.078342	-0.031072	-0.042684
	0.000000	1.000000	0.000000	0.000000	0.000000	0.008684	0.980673	-0.065708	0.027938	0.026827
	0.000000	1.000000	0.000000	0.000000	0.000000	-0.001226	1.061606	0.070671	-0.098435	-0.053787
	0.000000	1.000000	0.000000	0.000000	0.000000	-0.011546	0.867015	-0.063552	0.076355	0.129306
	0.000000	1.000000	0.000000	0.000000	0.000000	-0.032800	0.822396	-0.027162	0.055355	0.207150
	0.000000	1.000000	0.000000	0.000000	0.000000	-0.017408	0.865490	0.163209	-0.159318	0.142686
	0.000000	1.000000	0.000000	0.000000	0.000000	0.011305	1.079044	-0.010012	-0.051707	-0.044567
	0.000000	1.000000	0.000000	0.000000	0.000000	0.110890	1.021843	-0.016021	-0.149372	0.003149
	0.000000	1.000000	0.000000	0.000000	0.000000	0.030229	1.010853	0.079125	-0.134900	-0.013130
	0.000000	1.000000	0.000000	0.000000	0.000000	-0.119700	0.954955	0.011496	0.198282	0.015657
	0.000000	1.000000	0.000000	0.000000	0.000000	0.019270	0.845764	0.010660	0.030483	0.026471
	0.000000	1.000000	0.000000	0.000000	0.000000	-0.019428	0.915970	0.003663	0.015204	0.030357
	0.000000	1.000000	0.000000	0.000000	0.000000	0.004727	0.989706	0.062405	-0.052424	-0.056233
	0.000000	1.000000	0.000000	0.000000	0.000000	0.061060	0.973491	-0.056671	-0.071229	0.059332
	0.000000	1.000000	0.000000	0.000000	0.000000	-0.040847	1.112761	-0.003966	0.024927	-0.076243
	0.000000	1.000000	0.000000	0.000000	0.000000	-0.053873	1.007214	0.049678	0.004800	-0.031638
	0.000000	1.000000	0.000000	0.000000	0.000000	-0.096099	0.257258	0.156916	0.432233	0.220473
	0.000000	1.000000	0.000000	0.000000	0.000000	-0.011646	0.976144	-0.025043	-0.000251	0.065115
	0.000000	1.000000	0.000000	0.000000	0.000000	0.001932	1.022933	-0.038634	0.055563	-0.056148
	0.000000	1.000000	0.000000	0.000000	0.000000	-0.014842	1.056458	0.011656	-0.029732	-0.049241
	0.000000	1.000000	0.000000	0.000000	0.000000	-0.034297	1.096289	-0.023976	0.043790	-0.069717
	0.000000	0.000000	1.000000	0.000000	0.000000	0.001122	0.030728	1.010333	-0.042369	-0.055137
	0.000000	0.000000	1.000000	0.000000	0.000000	-0.119966	0.060011	0.991908	0.035350	-0.004400
	0.000000	0.000000	1.000000	0.000000	0.000000	-0.016601	0.012504	1.036626	-0.043291	-0.043667
	0.000000	0.000000	1.000000	0.000000	0.000000	-0.056472	0.047303	0.875379	0.100181	-0.004609
	0.000000	0.000000	1.000000	0.000000	0.000000	-0.001569	-0.002132	1.045250	-0.043801	-0.048196
	0.000000	0.000000	1.000000	0.000000	0.000000	-0.125376	0.023962	0.859998	0.228774	0.035155
	0.000000	0.000000	1.000000	0.000000	0.000000	0.040334	-0.004282	1.018784	-0.061175	-0.048888
	0.000000	0.000000	1.000000	0.000000	0.000000	0.070188	0.026003	0.922044	0.025954	-0.078685
	0.000000	0.000000	1.000000	0.000000	0.000000	0.077913	0.021833	1.022626	-0.111673	-0.060341
	0.000000	0.000000	1.000000	0.000000	0.000000	-0.066072	-0.010732	0.935356	0.113360	0.008823
	0.000000	0.000000	1.000000	0.000000	0.000000	0.061728	0.077385	0.852024	0.027845	-0.072763
	0.000000	0.000000	1.000000	0.000000	0.000000	-0.004726	-0.013781	1.035964	-0.040587	-0.031407
	0.000000	0.000000	1.000000	0.000000	0.000000	0.016692	-0.013007	1.025988	-0.101095	0.026798
	0.000000	0.000000	0.000000	1.000000	0.000000	-0.101696	0.112657	0.017636	0.950580	0.053319
	0.000000	0.000000	0.000000	1.000000	0.000000	0.058748	0.074586	0.060967	0.724471	0.037775
	0.000000	0.000000	0.000000	1.000000	0.000000	0.245225	0.145203	-0.009095	0.509805	0.074539
	0.000000	0.000000	0.000000	1.000000	0.000000	-0.104101	0.262825	-0.023628	0.766226	0.175141
	0.000000	0.000000	0.000000	1.000000	0.000000	0.131194	0.029207	0.081053	0.720595	-0.006389
	0.000000	0.000000	0.000000	1.000000	0.000000	0.187475	0.033691	0.035779	0.568808	0.070709
	0.000000	0.000000	0.000000	1.000000	0.000000	0.133238	0.034517	0.133094	0.878482	-0.104190
	0.000000	0.000000	0.000000	1.000000	0.000000	-0.080838	0.333113	-0.041391	0.720717	0.123690
	0.000000	0.000000	0.000000	1.000000	0.000000	-0.038691	0.098397	0.018593	0.827593	0.086794
	0.000000	0.000000	0.000000	1.000000	0.000000	-0.092368	0.079338	-0.028250	0.739594	0.321290
	0.000000	0.000000	0.000000	1.000000	0.000000	0.244114	0.043305	0.140967	0.852205	-0.148154
	0.000000	0.000000	0.000000	1.000000	0.000000	0.069149	0.057555	0.102489	0.904262	-0.084483
	0.000000	0.000000	0.000000	1.000000	0.000000	-0.036022	0.091305	0.016991	0.908272	0.023552
	0.000000	0.000000	0.000000	1.000000	0.000000	0.332973	0.043890	0.091808	0.928973	-0.178939
	0.000000	0.000000	0.000000	1.000000	0.000000	-0.033487	0.099422	0.010182	0.977030	-0.027070
	0.000000	0.000000	0.000000	1.000000	0.000000	0.091190	0.069470	0.080494	0.931871	-0.101354
	0.000000	0.000000	0.000000	0.000000	1.000000	0.012562	0.009336	0.019951	-0.028453	0.999474
	0.000000	0.000000	0.000000	0.000000	1.000000	0.063465	-0.020236	-0.001206	0.018659	0.939178
	0.000000	0.000000	0.000000	0.000000	1.000000	0.030548	0.050202	0.063463	-0.049536	0.923180
	0.000000	0.000000	0.000000	0.000000	1.000000	0.051831	-0.066234	-0.038948	0.129965	0.907207
	0.000000	0.000000	0.000000	0.000000	1.000000	0.099831	0.001660	-0.000271	-0.014857	0.897787
	0.000000	0.000000	0.000000	0.000000	1.000000	0.014249	0.076527	0.010625	-0.075756	0.974506
	0.000000	0.000000	0.000000	0.000000	1.000000	-0.012647	0.018036	0.001343	-0.034381	1.037042
	0.000000	0.000000	0.000000	0.000000	1.000000	0.024009	-0.027891	0.005934	-0.019931	1.016522
	0.000000	0.000000	0.000000	0.000000	1.000000	-0.020800	-0.035570	-0.018859	-0.000787	1.083007
	0.000000	0.000000	0.000000	0.000000	1.000000	-0.010817	0.065268	-0.035828	0.006133	0.978634
	0.000000	0.000000	0.000000	0.000000	1.000000	-0.036450	0.018332	-0.027791	0.057388	1.006574
	0.000000	0.000000	0.000000	0.000000	1.000000	-0.009935	-0.011214	-0.015059	-0.022184	1.059237
	0.000000	0.000000	0.000000	0.000000	1.000000	0.032347	0.066759	-0.016118	-0.073618	0.987771
	0.000000	0.000000	0.000000	0.000000	1.000000	-0.004443	-0.006335	-0.003919	-0.038621	1.055831
	0.000000	0.000000	0.000000	0.000000	1.000000	0.014059	-0.002244	-0.011803	-0.029684	1.027075
	0.000000	0.000000	0.000000	0.000000	1.000000	0.008726	0.015850	-0.017693	0.022533	0.972538
	0.000000	0.000000	0.000000	0.000000	1.000000	-0.005946	0.117882	-0.027120	0.002475	0.919676
	0.000000	0.000000	0.000000	0.000000	1.000000	0.053296	-0.016392	-0.017076	0.083980	0.879158
	0.000000	0.000000	0.000000	0.000000	1.000000	0.004966	0.000513	-0.013236	0.100966	0.910960
	0.000000	0.000000	0.000000	0.000000	1.000000	0.011831	0.064609	0.007864	-0.009114	0.922465
	0.000000	0.000000	0.000000	0.000000	1.000000	0.010907	0.031032	0.023597	-0.082563	1.031719
	0.000000	0.000000	0.000000	0.000000	1.000000	0.025226	-0.031571	0.013312	-0.048877	1.050905
	0.000000	0.000000	0.000000	0.000000	1.000000	0.016375	0.030654	-0.010029	-0.065282	1.028990
	0.000000	0.000000	0.000000	0.000000	1.000000	0.091114	-0.020152	0.014997	-0.057380	0.983189
	0.000000	0.000000	0.000000	0.000000	1.000000	0.010455	-0.001917	0.011169	-0.052181	1.037852
	0.000000	0.000000	0.000000	0.000000	1.000000	-0.015707	-0.018046	-0.001797	-0.011350	1.057542
	0.000000	0.000000	0.000000	0.000000	1.000000	0.036685	-0.003699	0.022749	-0.079966	1.030845
	0.000000	0.000000	0.000000	0.000000	1.000000	0.014990	0.118814	-0.028812	-0.029402	0.913526
	0.000000	0.000000	0.000000	0.000000	1.000000	0.023449	-0.021977	0.021030	-0.016090	1.003920
	0.000000	0.000000	0.000000	0.000000	1.000000	-0.030892	-0.055289	-0.005415	0.037082	1.050216
	0.000000	0.000000	0.000000	0.000000	1.000000	0.019912	0.004637	0.024771	-0.058635	1.018220
	0.000000	0.000000	0.000000	0.000000	1.000000	-0.002865	-0.057097	-0.015724	0.000266	1.078158
	0.000000	0.000000	0.000000	0.000000	1.000000	-0.016710	-0.006422	-0.026026	-0.000444	1.059090
	0.000000	0.000000	0.000000	0.000000	1.000000	0.019805	0.048473	-0.020470	-0.036803	0.988121
	0.000000	0.000000	0.000000	0.000000	1.000000	0.256271	-0.025079	-0.000572	0.064291	0.677513
	0.000000	0.000000	0.000000	0.000000	1.000000	0.049753	0.077350	0.029849	-0.107017	0.961145
	0.000000	0.000000	0.000000	0.000000	1.000000	0.008673	-0.032646	0.001451	-0.031272	1.055124
	0.000000	0.000000	0.000000	0.000000	1.000000	-0.024934	-0.029372	-0.023973	0.007099	1.080217
	0.000000	0.000000	0.000000	0.000000	1.000000	0.017373	0.026327	-0.017910	-0.057265	1.028496
	0.000000	0.000000	0.000000	0.000000	1.000000	0.018411	-0.047602	-0.006445	-0.026100	1.061381
	0.000000	0.000000	0.000000	0.000000	1.000000	0.032788	0.162592	-0.022180	-0.051826	0.859386
	0.000000	0.000000	0.000000	0.000000	1.000000	0.007379	0.100856	-0.015969	0.002756	0.889322
	0.000000	0.000000	0.000000	0.000000	1.000000	-0.018841	-0.027297	-0.011631	0.002455	1.066236
	0.000000	0.000000	0.000000	0.000000	1.000000	-0.003454	0.011294	-0.000575	-0.036464	1.040791
	0.000000	0.000000	0.000000	0.000000	1.000000	0.005279	0.031343	-0.008290	-0.039908	1.019361
	0.000000	0.000000	0.000000	0.000000	1.000000	0.008600	0.030080	0.022421	-0.020917	0.967422
	0.000000	0.000000	0.000000	0.000000	1.000000	0.014932	0.076280	0.015602	-0.081506	0.983891
	0.000000	0.000000	0.000000	0.000000	1.000000	0.026284	-0.016438	-0.002538	0.007506	0.977696
	0.000000	0.000000	0.000000	0.000000	1.000000	-0.018215	0.176155	0.011168	0.021115	0.837112
	0.000000	0.000000	0.000000	0.000000	1.000000	-0.019204	0.059948	-0.020232	0.004277	0.977355
	0.000000	0.000000	0.000000	0.000000	1.000000	-0.021374	0.058519	-0.028042	0.030620	0.963094
	0.000000	0.000000	0.000000	0.000000	1.000000	0.362581	-0.010525	0.019771	0.129684	0.446649
	0.000000	0.000000	0.000000	0.000000	1.000000	-0.026754	0.050908	0.082233	0.035486	0.849581
	0.000000	0.000000	0.000000	0.000000	1.000000	0.105049	-0.009735	0.071978	-0.065902	0.848711
	0.000000	0.000000	0.000000	0.000000	1.000000	-0.028000	0.190676	0.056795	-0.053106	0.886649
	0.000000	0.000000	0.000000	0.000000	1.000000	0.027395	-0.024168	0.035929	0.079899	0.823424
	0.000000	0.000000	0.000000	0.000000	1.000000	-0.056955	0.047931	0.031909	0.103027	0.947191
	0.000000	0.000000	0.000000	0.000000	1.000000	0.007478	0.011939	0.001902	-0.065323	1.049239
	0.000000	0.000000	0.000000	0.000000	1.000000	0.042719	-0.045714	0.041896	-0.040451	0.968144
	0.000000	0.000000	0.000000	0.000000	1.000000	0.057048	0.004010	0.031970	-0.116985	1.035295
	0.000000	0.000000	0.000000	0.000000	1.000000	0.142012	-0.003315	0.043709	-0.059981	0.880122
	0.000000	0.000000	0.000000	0.000000	1.000000	0.000754	0.050028	-0.008443	-0.041175	1.003740
	0.000000	0.000000	0.000000	0.000000	1.000000	0.068518	-0.031926	0.048035	-0.128667	1.055009
	0.000000	0.000000	0.000000	0.000000	1.000000	0.070643	-0.044962	0.036159	-0.108980	1.052967
	0.000000	0.000000	0.000000	0.000000	1.000000	-0.016349	0.091643	0.076116	0.120584	0.671867
	1.000000	0.000000	0.000000	0.000000	0.000000	0.494254	-0.085268	-0.055538	0.238880	0.349325
	1.000000	0.000000	0.000000	0.000000	0.000000	0.464766	-0.107228	-0.041309	0.151406	0.404478
	1.000000	0.000000	0.000000	0.000000	0.000000	0.589486	-0.086454	-0.051448	0.197372	0.297982
	1.000000	0.000000	0.000000	0.000000	0.000000	0.821812	-0.117313	0.001577	-0.048671	0.323581
	1.000000	0.000000	0.000000	0.000000	0.000000	0.664225	-0.112005	-0.065873	0.251686	0.172753
	1.000000	0.000000	0.000000	0.000000	0.000000	0.744544	-0.110303	-0.037843	0.096142	0.257483
	1.000000	0.000000	0.000000	0.000000	0.000000	0.734965	-0.113945	-0.053096	0.182611	0.186588
	1.000000	0.000000	0.000000	0.000000	0.000000	0.765552	-0.069425	-0.025401	0.259027	0.018854
	1.000000	0.000000	0.000000	0.000000	0.000000	0.748304	-0.091783	-0.052159	0.250866	0.088192
	1.000000	0.000000	0.000000	0.000000	0.000000	0.305822	-0.064138	-0.033621	0.096277	0.675974
	1.000000	0.000000	0.000000	0.000000	0.000000	0.092339	0.371414	0.055285	0.278317	0.104153
	1.000000	0.000000	0.000000	0.000000	0.000000	0.507315	-0.105158	-0.032717	0.066242	0.542889
	1.000000	0.000000	0.000000	0.000000	0.000000	0.328869	-0.078475	0.011779	-0.036468	0.719303
	1.000000	0.000000	0.000000	0.000000	0.000000	0.285452	-0.009885	0.054114	-0.001840	0.638785
	1.000000	0.000000	0.000000	0.000000	0.000000	0.621762	-0.113467	-0.032640	0.185114	0.200332
	1.000000	0.000000	0.000000	0.000000	0.000000	0.657355	-0.096299	0.031759	0.257077	0.021440
	0.000000	1.000000	0.000000	0.000000	0.000000	0.003784	1.048360	0.025729	-0.010468	-0.102848
	0.000000	1.000000	0.000000	0.000000	0.000000	-0.016788	0.915179	-0.102782	0.153659	0.059587
	0.000000	1.000000	0.000000	0.000000	0.000000	-0.020878	0.846661	0.229452	-0.035298	-0.084383
	0.000000	1.000000	0.000000	0.000000	0.000000	-0.075296	0.977280	0.047105	0.055473	-0.059764
	0.000000	1.000000	0.000000	0.000000	0.000000	-0.031372	0.969312	-0.083736	0.146695	0.017482
	0.000000	1.000000	0.000000	0.000000	0.000000	0.068442	0.703943	0.079881	-0.116756	0.227438
	0.000000	1.000000	0.000000	0.000000	0.000000	-0.025781	0.639332	-0.054616	0.109080	0.302877
	0.000000	1.000000	0.000000	0.000000	0.000000	-0.108266	0.528783	-0.065729	0.294008	0.517451
	0.000000	1.000000	0.000000	0.000000	0.000000	-0.007580	1.033798	-0.032697	0.020625	-0.023798
	0.000000	1.000000	0.000000	0.000000	0.000000	-0.012008	1.051319	-0.038868	0.024909	-0.034673
	0.000000	1.000000	0.000000	0.000000	0.000000	0.033249	1.042778	0.055393	-0.121567	-0.040535
	0.000000	1.000000	0.000000	0.000000	0.000000	0.034113	0.922190	-0.074091	-0.005540	0.090746
	0.000000	1.000000	0.000000	0.000000	0.000000	-0.011009	1.017814	-0.058534	0.058647	-0.011876
	0.000000	1.000000	0.000000	0.000000	0.000000	0.000404	0.983583	-0.055111	0.039097	0.018042
	0.000000	1.000000	0.000000	0.000000	0.000000	-0.156899	0.940696	-0.074233	0.526991	-0.046043
	0.000000	1.000000	0.000000	0.000000	0.000000	-0.197934	0.511854	0.520433	-0.069948	0.483878
	0.000000	1.000000	0.000000	0.000000	0.000000	-0.004684	1.048161	-0.030370	0.012895	-0.039248
	0.000000	1.000000	0.000000	0.000000	0.000000	-0.028436	1.029481	0.023902	-0.059312	0.023647
	0.000000	1.000000	0.000000	0.000000	0.000000	-0.045448	1.094223	0.009627	0.022044	-0.080086
	0.000000	1.000000	0.000000	0.000000	0.000000	0.092996	0.871146	0.012494	-0.058034	0.017730
	0.000000	1.000000	0.000000	0.000000	0.000000	-0.022169	1.048990	-0.042912	0.056721	-0.046426
	0.000000	1.000000	0.000000	0.000000	0.000000	0.035346	0.944481	-0.050612	-0.029254	0.061868
	0.000000	1.000000	0.000000	0.000000	0.000000	-0.035981	1.030136	0.020751	-0.045153	0.024110
	0.000000	1.000000	0.000000	0.000000	0.000000	-0.027575	1.018545	-0.003440	0.006224	0.017325
	0.000000	1.000000	0.000000	0.000000	0.000000	-0.013451	1.084245	-0.013881	0.017556	-0.083125
	0.000000	1.000000	0.000000	0.000000	0.000000	-0.020070	0.885792	-0.066061	0.078075	0.135069
	0.000000	1.000000	0.000000	0.000000	0.000000	0.032392	0.952869	-0.011373	-0.102308	0.098219
	0.000000	1.000000	0.000000	0.000000	0.000000	0.020874	0.976426	-0.033276	0.002970	0.003822
	0.000000	1.000000	0.000000	0.000000	0.000000	-0.012080	1.056161	-0.032677	0.012578	-0.028527
	0.000000	1.000000	0.000000	0.000000	0.000000	-0.025623	0.902201	-0.016763	0.036442	0.094995
	0.000000	1.000000	0.000000	0.000000	0.000000	-0.087763	0.884794	-0.063753	0.309410	0.018052
	0.000000	1.000000	0.000000	0.000000	0.000000	-0.059217	0.893017	-0.021595	0.152645	0.019617
	0.000000	1.000000	0.000000	0.000000	0.000000	-0.024389	1.044068	0.000556	-0.004351	-0.034532
	0.000000	1.000000	0.000000	0.000000	0.000000	-0.034971	1.099936	-0.012893	0.033929	-0.082654
	0.000000	1.000000	0.000000	0.000000	0.000000	-0.188547	0.688478	0.437470	-0.071939	0.248119
	0.000000	0.000000	1.000000	0.000000	0.000000	-0.086950	0.012150	0.991607	-0.066036	0.121240
	0.000000	0.000000	1.000000	0.000000	0.000000	0.059986	-0.012647	0.914946	0.078232	-0.074092
	0.000000	0.000000	1.000000	0.000000	0.000000	0.023850	0.017337	1.055690	-0.111849	-0.045019
	0.000000	0.000000	1.000000	0.000000	0.000000	-0.017389	0.056094	0.889618	-0.011688	0.015630
	0.000000	0.000000	1.000000	0.000000	0.000000	-0.144175	0.085375	0.935249	0.050702	0.043593
	0.000000	0.000000	1.000000	0.000000	0.000000	0.055015	0.054453	0.906795	0.029759	-0.085424
	0.000000	0.000000	1.000000	0.000000	0.000000	0.014517	0.053657	0.569339	0.439619	-0.062159
	0.000000	0.000000	1.000000	0.000000	0.000000	-0.051863	0.062742	0.989255	0.029850	-0.071904
	0.000000	0.000000	1.000000	0.000000	0.000000	0.014770	-0.029360	1.021932	-0.038567	-0.028034
	0.000000	0.000000	1.000000	0.000000	0.000000	0.064716	0.010032	0.819903	0.147917	-0.067388
	0.000000	0.000000	1.000000	0.000000	0.000000	0.262531	0.082219	0.830743	-0.079577	-0.096812
	0.000000	0.000000	1.000000	0.000000	0.000000	0.109406	-0.022873	0.814508	0.135997	-0.070773
	0.000000	0.000000	1.000000	0.000000	0.000000	0.045655	-0.006053	1.046214	-0.093318	-0.054624
	0.000000	0.000000	1.000000	0.000000	0.000000	-0.254323	0.304010	0.211492	0.726292	0.290819
	0.000000	0.000000	1.000000	0.000000	0.000000	-0.011612	-0.007624	1.023481	-0.052349	-0.008773
	0.000000	0.000000	1.000000	0.000000	0.000000	0.011211	0.018401	1.054907	-0.123304	-0.013895
	0.000000	0.000000	0.000000	1.000000	0.000000	0.252682	0.087743	0.199251	0.700352	-0.149365
	0.000000	0.000000	0.000000	1.000000	0.000000	0.062761	0.017335	0.020612	0.510746	0.275553
	0.000000	0.000000	0.000000	1.000000	0.000000	-0.196722	0.253732	-0.025386	0.854865	0.305506
	0.000000	0.000000	0.000000	1.000000	0.000000	-0.093709	0.187018	-0.018559	0.946624	0.008173
	0.000000	0.000000	0.000000	1.000000	0.000000	0.134056	-0.008067	0.081204	0.798581	-0.024460
	0.000000	0.000000	0.000000	1.000000	0.000000	-0.052072	0.108241	-0.023901	0.819877	0.151694
	0.000000	0.000000	0.000000	1.000000	0.000000	0.120093	0.034425	0.017598	0.712742	0.053692
	0.000000	0.000000	0.000000	1.000000	0.000000	0.142070	0.061667	0.099434	0.862669	-0.103271
	0.000000	0.000000	0.000000	1.000000	0.000000	-0.080786	0.074514	0.107668	0.929340	0.007820
	0.000000	0.000000	0.000000	1.000000	0.000000	-0.142256	0.135047	-0.019087	0.949969	0.135513
	0.000000	0.000000	0.000000	1.000000	0.000000	0.149958	0.034862	0.226050	0.838089	-0.129163
	0.000000	0.000000	0.000000	1.000000	0.000000	0.088176	0.052765	0.101250	0.918050	-0.093796
	0.000000	0.000000	0.000000	1.000000	0.000000	-0.129506	0.105986	0.068417	1.006580	0.013781
	0.000000	0.000000	0.000000	1.000000	0.000000	0.151526	-0.007187	0.425611	0.694715	-0.135921
	0.000000	0.000000	0.000000	1.000000	0.000000	0.167837	0.094618	0.312991	0.596731	-0.124681
	0.000000	0.000000	0.000000	0.000000	1.000000	0.062045	-0.001424	0.024811	-0.054011	0.981515
	0.000000	0.000000	0.000000	0.000000	1.000000	-0.029915	0.029841	0.014248	0.059226	0.970146
	0.000000	0.000000	0.000000	0.000000	1.000000	-0.013259	-0.001131	-0.005133	-0.020978	1.048789
	0.000000	0.000000	0.000000	0.000000	1.000000	0.060944	0.018562	0.015982	-0.098682	1.003482
	0.000000	0.000000	0.000000	0.000000	1.000000	0.019617	0.059774	0.006691	-0.015729	0.924163
	0.000000	0.000000	0.000000	0.000000	1.000000	0.048705	-0.051488	0.012678	-0.068418	1.060770
	0.000000	0.000000	0.000000	0.000000	1.000000	-0.023138	0.010416	-0.019977	0.130868	0.914007
	0.000000	0.000000	0.000000	0.000000	1.000000	0.030652	0.016348	0.003921	-0.065549	1.017295
	0.000000	0.000000	0.000000	0.000000	1.000000	0.163187	-0.012217	0.075122	-0.110775	0.906120
	0.000000	0.000000	0.000000	0.000000	1.000000	0.475157	-0.092709	-0.031273	0.127771	0.446824
	0.000000	0.000000	0.000000	0.000000	1.000000	0.004814	0.035211	-0.023010	-0.022377	1.004627
	0.000000	0.000000	0.000000	0.000000	1.000000	0.022174	-0.004567	0.055154	-0.099246	1.045533
	0.000000	0.000000	0.000000	0.000000	1.000000	0.005485	0.023881	-0.005362	-0.057147	1.032607
	0.000000	0.000000	0.000000	0.000000	1.000000	-0.011838	-0.055318	-0.019349	0.008116	1.085771
	0.000000	0.000000	0.000000	0.000000	1.000000	0.008518	0.037838	-0.014306	-0.043790	1.007413
	0.000000	0.000000	0.000000	0.000000	1.000000	0.010643	-0.064076	-0.046041	0.137660	0.972055
	0.000000	0.000000	0.000000	0.000000	1.000000	0.023304	-0.001865	0.018868	-0.028312	0.996565
	0.000000	0.000000	0.000000	0.000000	1.000000	-0.061143	0.101109	-0.004744	0.082322	0.932057
	0.000000	0.000000	0.000000	0.000000	1.000000	0.026248	0.030029	0.028447	-0.108821	1.032639
	0.000000	0.000000	0.000000	0.000000	1.000000	-0.022713	0.025989	-0.021230	0.120512	0.903890
	0.000000	0.000000	0.000000	0.000000	1.000000	0.042494	-0.012080	-0.012836	-0.046708	1.021049
	0.000000	0.000000	0.000000	0.000000	1.000000	0.018190	-0.001300	-0.003140	-0.077228	1.057090
	0.000000	0.000000	0.000000	0.000000	1.000000	0.084231	-0.014444	0.053932	-0.124642	1.029490
	0.000000	0.000000	0.000000	0.000000	1.000000	0.049114	-0.018646	0.006386	-0.016606	0.985795
	0.000000	0.000000	0.000000	0.000000	1.000000	0.035874	0.026321	0.014118	-0.101015	1.028434
	0.000000	0.000000	0.000000	0.000000	1.000000	0.024968	-0.028540	0.025769	-0.092550	1.064641
	0.000000	0.000000	0.000000	0.000000	1.000000	0.011867	-0.040524	0.009903	-0.053937	1.076328
	0.000000	0.000000	0.000000	0.000000	1.000000	0.097120	-0.020489	-0.019718	0.120865	0.787374
	0.000000	0.000000	0.000000	0.000000	1.000000	0.049451	-0.059597	0.012413	-0.066819	1.065216
	0.000000	0.000000	0.000000	0.000000	1.000000	-0.000093	-0.016212	-0.008222	-0.026857	1.057126
	0.000000	0.000000	0.000000	0.000000	1.000000	-0.025186	-0.044683	-0.028461	0.062288	1.059473
	0.000000	0.000000	0.000000	0.000000	1.000000	0.001577	0.012879	-0.022850	-0.011725	1.019277
	0.000000	0.000000	0.000000	0.000000	1.000000	0.031433	-0.017187	-0.000872	-0.076477	1.062945
	0.000000	0.000000	0.000000	0.000000	1.000000	-0.011320	-0.004970	-0.020115	-0.022920	1.062324
	0.000000	0.000000	0.000000	0.000000	1.000000	0.060932	-0.033977	0.010592	-0.021000	0.987821
	0.000000	0.000000	0.000000	0.000000	1.000000	-0.011980	0.132862	-0.018431	-0.002160	0.904919
	0.000000	0.000000	0.000000	0.000000	1.000000	0.045824	0.052405	0.023633	-0.115429	1.002999
	0.000000	0.000000	0.000000	0.000000	1.000000	-0.006375	0.144556	-0.005920	-0.027525	0.906914
	0.000000	0.000000	0.000000	0.000000	1.000000	-0.011390	0.089753	-0.003604	-0.033642	0.975231
	0.000000	0.000000	0.000000	0.000000	1.000000	-0.006685	0.048858	0.015258	-0.033401	0.984597
	0.000000	0.000000	0.000000	0.000000	1.000000	0.032723	0.104800	-0.044564	-0.054004	0.952543
	0.000000	0.000000	0.000000	0.000000	1.000000	0.001836	0.074842	-0.006047	-0.021931	0.957674
	0.000000	0.000000	0.000000	0.000000	1.000000	0.001221	-0.053874	-0.021943	0.024699	1.055874
	0.000000	0.000000	0.000000	0.000000	1.000000	0.069973	0.010305	0.029880	-0.086249	0.982407
	0.000000	0.000000	0.000000	0.000000	1.000000	-0.015209	0.001837	0.005092	-0.021262	1.048824
	0.000000	0.000000	0.000000	0.000000	1.000000	0.028754	0.020890	0.024305	-0.113386	1.045264
	0.000000	0.000000	0.000000	0.000000	1.000000	0.000376	-0.029108	-0.002152	-0.025214	1.062726
	0.000000	0.000000	0.000000	0.000000	1.000000	-0.009834	0.029683	0.004308	-0.018097	1.002434
	0.000000	0.000000	0.000000	0.000000	1.000000	0.059772	0.099204	0.002292	-0.117518	0.961283
	0.000000	0.000000	0.000000	0.000000	1.000000	-0.006218	-0.023442	0.001900	-0.007865	1.044237
	0.000000	0.000000	0.000000	0.000000	1.000000	0.075250	-0.028890	0.035126	-0.114843	1.046942
	0.000000	0.000000	0.000000	0.000000	1.000000	-0.013200	0.017342	-0.005443	-0.035936	1.047786
	0.000000	0.000000	0.000000	0.000000	1.000000	-0.010397	0.027327	-0.021764	-0.009065	1.004205
	0.000000	0.000000	0.000000	0.000000	1.000000	0.000189	0.007077	-0.015221	-0.039861	1.043934
	0.000000	0.000000	0.000000	0.000000	1.000000	-0.049099	0.012018	0.059768	0.036892	0.951776
	0.000000	0.000000	0.000000	0.000000	1.000000	-0.009502	0.005781	-0.000386	0.002367	1.010218
	0.000000	0.000000	0.000000	0.000000	1.000000	0.051005	0.044419	0.021613	-0.101418	0.993157
	0.000000	0.000000	0.000000	0.000000	1.000000	0.001810	-0.038289	-0.004426	-0.002979	1.044452
	0.000000	0.000000	0.000000	0.000000	1.000000	0.141244	-0.037072	0.081801	-0.173367	1.040630
	0.000000	0.000000	0.000000	0.000000	1.000000	0.066291	-0.032331	0.038310	-0.123711	1.062255
	0.000000	0.000000	0.000000	0.000000	1.000000	0.061495	-0.019805	0.026388	-0.089846	1.029708
