	1.000000	0.000000	0.000000	0.000000	0.000000	0.882063	-0.090574	0.009946	-0.016515	0.133055
	1.000000	0.000000	0.000000	0.000000	0.000000	0.871794	-0.114090	-0.060924	0.139781	0.102763
	1.000000	0.000000	0.000000	0.000000	0.000000	1.022766	-0.138717	-0.028892	0.026091	-0.043647
	1.000000	0.000000	0.000000	0.000000	0.000000	0.988999	-0.111049	-0.053993	0.104394	-0.021038
	1.000000	0.000000	0.000000	0.000000	0.000000	0.821810	-0.100497	-0.059232	0.174650	0.116189
	1.000000	0.000000	0.000000	0.000000	0.000000	0.856259	-0.094234	-0.026475	0.065076	0.129758
	1.000000	0.000000	0.000000	0.000000	0.000000	0.781031	-0.087385	-0.054481	0.214714	0.100989
	1.000000	0.000000	0.000000	0.000000	0.000000	0.943476	-0.100016	-0.045128	0.149145	-0.038003
	1.000000	0.000000	0.000000	0.000000	0.000000	0.833331	-0.102352	-0.019847	-0.001144	0.241491
	1.000000	0.000000	0.000000	0.000000	0.000000	0.919025	-0.102300	-0.052275	0.291406	-0.107476
	1.000000	0.000000	0.000000	0.000000	0.000000	0.847331	-0.085853	-0.010251	0.001991	0.188070
	1.000000	0.000000	0.000000	0.000000	0.000000	0.935664	-0.120367	-0.015274	0.023317	0.037715
	1.000000	0.000000	0.000000	0.000000	0.000000	0.848863	-0.091840	-0.063584	0.247262	0.002018
	1.000000	0.000000	0.000000	0.000000	0.000000	0.293422	0.131458	0.066219	0.016737	0.404489
	0.000000	1.000000	0.000000	0.000000	0.000000	-0.010599	1.009305	0.015878	-0.033283	-0.006340
	0.000000	1.000000	0.000000	0.000000	0.000000	-0.031276	1.023223	-0.027534	0.077623	-0.042968
	0.000000	1.000000	0.000000	0.000000	0.000000	-0.027172	1.038298	0.018160	-0.035205	-0.002594
	0.000000	1.000000	0.000000	0.000000	0.000000	-0.047407	1.018512	-0.034348	0.109226	-0.020255
	0.000000	1.000000	0.000000	0.000000	0.000000	0.020917	1.042263	0.010064	-0.060553	-0.025953
	0.000000	1.000000	0.000000	0.000000	0.000000	-0.032702	0.974684	-0.043451	0.111612	-0.019536
	0.000000	1.000000	0.000000	0.000000	0.000000	-0.025398	0.899372	-0.046446	0.080642	0.081765
	0.000000	1.000000	0.000000	0.000000	0.000000	-0.034530	0.925216	-0.049383	0.169899	-0.015691
	0.000000	1.000000	0.000000	0.000000	0.000000	-0.038575	1.056616	-0.004463	0.065746	-0.076271
	0.000000	1.000000	0.000000	0.000000	0.000000	-0.030845	1.020837	-0.031262	0.097756	-0.072951
	0.000000	1.000000	0.000000	0.000000	0.000000	-0.008994	0.978064	0.013536	0.002169	0.006628
	0.000000	1.000000	0.000000	0.000000	0.000000	-0.026195	1.054880	-0.035157	0.074107	-0.074877
	0.000000	1.000000	0.000000	0.000000	0.000000	-0.050346	1.008590	0.018732	0.020439	0.002855
	0.000000	1.000000	0.000000	0.000000	0.000000	-0.015454	1.027505	-0.020633	0.021364	-0.018945
	0.000000	1.000000	0.000000	0.000000	0.000000	0.002412	0.986237	-0.034213	0.009493	0.017811
	0.000000	1.000000	0.000000	0.000000	0.000000	-0.015315	1.052325	0.004292	-0.009255	-0.043913
	0.000000	1.000000	0.000000	0.000000	0.000000	0.028148	0.811660	-0.051000	0.004643	0.148055
	0.000000	1.000000	0.000000	0.000000	0.000000	0.015598	0.924823	-0.061326	0.029182	0.052554
	0.000000	1.000000	0.000000	0.000000	0.000000	-0.027298	0.983991	0.069334	-0.000064	-0.049875
	0.000000	1.000000	0.000000	0.000000	0.000000	0.008541	0.971057	-0.058400	0.032369	0.018322
	0.000000	1.000000	0.000000	0.000000	0.000000	-0.004595	1.060124	0.066449	-0.075895	-0.057472
	0.000000	1.000000	0.000000	0.000000	0.000000	-0.026714	0.840631	-0.062180	0.116661	0.130468
	0.000000	1.000000	0.000000	0.000000	0.000000	-0.044611	0.804533	-0.029260	0.094401	0.198446
	0.000000	1.000000	0.000000	0.000000	0.000000	-0.004868	0.871518	0.152225	-0.146614	0.122219
	0.000000	1.000000	0.000000	0.000000	0.000000	0.007012	1.071830	-0.006630	-0.034013	-0.048339
	0.000000	1.000000	0.000000	0.000000	0.000000	0.108612	1.031648	-0.005232	-0.141290	-0.012206
	0.000000	1.000000	0.000000	0.000000	0.000000	0.030764	1.014509	0.075121	-0.115755	-0.022024
	0.000000	1.000000	0.000000	0.000000	0.000000	-0.108316	0.950498	0.001045	0.198012	-0.009045
	0.000000	1.000000	0.000000	0.000000	0.000000	0.031726	0.853401	0.007974	0.037106	0.002485
	0.000000	1.000000	0.000000	0.000000	0.000000	-0.012857	0.906468	0.001723	0.029904	0.016866
	0.000000	1.000000	0.000000	0.000000	0.000000	0.008584	0.984594	0.057885	-0.028341	-0.065508
	0.000000	1.000000	0.000000	0.000000	0.000000	0.055928	0.965868	-0.048891	-0.059669	0.050948
	0.000000	1.000000	0.000000	0.000000	0.000000	-0.041293	1.100462	-0.001504	0.037826	-0.076864
	0.000000	1.000000	0.000000	0.000000	0.000000	-0.051885	0.999859	0.044012	0.025340	-0.040797
	0.000000	1.000000	0.000000	0.000000	0.000000	-0.073967	0.270031	0.130823	0.450397	0.148720
	0.000000	1.000000	0.000000	0.000000	0.000000	-0.013038	0.967998	-0.027085	0.019609	0.050449
	0.000000	1.000000	0.000000	0.000000	0.000000	-0.005186	1.010393	-0.036484	0.077432	-0.056142
	0.000000	1.000000	0.000000	0.000000	0.000000	-0.014836	1.049191	0.012859	-0.013934	-0.053243
	0.000000	1.000000	0.000000	0.000000	0.000000	-0.032683	1.085359	-0.017517	0.047337	-0.072030
	0.000000	0.000000	1.000000	0.000000	0.000000	0.009348	0.031993	1.012910	-0.040720	-0.050603
	0.000000	0.000000	1.000000	0.000000	0.000000	-0.112064	0.058325	0.987613	0.037339	-0.009654
	0.000000	0.000000	1.000000	0.000000	0.000000	-0.011885	0.011163	1.038671	-0.041089	-0.032943
	0.000000	0.000000	1.000000	0.000000	0.000000	-0.052795	0.035983	0.879606	0.117176	-0.006507
	0.000000	0.000000	1.000000	0.000000	0.000000	0.004541	-0.003118	1.049770	-0.046914	-0.034363
	0.000000	0.000000	1.000000	0.000000	0.000000	-0.123748	0.005840	0.865322	0.246616	0.035377
	0.000000	0.000000	1.000000	0.000000	0.000000	0.040187	-0.005703	1.024536	-0.056352	-0.034451
	0.000000	0.000000	1.000000	0.000000	0.000000	0.063930	0.020044	0.933943	0.030159	-0.065270
	0.000000	0.000000	1.000000	0.000000	0.000000	0.087046	0.027944	1.027051	-0.110940	-0.054417
	0.000000	0.000000	1.000000	0.000000	0.000000	-0.066107	-0.022469	0.939234	0.129633	0.016257
	0.000000	0.000000	1.000000	0.000000	0.000000	0.052879	0.070598	0.868489	0.035507	-0.066398
	0.000000	0.000000	1.000000	0.000000	0.000000	-0.009688	-0.019084	1.038331	-0.029132	-0.012489
	0.000000	0.000000	1.000000	0.000000	0.000000	0.011367	-0.014663	1.022560	-0.082955	0.035680
	0.000000	0.000000	0.000000	1.000000	0.000000	-0.113231	0.084621	0.002465	1.003211	0.025268
	0.000000	0.000000	0.000000	1.000000	0.000000	0.073495	0.064304	0.041328	0.782455	-0.005128
	0.000000	0.000000	0.000000	1.000000	0.000000	0.216885	0.135430	-0.030222	0.605260	0.050544
	0.000000	0.000000	0.000000	1.000000	0.000000	-0.121893	0.228045	-0.047396	0.860195	0.143661
	0.000000	0.000000	0.000000	1.000000	0.000000	0.105334	0.014331	0.061219	0.807077	-0.027400
	0.000000	0.000000	0.000000	1.000000	0.000000	0.123444	0.033469	0.006709	0.684628	0.056024
	0.000000	0.000000	0.000000	1.000000	0.000000	0.086430	0.015723	0.129994	0.929222	-0.104648
	0.000000	0.000000	0.000000	1.000000	0.000000	-0.090766	0.298708	-0.063107	0.810289	0.085323
	0.000000	0.000000	0.000000	1.000000	0.000000	-0.068587	0.068720	-0.010403	0.924536	0.067853
	0.000000	0.000000	0.000000	1.000000	0.000000	-0.109538	0.054515	-0.050102	0.845300	0.268822
	0.000000	0.000000	0.000000	1.000000	0.000000	0.219074	0.026435	0.152700	0.878466	-0.152798
	0.000000	0.000000	0.000000	1.000000	0.000000	0.042731	0.034767	0.102203	0.948379	-0.093448
	0.000000	0.000000	0.000000	1.000000	0.000000	-0.038701	0.069782	0.005904	0.953354	-0.008254
	0.000000	0.000000	0.000000	1.000000	0.000000	0.289085	0.025487	0.110859	0.956234	-0.180784
	0.000000	0.000000	0.000000	1.000000	0.000000	-0.055857	0.065896	0.002186	1.025691	-0.039572
	0.000000	0.000000	0.000000	1.000000	0.000000	0.064095	0.046243	0.079185	0.973501	-0.109688
	0.000000	0.000000	0.000000	0.000000	1.000000	0.000043	-0.002020	0.012739	0.009420	0.994220
	0.000000	0.000000	0.000000	0.000000	1.000000	0.054436	-0.029682	-0.007276	0.055535	0.929448
	0.000000	0.000000	0.000000	0.000000	1.000000	0.025634	0.043108	0.051847	-0.014735	0.909712
	0.000000	0.000000	0.000000	0.000000	1.000000	0.033061	-0.074000	-0.046395	0.178565	0.893725
	0.000000	0.000000	0.000000	0.000000	1.000000	0.101817	-0.003432	-0.000581	-0.003971	0.888764
	0.000000	0.000000	0.000000	0.000000	1.000000	0.014484	0.069919	0.006221	-0.060759	0.963183
	0.000000	0.000000	0.000000	0.000000	1.000000	-0.021754	0.008479	-0.003502	-0.007460	1.029682
	0.000000	0.000000	0.000000	0.000000	1.000000	0.021009	-0.036175	0.002271	0.006047	1.005201
	0.000000	0.000000	0.000000	0.000000	1.000000	-0.030614	-0.047187	-0.017768	0.022097	1.079125
	0.000000	0.000000	0.000000	0.000000	1.000000	-0.014658	0.050374	-0.033490	0.018462	0.972244
	0.000000	0.000000	0.000000	0.000000	1.000000	-0.041002	0.001263	-0.027634	0.077301	1.000351
	0.000000	0.000000	0.000000	0.000000	1.000000	-0.018317	-0.023841	-0.014083	-0.000051	1.055320
	0.000000	0.000000	0.000000	0.000000	1.000000	0.016316	0.048664	-0.014147	-0.048624	0.992140
	0.000000	0.000000	0.000000	0.000000	1.000000	-0.013707	-0.018255	-0.004487	-0.014771	1.052489
	0.000000	0.000000	0.000000	0.000000	1.000000	0.004497	-0.014907	-0.011530	-0.007015	1.025528
	0.000000	0.000000	0.000000	0.000000	1.000000	-0.002600	0.000624	-0.019290	0.050863	0.970730
	0.000000	0.000000	0.000000	0.000000	1.000000	-0.017572	0.096402	-0.027493	0.030873	0.919367
	0.000000	0.000000	0.000000	0.000000	1.000000	0.053700	-0.028301	-0.023317	0.118087	0.861324
	0.000000	0.000000	0.000000	0.000000	1.000000	-0.001810	-0.014474	-0.020120	0.141132	0.898845
	0.000000	0.000000	0.000000	0.000000	1.000000	0.005163	0.051637	0.002197	0.022343	0.913633
	0.000000	0.000000	0.000000	0.000000	1.000000	-0.005805	0.016212	0.015683	-0.046018	1.031948
	0.000000	0.000000	0.000000	0.000000	1.000000	0.009346	-0.041893	0.005934	-0.013920	1.049362
	0.000000	0.000000	0.000000	0.000000	1.000000	-0.001275	0.012291	-0.010447	-0.033535	1.032486
	0.000000	0.000000	0.000000	0.000000	1.000000	0.078212	-0.027105	0.010892	-0.027758	0.979845
	0.000000	0.000000	0.000000	0.000000	1.000000	0.001236	-0.011958	0.009064	-0.028429	1.034613
	0.000000	0.000000	0.000000	0.000000	1.000000	-0.025800	-0.030061	-0.003485	0.014092	1.054448
	0.000000	0.000000	0.000000	0.000000	1.000000	0.031664	-0.008147	0.021276	-0.060780	1.023288
	0.000000	0.000000	0.000000	0.000000	1.000000	0.007358	0.099462	-0.027052	-0.009490	0.912895
	0.000000	0.000000	0.000000	0.000000	1.000000	0.006927	-0.030488	0.011601	0.025247	0.997282
	0.000000	0.000000	0.000000	0.000000	1.000000	-0.040311	-0.064452	-0.009848	0.066817	1.043395
	0.000000	0.000000	0.000000	0.000000	1.000000	0.007769	-0.005683	0.017995	-0.025663	1.014559
	0.000000	0.000000	0.000000	0.000000	1.000000	-0.013819	-0.066689	-0.016728	0.027390	1.073886
	0.000000	0.000000	0.000000	0.000000	1.000000	-0.026928	-0.020220	-0.024715	0.022480	1.055485
	0.000000	0.000000	0.000000	0.000000	1.000000	0.006694	0.031417	-0.019422	-0.011105	0.989361
	0.000000	0.000000	0.000000	0.000000	1.000000	0.251020	-0.027995	-0.010278	0.099499	0.657367
	0.000000	0.000000	0.000000	0.000000	1.000000	0.033988	0.061075	0.023428	-0.073541	0.964085
	0.000000	0.000000	0.000000	0.000000	1.000000	-0.000553	-0.042270	-0.000598	-0.004360	1.050107
	0.000000	0.000000	0.000000	0.000000	1.000000	-0.033610	-0.041174	-0.022536	0.027145	1.075724
	0.000000	0.000000	0.000000	0.000000	1.000000	0.006432	0.015347	-0.018226	-0.035181	1.024535
	0.000000	0.000000	0.000000	0.000000	1.000000	0.010244	-0.055706	-0.007130	-0.001137	1.055574
	0.000000	0.000000	0.000000	0.000000	1.000000	0.024543	0.141591	-0.020842	-0.030360	0.861287
	0.000000	0.000000	0.000000	0.000000	1.000000	0.001984	0.079025	-0.017173	0.028020	0.888250
	0.000000	0.000000	0.000000	0.000000	1.000000	-0.029788	-0.039455	-0.012203	0.029242	1.062796
	0.000000	0.000000	0.000000	0.000000	1.000000	-0.014400	-0.001515	-0.003622	-0.008015	1.036899
	0.000000	0.000000	0.000000	0.000000	1.000000	-0.012442	0.012917	-0.010087	-0.005891	1.022632
	0.000000	0.000000	0.000000	0.000000	1.000000	0.000342	0.017515	0.014954	0.014338	0.960374
	0.000000	0.000000	0.000000	0.000000	1.000000	0.004266	0.062987	0.012514	-0.054537	0.981187
	0.000000	0.000000	0.000000	0.000000	1.000000	0.024283	-0.024330	-0.005080	0.024802	0.969040
	0.000000	0.000000	0.000000	0.000000	1.000000	-0.035491	0.149007	0.005489	0.067334	0.842730
	0.000000	0.000000	0.000000	0.000000	1.000000	-0.017681	0.045992	-0.019764	0.013840	0.967939
	0.000000	0.000000	0.000000	0.000000	1.000000	-0.021925	0.041282	-0.027745	0.044264	0.955736
	0.000000	0.000000	0.000000	0.000000	1.000000	0.326054	-0.009492	-0.003046	0.209129	0.424656
	0.000000	0.000000	0.000000	0.000000	1.000000	-0.039373	0.044483	0.068837	0.075997	0.839014
	0.000000	0.000000	0.000000	0.000000	1.000000	0.111847	-0.010323	0.062551	-0.051547	0.832601
	0.000000	0.000000	0.000000	0.000000	1.000000	-0.035913	0.173476	0.045242	-0.020705	0.882284
	0.000000	0.000000	0.000000	0.000000	1.000000	0.019841	-0.027848	0.032002	0.101367	0.812236
	0.000000	0.000000	0.000000	0.000000	1.000000	-0.070242	0.031958	0.020941	0.154750	0.938215
	0.000000	0.000000	0.000000	0.000000	1.000000	-0.009433	-0.002797	-0.002634	-0.030128	1.049004
	0.000000	0.000000	0.000000	0.000000	1.000000	0.038089	-0.050337	0.036336	-0.021011	0.961390
	0.000000	0.000000	0.000000	0.000000	1.000000	0.047521	-0.001638	0.028409	-0.094898	1.031579
	0.000000	0.000000	0.000000	0.000000	1.000000	0.148890	-0.002058	0.039297	-0.043540	0.860661
	0.000000	0.000000	0.000000	0.000000	1.000000	-0.014089	0.030131	-0.010450	-0.006331	1.005186
	0.000000	0.000000	0.000000	0.000000	1.000000	0.063435	-0.034560	0.041879	-0.107008	1.048544
	0.000000	0.000000	0.000000	0.000000	1.000000	0.065701	-0.048133	0.030505	-0.086661	1.046080
	0.000000	0.000000	0.000000	0.000000	1.000000	-0.017095	0.081670	0.058593	0.161472	0.644238
	1.000000	0.000000	0.000000	0.000000	0.000000	0.488461	-0.081766	-0.073711	0.318142	0.287088
	1.000000	0.000000	0.000000	0.000000	0.000000	0.485373	-0.099704	-0.048090	0.166883	0.353881
	1.000000	0.000000	0.000000	0.000000	0.000000	0.614907	-0.079004	-0.062255	0.239277	0.233694
	1.000000	0.000000	0.000000	0.000000	0.000000	0.866286	-0.099272	-0.004375	-0.047255	0.264330
	1.000000	0.000000	0.000000	0.000000	0.000000	0.691301	-0.103876	-0.076632	0.286178	0.117458
	1.000000	0.000000	0.000000	0.000000	0.000000	0.776277	-0.098174	-0.049124	0.123130	0.195547
	1.000000	0.000000	0.000000	0.000000	0.000000	0.760627	-0.104786	-0.066010	0.215328	0.134789
	1.000000	0.000000	0.000000	0.000000	0.000000	0.781816	-0.051353	-0.036589	0.300196	-0.023038
	1.000000	0.000000	0.000000	0.000000	0.000000	0.775746	-0.079980	-0.065320	0.289491	0.035495
	1.000000	0.000000	0.000000	0.000000	0.000000	0.314195	-0.063943	-0.038674	0.124057	0.641673
	1.000000	0.000000	0.000000	0.000000	0.000000	0.126076	0.372130	0.030926	0.332527	0.045426
	1.000000	0.000000	0.000000	0.000000	0.000000	0.538491	-0.098882	-0.041182	0.090967	0.481898
	1.000000	0.000000	0.000000	0.000000	0.000000	0.347443	-0.071782	0.007092	-0.028916	0.687943
	1.000000	0.000000	0.000000	0.000000	0.000000	0.305690	-0.011655	0.037227	0.031930	0.601791
	1.000000	0.000000	0.000000	0.000000	0.000000	0.642302	-0.101785	-0.040727	0.203301	0.151897
	1.000000	0.000000	0.000000	0.000000	0.000000	0.627104	-0.082137	0.019208	0.311881	-0.000793
	0.000000	1.000000	0.000000	0.000000	0.000000	-0.000179	1.042451	0.021300	0.016834	-0.107148
	0.000000	1.000000	0.000000	0.000000	0.000000	-0.016778	0.900853	-0.095150	0.151400	0.048735
	0.000000	1.000000	0.000000	0.000000	0.000000	-0.008183	0.856187	0.195635	0.000012	-0.114320
	0.000000	1.000000	0.000000	0.000000	0.000000	-0.061627	0.966577	0.040193	0.068511	-0.078251
	0.000000	1.000000	0.000000	0.000000	0.000000	-0.031687	0.957477	-0.077034	0.148860	0.006813
	0.000000	1.000000	0.000000	0.000000	0.000000	0.074563	0.704761	0.073812	-0.095039	0.208866
	0.000000	1.000000	0.000000	0.000000	0.000000	-0.017641	0.626386	-0.055970	0.116890	0.274099
	0.000000	1.000000	0.000000	0.000000	0.000000	-0.111099	0.524006	-0.071835	0.319724	0.468837
	0.000000	1.000000	0.000000	0.000000	0.000000	-0.011320	1.023460	-0.030023	0.038144	-0.028496
	0.000000	1.000000	0.000000	0.000000	0.000000	-0.012234	1.041093	-0.032227	0.031846	-0.038705
	0.000000	1.000000	0.000000	0.000000	0.000000	0.030281	1.043471	0.053197	-0.100095	-0.045772
	0.000000	1.000000	0.000000	0.000000	0.000000	0.034265	0.911687	-0.067528	-0.000927	0.080580
	0.000000	1.000000	0.000000	0.000000	0.000000	-0.013791	1.003294	-0.054994	0.072991	-0.015875
	0.000000	1.000000	0.000000	0.000000	0.000000	-0.003528	0.971627	-0.050786	0.053145	0.012709
	0.000000	1.000000	0.000000	0.000000	0.000000	-0.156722	0.915068	-0.081944	0.549770	-0.058156
	0.000000	1.000000	0.000000	0.000000	0.000000	-0.179353	0.567614	0.473312	-0.079035	0.393688
	0.000000	1.000000	0.000000	0.000000	0.000000	-0.008397	1.036419	-0.027515	0.030084	-0.040990
	0.000000	1.000000	0.000000	0.000000	0.000000	-0.021903	1.027921	0.027090	-0.056722	0.009981
	0.000000	1.000000	0.000000	0.000000	0.000000	-0.044959	1.083878	0.009837	0.037213	-0.082164
	0.000000	1.000000	0.000000	0.000000	0.000000	0.118458	0.881928	0.007073	-0.048757	-0.012159
	0.000000	1.000000	0.000000	0.000000	0.000000	-0.020412	1.037342	-0.037642	0.062230	-0.050515
	0.000000	1.000000	0.000000	0.000000	0.000000	0.032542	0.932356	-0.046096	-0.016289	0.057533
	0.000000	1.000000	0.000000	0.000000	0.000000	-0.029697	1.026425	0.022973	-0.042137	0.011077
	0.000000	1.000000	0.000000	0.000000	0.000000	-0.028594	1.010805	-0.005848	0.026132	0.006847
	0.000000	1.000000	0.000000	0.000000	0.000000	-0.016742	1.074627	-0.010601	0.033533	-0.083285
	0.000000	1.000000	0.000000	0.000000	0.000000	-0.034473	0.861214	-0.062156	0.113451	0.133871
	0.000000	1.000000	0.000000	0.000000	0.000000	0.043690	0.957262	-0.006668	-0.104480	0.077011
	0.000000	1.000000	0.000000	0.000000	0.000000	0.012485	0.964496	-0.030790	0.026697	0.002956
	0.000000	1.000000	0.000000	0.000000	0.000000	-0.014577	1.045889	-0.027901	0.026082	-0.033563
	0.000000	1.000000	0.000000	0.000000	0.000000	-0.025946	0.893001	-0.018463	0.056111	0.081200
	0.000000	1.000000	0.000000	0.000000	0.000000	-0.088298	0.865359	-0.068546	0.338964	0.000812
	0.000000	1.000000	0.000000	0.000000	0.000000	-0.058539	0.874326	-0.024988	0.179641	0.007595
	0.000000	1.000000	0.000000	0.000000	0.000000	-0.022372	1.036901	0.002173	0.007702	-0.041088
	0.000000	1.000000	0.000000	0.000000	0.000000	-0.032252	1.089914	-0.007480	0.037639	-0.084183
	0.000000	1.000000	0.000000	0.000000	0.000000	-0.181272	0.694097	0.412749	-0.061926	0.203410
	0.000000	0.000000	1.000000	0.000000	0.000000	-0.093647	0.001000	0.983769	-0.035488	0.127271
	0.000000	0.000000	1.000000	0.000000	0.000000	0.052013	-0.019798	0.935197	0.072090	-0.057145
	0.000000	0.000000	1.000000	0.000000	0.000000	0.034647	0.025614	1.054775	-0.112400	-0.040037
	0.000000	0.000000	1.000000	0.000000	0.000000	0.005226	0.052199	0.891943	-0.001274	-0.003231
	0.000000	0.000000	1.000000	0.000000	0.000000	-0.138460	0.074630	0.927434	0.074030	0.032988
	0.000000	0.000000	1.000000	0.000000	0.000000	0.056873	0.051530	0.918481	0.032145	-0.081052
	0.000000	0.000000	1.000000	0.000000	0.000000	-0.013430	0.033085	0.570940	0.489125	-0.053436
	0.000000	0.000000	1.000000	0.000000	0.000000	-0.047085	0.062342	0.991051	0.029370	-0.070163
	0.000000	0.000000	1.000000	0.000000	0.000000	0.018614	-0.029527	1.027041	-0.036987	-0.015680
	0.000000	0.000000	1.000000	0.000000	0.000000	0.055441	0.001842	0.834610	0.157934	-0.058616
	0.000000	0.000000	1.000000	0.000000	0.000000	0.274196	0.093825	0.837282	-0.073838	-0.102269
	0.000000	0.000000	1.000000	0.000000	0.000000	0.095002	-0.030234	0.827617	0.152883	-0.058769
	0.000000	0.000000	1.000000	0.000000	0.000000	0.051578	-0.002701	1.053512	-0.097496	-0.040545
	0.000000	0.000000	1.000000	0.000000	0.000000	-0.259517	0.243826	0.175885	0.821149	0.257542
	0.000000	0.000000	1.000000	0.000000	0.000000	-0.013619	-0.012345	1.023282	-0.036446	0.003639
	0.000000	0.000000	1.000000	0.000000	0.000000	0.030041	0.027828	1.052562	-0.124708	-0.016332
	0.000000	0.000000	0.000000	1.000000	0.000000	0.232376	0.078132	0.208326	0.728269	-0.155521
	0.000000	0.000000	0.000000	1.000000	0.000000	0.033791	-0.000662	-0.004173	0.613569	0.248290
	0.000000	0.000000	0.000000	1.000000	0.000000	-0.204146	0.204345	-0.048502	0.935404	0.261146
	0.000000	0.000000	0.000000	1.000000	0.000000	-0.116258	0.143915	-0.032203	1.007986	-0.004256
	0.000000	0.000000	0.000000	1.000000	0.000000	0.093410	-0.019753	0.066337	0.869817	-0.035056
	0.000000	0.000000	0.000000	1.000000	0.000000	-0.082365	0.079771	-0.047913	0.908497	0.132733
	0.000000	0.000000	0.000000	1.000000	0.000000	0.096171	0.028276	-0.002911	0.798336	0.019495
	0.000000	0.000000	0.000000	1.000000	0.000000	0.131813	0.043302	0.098104	0.899375	-0.116444
	0.000000	0.000000	0.000000	1.000000	0.000000	-0.109007	0.043652	0.097687	0.985224	0.001482
	0.000000	0.000000	0.000000	1.000000	0.000000	-0.144098	0.096082	-0.037901	1.009996	0.092426
	0.000000	0.000000	0.000000	1.000000	0.000000	0.145963	0.018168	0.232365	0.857180	-0.137304
	0.000000	0.000000	0.000000	1.000000	0.000000	0.049444	0.028417	0.098825	0.966791	-0.096592
	0.000000	0.000000	0.000000	1.000000	0.000000	-0.162170	0.067906	0.052175	1.060920	0.016711
	0.000000	0.000000	0.000000	1.000000	0.000000	0.115282	-0.028942	0.471475	0.693743	-0.125614
	0.000000	0.000000	0.000000	1.000000	0.000000	0.125815	0.078117	0.311769	0.652754	-0.120982
	0.000000	0.000000	0.000000	0.000000	1.000000	0.045330	-0.011035	0.017665	-0.017042	0.979987
	0.000000	0.000000	0.000000	0.000000	1.000000	-0.043686	0.013803	0.005216	0.108660	0.963075
	0.000000	0.000000	0.000000	0.000000	1.000000	-0.022120	-0.013295	-0.005839	0.003315	1.044342
	0.000000	0.000000	0.000000	0.000000	1.000000	0.048262	0.008441	0.013497	-0.074666	1.004364
	0.000000	0.000000	0.000000	0.000000	1.000000	0.019134	0.048328	0.002817	0.005918	0.913807
	0.000000	0.000000	0.000000	0.000000	1.000000	0.038428	-0.057556	0.008782	-0.040870	1.055466
	0.000000	0.000000	0.000000	0.000000	1.000000	-0.026793	-0.005259	-0.025265	0.164263	0.901368
	0.000000	0.000000	0.000000	0.000000	1.000000	0.016659	0.003151	0.002011	-0.036066	1.017462
	0.000000	0.000000	0.000000	0.000000	1.000000	0.156695	-0.012641	0.060395	-0.082131	0.895080
	0.000000	0.000000	0.000000	0.000000	1.000000	0.448659	-0.085629	-0.046788	0.182737	0.411824
	0.000000	0.000000	0.000000	0.000000	1.000000	-0.007321	0.018504	-0.021518	0.001164	1.005547
	0.000000	0.000000	0.000000	0.000000	1.000000	0.009074	-0.013382	0.044527	-0.064760	1.042355
	0.000000	0.000000	0.000000	0.000000	1.000000	-0.004208	0.011175	-0.005880	-0.033716	1.029434
	0.000000	0.000000	0.000000	0.000000	1.000000	-0.023487	-0.065971	-0.019326	0.035453	1.082201
	0.000000	0.000000	0.000000	0.000000	1.000000	0.003050	0.024980	-0.012673	-0.026761	1.003129
	0.000000	0.000000	0.000000	0.000000	1.000000	-0.002454	-0.075165	-0.050891	0.180155	0.958889
	0.000000	0.000000	0.000000	0.000000	1.000000	0.012282	-0.012363	0.012991	0.005109	0.992071
	0.000000	0.000000	0.000000	0.000000	1.000000	-0.070428	0.084948	-0.010152	0.118667	0.921824
	0.000000	0.000000	0.000000	0.000000	1.000000	0.015767	0.022230	0.024134	-0.085336	1.029177
	0.000000	0.000000	0.000000	0.000000	1.000000	-0.030015	0.005310	-0.027705	0.161472	0.896288
	0.000000	0.000000	0.000000	0.000000	1.000000	0.034258	-0.022755	-0.011296	-0.026093	1.019044
	0.000000	0.000000	0.000000	0.000000	1.000000	0.005276	-0.012668	-0.003775	-0.051914	1.055895
	0.000000	0.000000	0.000000	0.000000	1.000000	0.079931	-0.015431	0.048651	-0.106075	1.022342
	0.000000	0.000000	0.000000	0.000000	1.000000	0.038309	-0.028200	0.001281	0.017119	0.979494
	0.000000	0.000000	0.000000	0.000000	1.000000	0.021966	0.015778	0.011815	-0.074871	1.027689
	0.000000	0.000000	0.000000	0.000000	1.000000	0.025901	-0.031954	0.026209	-0.082134	1.057360
	0.000000	0.000000	0.000000	0.000000	1.000000	0.006593	-0.047523	0.010336	-0.036601	1.071594
	0.000000	0.000000	0.000000	0.000000	1.000000	0.095526	-0.031103	-0.030194	0.166767	0.761737
	0.000000	0.000000	0.000000	0.000000	1.000000	0.029882	-0.065260	0.005364	-0.031883	1.063334
	0.000000	0.000000	0.000000	0.000000	1.000000	-0.014915	-0.030058	-0.009674	0.004644	1.056706
	0.000000	0.000000	0.000000	0.000000	1.000000	-0.037984	-0.058401	-0.029019	0.094067	1.056055
	0.000000	0.000000	0.000000	0.000000	1.000000	-0.006146	-0.001954	-0.023347	0.013747	1.014496
	0.000000	0.000000	0.000000	0.000000	1.000000	0.014611	-0.028947	-0.002063	-0.046867	1.063679
	0.000000	0.000000	0.000000	0.000000	1.000000	-0.021143	-0.017255	-0.018072	-0.002536	1.058855
	0.000000	0.000000	0.000000	0.000000	1.000000	0.048964	-0.041840	0.003006	0.016548	0.979429
	0.000000	0.000000	0.000000	0.000000	1.000000	-0.014406	0.119110	-0.019918	0.015910	0.893478
	0.000000	0.000000	0.000000	0.000000	1.000000	0.034146	0.042070	0.020578	-0.092688	1.002791
	0.000000	0.000000	0.000000	0.000000	1.000000	-0.010470	0.131424	-0.008687	-0.006774	0.896818
	0.000000	0.000000	0.000000	0.000000	1.000000	-0.017869	0.077388	-0.007121	-0.010228	0.966323
	0.000000	0.000000	0.000000	0.000000	1.000000	-0.010335	0.035736	0.010967	-0.009890	0.977863
	0.000000	0.000000	0.000000	0.000000	1.000000	0.021978	0.086937	-0.039665	-0.037967	0.952453
	0.000000	0.000000	0.000000	0.000000	1.000000	-0.009342	0.056479	-0.007850	0.009228	0.955690
	0.000000	0.000000	0.000000	0.000000	1.000000	-0.006372	-0.063719	-0.022245	0.049559	1.049032
	0.000000	0.000000	0.000000	0.000000	1.000000	0.063980	0.004815	0.026342	-0.066356	0.978136
	0.000000	0.000000	0.000000	0.000000	1.000000	-0.034263	-0.012619	0.000315	0.019731	1.048607
	0.000000	0.000000	0.000000	0.000000	1.000000	0.016178	0.011107	0.020484	-0.088312	1.043993
	0.000000	0.000000	0.000000	0.000000	1.000000	-0.008538	-0.038874	-0.005409	0.003511	1.056223
	0.000000	0.000000	0.000000	0.000000	1.000000	-0.016560	0.017846	0.000918	0.008705	0.994667
	0.000000	0.000000	0.000000	0.000000	1.000000	0.047133	0.087161	0.003622	-0.097630	0.961748
	0.000000	0.000000	0.000000	0.000000	1.000000	-0.015934	-0.033621	-0.000709	0.020304	1.038706
	0.000000	0.000000	0.000000	0.000000	1.000000	0.068105	-0.032131	0.030691	-0.092332	1.041080
	0.000000	0.000000	0.000000	0.000000	1.000000	-0.023510	0.005754	-0.005982	-0.012382	1.043084
	0.000000	0.000000	0.000000	0.000000	1.000000	-0.004870	0.014589	-0.019293	-0.005216	0.994451
	0.000000	0.000000	0.000000	0.000000	1.000000	-0.007527	-0.005398	-0.013412	-0.020452	1.040264
	0.000000	0.000000	0.000000	0.000000	1.000000	-0.061180	0.000547	0.050463	0.076675	0.947670
	0.000000	0.000000	0.000000	0.000000	1.000000	-0.014230	-0.005651	-0.003633	0.027461	1.001393
	0.000000	0.000000	0.000000	0.000000	1.000000	0.037528	0.033226	0.017730	-0.074745	0.993331
	0.000000	0.000000	0.000000	0.000000	1.000000	-0.005124	-0.048780	-0.007348	0.024451	1.037629
	0.000000	0.000000	0.000000	0.000000	1.000000	0.140341	-0.034422	0.075345	-0.157843	1.034477
	0.000000	0.000000	0.000000	0.000000	1.000000	0.058672	-0.035976	0.032929	-0.100791	1.057220
	0.000000	0.000000	0.000000	0.000000	1.000000	0.046093	-0.027037	0.020191	-0.059282	1.028404
