	1.000000	0.000000	0.000000	0.000000	0.000000	0.972110	-0.033837	0.028419	-0.101928	0.112845
	1.000000	0.000000	0.000000	0.000000	0.000000	0.933731	-0.067054	-0.042263	0.028826	0.106454
	1.000000	0.000000	0.000000	0.000000	0.000000	1.077270	-0.080306	-0.020109	-0.055814	-0.065138
	1.000000	0.000000	0.000000	0.000000	0.000000	1.051327	-0.056215	-0.042302	-0.000074	-0.036028
	1.000000	0.000000	0.000000	0.000000	0.000000	0.878605	-0.055873	-0.042716	0.067672	0.123440
	1.000000	0.000000	0.000000	0.000000	0.000000	0.929780	-0.039708	-0.005533	-0.041910	0.134962
	1.000000	0.000000	0.000000	0.000000	0.000000	0.844313	-0.042169	-0.035187	0.090500	0.114590
	1.000000	0.000000	0.000000	0.000000	0.000000	1.009924	-0.042906	-0.032416	0.035922	-0.052757
	1.000000	0.000000	0.000000	0.000000	0.000000	0.920708	-0.043573	0.008726	-0.095822	0.226267
	1.000000	0.000000	0.000000	0.000000	0.000000	0.994279	-0.052223	-0.046028	0.150963	-0.123718
	1.000000	0.000000	0.000000	0.000000	0.000000	0.920139	-0.026612	0.012732	-0.090331	0.184631
	1.000000	0.000000	0.000000	0.000000	0.000000	1.002874	-0.060238	0.003270	-0.078425	0.030945
	1.000000	0.000000	0.000000	0.000000	0.000000	0.914410	-0.047693	-0.053727	0.124564	0.001273
	1.000000	0.000000	0.000000	0.000000	0.000000	0.449453	0.192828	0.077693	-0.078432	0.364249
	0.000000	1.000000	0.000000	0.000000	0.000000	0.011158	1.029987	0.017365	-0.063083	-0.008891
	0.000000	1.000000	0.000000	0.000000	0.000000	-0.016558	1.034982	-0.018101	0.026998	-0.032785
	0.000000	1.000000	0.000000	0.000000	0.000000	-0.013031	1.054323	0.021333	-0.060456	-0.006042
	0.000000	1.000000	0.000000	0.000000	0.000000	-0.029717	1.031710	-0.028205	0.051468	-0.017729
	0.000000	1.000000	0.000000	0.000000	0.000000	0.030645	1.054408	0.012829	-0.078382	-0.017791
	0.000000	1.000000	0.000000	0.000000	0.000000	-0.011156	0.993056	-0.033451	0.046191	-0.014946
	0.000000	1.000000	0.000000	0.000000	0.000000	0.002049	0.925497	-0.040362	0.015101	0.073896
	0.000000	1.000000	0.000000	0.000000	0.000000	-0.014119	0.948429	-0.040865	0.094873	-0.006748
	0.000000	1.000000	0.000000	0.000000	0.000000	-0.029514	1.062482	0.000553	0.031785	-0.061917
	0.000000	1.000000	0.000000	0.000000	0.000000	-0.010644	1.033147	-0.019637	0.038177	-0.062564
	0.000000	1.000000	0.000000	0.000000	0.000000	0.025761	1.014414	0.009825	-0.053027	-0.002799
	0.000000	1.000000	0.000000	0.000000	0.000000	-0.008466	1.062909	-0.020320	0.018238	-0.063870
	0.000000	1.000000	0.000000	0.000000	0.000000	-0.022347	1.030759	0.019724	-0.031873	-0.000826
	0.000000	1.000000	0.000000	0.000000	0.000000	-0.006360	1.038064	-0.011378	-0.010790	-0.011950
	0.000000	1.000000	0.000000	0.000000	0.000000	0.020141	1.001488	-0.025330	-0.033955	0.021451
	0.000000	1.000000	0.000000	0.000000	0.000000	-0.005762	1.060329	0.010121	-0.032864	-0.034411
	0.000000	1.000000	0.000000	0.000000	0.000000	0.064757	0.842878	-0.041024	-0.060620	0.146096
	0.000000	1.000000	0.000000	0.000000	0.000000	0.038842	0.946998	-0.047054	-0.030885	0.055005
	0.000000	1.000000	0.000000	0.000000	0.000000	-0.013381	1.007013	0.064395	-0.026352	-0.043120
	0.000000	1.000000	0.000000	0.000000	0.000000	0.027927	0.990806	-0.043357	-0.023449	0.019470
	0.000000	1.000000	0.000000	0.000000	0.000000	0.003591	1.072854	0.062389	-0.085211	-0.047107
	0.000000	1.000000	0.000000	0.000000	0.000000	-0.015054	0.848838	-0.055395	0.065812	0.142910
	0.000000	1.000000	0.000000	0.000000	0.000000	-0.016443	0.842076	-0.031436	0.029583	0.175681
	0.000000	1.000000	0.000000	0.000000	0.000000	0.036373	0.914025	0.135699	-0.160475	0.100177
	0.000000	1.000000	0.000000	0.000000	0.000000	0.016025	1.076412	0.000677	-0.056645	-0.037880
	0.000000	1.000000	0.000000	0.000000	0.000000	0.104179	1.060369	0.007417	-0.146235	-0.017110
	0.000000	1.000000	0.000000	0.000000	0.000000	0.046972	1.038832	0.070079	-0.123681	-0.021232
	0.000000	1.000000	0.000000	0.000000	0.000000	-0.076390	0.984234	0.000343	0.101948	-0.017365
	0.000000	1.000000	0.000000	0.000000	0.000000	0.071634	0.909112	0.016513	-0.036626	0.002203
	0.000000	1.000000	0.000000	0.000000	0.000000	0.017835	0.931413	0.007704	-0.020709	0.018017
	0.000000	1.000000	0.000000	0.000000	0.000000	0.029943	1.002650	0.058992	-0.047012	-0.061339
	0.000000	1.000000	0.000000	0.000000	0.000000	0.073177	0.984890	-0.035160	-0.095543	0.050193
	0.000000	1.000000	0.000000	0.000000	0.000000	-0.031486	1.098762	0.004510	0.006856	-0.063360
	0.000000	1.000000	0.000000	0.000000	0.000000	-0.032563	1.019402	0.042151	-0.011526	-0.037533
	0.000000	1.000000	0.000000	0.000000	0.000000	0.040938	0.435916	0.097811	0.252580	0.032912
	0.000000	1.000000	0.000000	0.000000	0.000000	0.021361	0.992185	-0.026358	-0.039396	0.037476
	0.000000	1.000000	0.000000	0.000000	0.000000	0.003423	1.020393	-0.024908	0.027512	-0.035823
	0.000000	1.000000	0.000000	0.000000	0.000000	-0.003319	1.058461	0.018308	-0.039625	-0.042397
	0.000000	1.000000	0.000000	0.000000	0.000000	-0.021128	1.088653	-0.005815	0.006035	-0.060550
	0.000000	0.000000	1.000000	0.000000	0.000000	0.032461	0.066690	1.010370	-0.075674	-0.051125
	0.000000	0.000000	1.000000	0.000000	0.000000	-0.067073	0.114593	0.971606	-0.029200	-0.050369
	0.000000	0.000000	1.000000	0.000000	0.000000	0.005736	0.039518	1.035494	-0.075670	-0.025840
	0.000000	0.000000	1.000000	0.000000	0.000000	-0.018694	0.058056	0.883534	0.065134	-0.018662
	0.000000	0.000000	1.000000	0.000000	0.000000	0.019954	0.024719	1.050191	-0.084962	-0.020931
	0.000000	0.000000	1.000000	0.000000	0.000000	-0.088702	0.018628	0.878044	0.164776	0.020773
	0.000000	0.000000	1.000000	0.000000	0.000000	0.042125	0.014965	1.027053	-0.078962	-0.012398
	0.000000	0.000000	1.000000	0.000000	0.000000	0.074470	0.041332	0.947269	-0.018524	-0.046938
	0.000000	0.000000	1.000000	0.000000	0.000000	0.101712	0.067506	1.024718	-0.132189	-0.048130
	0.000000	0.000000	1.000000	0.000000	0.000000	-0.043543	-0.011681	0.949281	0.074191	0.023594
	0.000000	0.000000	1.000000	0.000000	0.000000	0.061432	0.095510	0.884333	-0.007498	-0.058819
	0.000000	0.000000	1.000000	0.000000	0.000000	-0.010313	-0.004446	1.039180	-0.052055	0.013994
	0.000000	0.000000	1.000000	0.000000	0.000000	0.015069	0.005413	1.018832	-0.095012	0.057728
	0.000000	0.000000	0.000000	1.000000	0.000000	-0.094234	0.090702	-0.013827	0.992524	-0.007623
	0.000000	0.000000	0.000000	1.000000	0.000000	0.177814	0.094658	0.035321	0.689941	-0.042655
	0.000000	0.000000	0.000000	1.000000	0.000000	0.231804	0.159336	-0.031879	0.534582	0.074882
	0.000000	0.000000	0.000000	1.000000	0.000000	-0.118962	0.238539	-0.058424	0.832962	0.150288
	0.000000	0.000000	0.000000	1.000000	0.000000	0.151834	0.014085	0.049701	0.772094	-0.039846
	0.000000	0.000000	0.000000	1.000000	0.000000	0.128209	0.052449	-0.003140	0.622118	0.086715
	0.000000	0.000000	0.000000	1.000000	0.000000	0.077433	0.007701	0.128720	0.908652	-0.098138
	0.000000	0.000000	0.000000	1.000000	0.000000	-0.069883	0.326025	-0.074177	0.764862	0.066038
	0.000000	0.000000	0.000000	1.000000	0.000000	-0.051310	0.053592	-0.024975	0.903973	0.076268
	0.000000	0.000000	0.000000	1.000000	0.000000	-0.095698	0.046932	-0.055079	0.819496	0.274312
	0.000000	0.000000	0.000000	1.000000	0.000000	0.215519	0.020555	0.172596	0.838314	-0.149245
	0.000000	0.000000	0.000000	1.000000	0.000000	0.038921	0.025590	0.100991	0.942311	-0.096991
	0.000000	0.000000	0.000000	1.000000	0.000000	0.001771	0.081431	-0.002646	0.920867	-0.041273
	0.000000	0.000000	0.000000	1.000000	0.000000	0.242347	0.006812	0.147558	0.932868	-0.169260
	0.000000	0.000000	0.000000	1.000000	0.000000	-0.060826	0.044291	-0.004095	1.032177	-0.042516
	0.000000	0.000000	0.000000	1.000000	0.000000	0.059582	0.036095	0.080117	0.966508	-0.112659
	0.000000	0.000000	0.000000	0.000000	1.000000	0.016614	0.012657	0.020090	-0.030817	0.998699
	0.000000	0.000000	0.000000	0.000000	1.000000	0.074168	-0.015576	0.007468	0.003363	0.945780
	0.000000	0.000000	0.000000	0.000000	1.000000	0.071233	0.071570	0.060208	-0.076112	0.910378
	0.000000	0.000000	0.000000	0.000000	1.000000	0.039087	-0.063030	-0.026027	0.096469	0.939638
	0.000000	0.000000	0.000000	0.000000	1.000000	0.131735	0.027776	0.017619	-0.072031	0.904905
	0.000000	0.000000	0.000000	0.000000	1.000000	0.054312	0.114606	0.005622	-0.109003	0.934647
	0.000000	0.000000	0.000000	0.000000	1.000000	-0.000637	0.037031	-0.003950	-0.050138	1.011586
	0.000000	0.000000	0.000000	0.000000	1.000000	0.048546	-0.018400	0.017484	-0.044563	1.006283
	0.000000	0.000000	0.000000	0.000000	1.000000	-0.027732	-0.037767	-0.008303	-0.005920	1.077324
	0.000000	0.000000	0.000000	0.000000	1.000000	0.009098	0.079280	-0.027127	-0.034976	0.953547
	0.000000	0.000000	0.000000	0.000000	1.000000	-0.025464	0.013013	-0.017967	0.025993	0.999070
	0.000000	0.000000	0.000000	0.000000	1.000000	-0.009936	-0.011478	-0.004418	-0.029530	1.051015
	0.000000	0.000000	0.000000	0.000000	1.000000	0.024861	0.070091	-0.008235	-0.077775	0.985412
	0.000000	0.000000	0.000000	0.000000	1.000000	-0.004647	-0.004256	0.003662	-0.044631	1.049060
	0.000000	0.000000	0.000000	0.000000	1.000000	0.013338	-0.000176	-0.001384	-0.041690	1.027064
	0.000000	0.000000	0.000000	0.000000	1.000000	0.007066	0.014640	-0.008816	0.001298	0.981301
	0.000000	0.000000	0.000000	0.000000	1.000000	0.002769	0.118215	-0.023800	-0.019989	0.911028
	0.000000	0.000000	0.000000	0.000000	1.000000	0.088821	-0.014087	-0.005875	0.043159	0.880602
	0.000000	0.000000	0.000000	0.000000	1.000000	0.019357	-0.005699	-0.006773	0.071014	0.922457
	0.000000	0.000000	0.000000	0.000000	1.000000	0.033253	0.076489	0.008081	-0.031413	0.911232
	0.000000	0.000000	0.000000	0.000000	1.000000	0.003956	0.032257	0.016280	-0.071245	1.028255
	0.000000	0.000000	0.000000	0.000000	1.000000	0.013508	-0.031059	0.012862	-0.043108	1.056345
	0.000000	0.000000	0.000000	0.000000	1.000000	-0.001159	0.022440	-0.004511	-0.051868	1.032080
	0.000000	0.000000	0.000000	0.000000	1.000000	0.088313	-0.009740	0.022912	-0.060702	0.989429
	0.000000	0.000000	0.000000	0.000000	1.000000	0.014789	0.007213	0.018170	-0.065703	1.033227
	0.000000	0.000000	0.000000	0.000000	1.000000	-0.017511	-0.017313	0.005811	-0.024717	1.055942
	0.000000	0.000000	0.000000	0.000000	1.000000	0.057149	0.022425	0.031047	-0.101064	1.013073
	0.000000	0.000000	0.000000	0.000000	1.000000	0.028177	0.123551	-0.019763	-0.054118	0.905087
	0.000000	0.000000	0.000000	0.000000	1.000000	0.018711	-0.017349	0.022040	-0.024683	1.014253
	0.000000	0.000000	0.000000	0.000000	1.000000	-0.023891	-0.053857	0.005838	-0.003250	1.060814
	0.000000	0.000000	0.000000	0.000000	1.000000	0.023001	0.011264	0.024834	-0.061469	1.016931
	0.000000	0.000000	0.000000	0.000000	1.000000	-0.011706	-0.058560	-0.005149	-0.003089	1.078748
	0.000000	0.000000	0.000000	0.000000	1.000000	-0.020113	-0.006584	-0.017976	-0.008892	1.047687
	0.000000	0.000000	0.000000	0.000000	1.000000	0.016274	0.049786	-0.013010	-0.044419	0.985057
	0.000000	0.000000	0.000000	0.000000	1.000000	0.282349	-0.001601	0.010213	0.014221	0.702304
	0.000000	0.000000	0.000000	0.000000	1.000000	0.049569	0.079204	0.026783	-0.098842	0.964891
	0.000000	0.000000	0.000000	0.000000	1.000000	0.007959	-0.029903	0.010747	-0.036270	1.052459
	0.000000	0.000000	0.000000	0.000000	1.000000	-0.028585	-0.029168	-0.014924	-0.003768	1.070233
	0.000000	0.000000	0.000000	0.000000	1.000000	0.023746	0.047749	-0.017026	-0.070302	1.002208
	0.000000	0.000000	0.000000	0.000000	1.000000	0.019490	-0.042985	0.005725	-0.033089	1.056906
	0.000000	0.000000	0.000000	0.000000	1.000000	0.047657	0.166917	-0.013413	-0.073328	0.857159
	0.000000	0.000000	0.000000	0.000000	1.000000	0.026524	0.092807	-0.006657	-0.024849	0.895804
	0.000000	0.000000	0.000000	0.000000	1.000000	-0.026536	-0.030351	-0.002597	-0.002472	1.064969
	0.000000	0.000000	0.000000	0.000000	1.000000	0.001148	0.019048	0.000187	-0.044470	1.025782
	0.000000	0.000000	0.000000	0.000000	1.000000	-0.009507	0.023911	-0.005271	-0.032211	1.023344
	0.000000	0.000000	0.000000	0.000000	1.000000	0.023759	0.034320	0.022444	-0.032358	0.964751
	0.000000	0.000000	0.000000	0.000000	1.000000	0.023558	0.089731	0.015275	-0.086967	0.969414
	0.000000	0.000000	0.000000	0.000000	1.000000	0.050474	0.000450	0.007968	-0.040402	0.976007
	0.000000	0.000000	0.000000	0.000000	1.000000	-0.015958	0.162332	0.007555	0.010084	0.854029
	0.000000	0.000000	0.000000	0.000000	1.000000	0.013106	0.072712	-0.012068	-0.042826	0.951505
	0.000000	0.000000	0.000000	0.000000	1.000000	0.004147	0.061132	-0.019307	-0.013353	0.947441
	0.000000	0.000000	0.000000	0.000000	1.000000	0.343841	0.012993	0.011272	0.115296	0.502604
	0.000000	0.000000	0.000000	0.000000	1.000000	-0.012550	0.071829	0.080160	-0.019920	0.885119
	0.000000	0.000000	0.000000	0.000000	1.000000	0.169435	0.027225	0.084994	-0.130652	0.868253
	0.000000	0.000000	0.000000	0.000000	1.000000	0.004476	0.209054	0.037533	-0.082010	0.866824
	0.000000	0.000000	0.000000	0.000000	1.000000	0.048430	0.000768	0.060468	-0.012177	0.870497
	0.000000	0.000000	0.000000	0.000000	1.000000	-0.046867	0.040141	0.026438	0.069040	0.956344
	0.000000	0.000000	0.000000	0.000000	1.000000	-0.004492	0.012455	-0.000793	-0.051446	1.042433
	0.000000	0.000000	0.000000	0.000000	1.000000	0.062662	-0.027955	0.056626	-0.087583	0.993916
	0.000000	0.000000	0.000000	0.000000	1.000000	0.066195	0.027799	0.034365	-0.123586	1.022142
	0.000000	0.000000	0.000000	0.000000	1.000000	0.202047	0.038837	0.058401	-0.109676	0.864901
	0.000000	0.000000	0.000000	0.000000	1.000000	-0.003879	0.041869	-0.005231	-0.034389	1.001698
	0.000000	0.000000	0.000000	0.000000	1.000000	0.089454	-0.009437	0.051286	-0.135547	1.044131
	0.000000	0.000000	0.000000	0.000000	1.000000	0.093168	-0.025386	0.042468	-0.119891	1.043782
	0.000000	0.000000	0.000000	0.000000	1.000000	0.035110	0.114832	0.068010	0.036184	0.681846
	1.000000	0.000000	0.000000	0.000000	0.000000	0.553324	-0.055247	-0.061869	0.220554	0.291143
	1.000000	0.000000	0.000000	0.000000	0.000000	0.565059	-0.056432	-0.022173	0.033725	0.374960
	1.000000	0.000000	0.000000	0.000000	0.000000	0.694532	-0.039972	-0.042818	0.128863	0.225864
	1.000000	0.000000	0.000000	0.000000	0.000000	0.938526	-0.035004	0.031638	-0.134540	0.270960
	1.000000	0.000000	0.000000	0.000000	0.000000	0.777516	-0.066826	-0.062890	0.165319	0.105503
	1.000000	0.000000	0.000000	0.000000	0.000000	0.854799	-0.049955	-0.024898	0.011373	0.193522
	1.000000	0.000000	0.000000	0.000000	0.000000	0.841956	-0.064627	-0.046221	0.082916	0.142081
	1.000000	0.000000	0.000000	0.000000	0.000000	0.845350	-0.000592	-0.022191	0.174052	-0.019168
	1.000000	0.000000	0.000000	0.000000	0.000000	0.861753	-0.036861	-0.052831	0.157069	0.025097
	1.000000	0.000000	0.000000	0.000000	0.000000	0.356571	-0.033413	-0.012435	0.031944	0.673105
	1.000000	0.000000	0.000000	0.000000	0.000000	0.261120	0.465671	0.022093	0.205906	-0.013609
	1.000000	0.000000	0.000000	0.000000	0.000000	0.631098	-0.058238	-0.011461	-0.014090	0.482178
	1.000000	0.000000	0.000000	0.000000	0.000000	0.407238	-0.027966	0.037872	-0.110719	0.721199
	1.000000	0.000000	0.000000	0.000000	0.000000	0.414578	0.020597	0.060838	-0.065066	0.621301
	1.000000	0.000000	0.000000	0.000000	0.000000	0.730366	-0.055527	-0.022139	0.070485	0.150084
	1.000000	0.000000	0.000000	0.000000	0.000000	0.661835	-0.046220	0.024351	0.196573	0.022537
	0.000000	1.000000	0.000000	0.000000	0.000000	0.008805	1.056740	0.024364	-0.010730	-0.093954
	0.000000	1.000000	0.000000	0.000000	0.000000	0.005256	0.925324	-0.078492	0.065662	0.047125
	0.000000	1.000000	0.000000	0.000000	0.000000	0.041551	0.921545	0.161138	-0.029311	-0.141955
	0.000000	1.000000	0.000000	0.000000	0.000000	-0.026585	0.984683	0.038982	0.025397	-0.085683
	0.000000	1.000000	0.000000	0.000000	0.000000	-0.013288	0.978901	-0.061381	0.072705	0.006104
	0.000000	1.000000	0.000000	0.000000	0.000000	0.128052	0.757308	0.070805	-0.127029	0.188748
	0.000000	1.000000	0.000000	0.000000	0.000000	0.035866	0.681964	-0.051400	0.019667	0.238729
	0.000000	1.000000	0.000000	0.000000	0.000000	-0.076380	0.609438	-0.088462	0.225758	0.362958
	0.000000	1.000000	0.000000	0.000000	0.000000	0.005773	1.035229	-0.020400	-0.010978	-0.019526
	0.000000	1.000000	0.000000	0.000000	0.000000	-0.000495	1.050323	-0.018757	-0.009910	-0.029736
	0.000000	1.000000	0.000000	0.000000	0.000000	0.037839	1.058885	0.052104	-0.104751	-0.037475
	0.000000	1.000000	0.000000	0.000000	0.000000	0.064179	0.935641	-0.053750	-0.062984	0.078070
	0.000000	1.000000	0.000000	0.000000	0.000000	0.003396	1.012129	-0.043040	0.015846	-0.005759
	0.000000	1.000000	0.000000	0.000000	0.000000	0.017150	0.989323	-0.039569	-0.006869	0.017918
	0.000000	1.000000	0.000000	0.000000	0.000000	-0.147774	0.931871	-0.072964	0.445121	-0.041977
	0.000000	1.000000	0.000000	0.000000	0.000000	-0.109868	0.765809	0.386146	-0.162553	0.232947
	0.000000	1.000000	0.000000	0.000000	0.000000	0.005066	1.043205	-0.017309	-0.012849	-0.027092
	0.000000	1.000000	0.000000	0.000000	0.000000	-0.006015	1.045232	0.029039	-0.080432	0.006589
	0.000000	1.000000	0.000000	0.000000	0.000000	-0.034658	1.086986	0.014531	0.006111	-0.068302
	0.000000	1.000000	0.000000	0.000000	0.000000	0.206353	0.942395	0.011569	-0.113069	-0.037035
	0.000000	1.000000	0.000000	0.000000	0.000000	-0.004832	1.045909	-0.024110	0.010501	-0.039653
	0.000000	1.000000	0.000000	0.000000	0.000000	0.057378	0.950695	-0.034875	-0.066589	0.063776
	0.000000	1.000000	0.000000	0.000000	0.000000	-0.011546	1.040290	0.024511	-0.071138	0.010096
	0.000000	1.000000	0.000000	0.000000	0.000000	-0.003827	1.027976	-0.004938	-0.022140	0.004361
	0.000000	1.000000	0.000000	0.000000	0.000000	-0.010609	1.078763	-0.000868	0.001196	-0.065804
	0.000000	1.000000	0.000000	0.000000	0.000000	-0.027483	0.873078	-0.054800	0.073135	0.135428
	0.000000	1.000000	0.000000	0.000000	0.000000	0.067644	0.989874	-0.000686	-0.131459	0.061491
	0.000000	1.000000	0.000000	0.000000	0.000000	0.024787	0.977227	-0.020788	-0.016624	0.020163
	0.000000	1.000000	0.000000	0.000000	0.000000	-0.002653	1.053982	-0.017074	-0.012218	-0.026325
	0.000000	1.000000	0.000000	0.000000	0.000000	0.005767	0.925383	-0.014795	-0.008874	0.073047
	0.000000	1.000000	0.000000	0.000000	0.000000	-0.066887	0.897731	-0.063650	0.246551	-0.004435
	0.000000	1.000000	0.000000	0.000000	0.000000	-0.038180	0.894164	-0.018369	0.116231	0.013782
	0.000000	1.000000	0.000000	0.000000	0.000000	-0.006452	1.049932	0.008476	-0.027890	-0.034123
	0.000000	1.000000	0.000000	0.000000	0.000000	-0.020249	1.093347	0.002780	-0.001915	-0.070276
	0.000000	1.000000	0.000000	0.000000	0.000000	-0.156800	0.759531	0.382262	-0.106841	0.167179
	0.000000	0.000000	1.000000	0.000000	0.000000	-0.079599	0.009627	0.978207	-0.045603	0.139412
	0.000000	0.000000	1.000000	0.000000	0.000000	0.047144	-0.006622	0.955326	0.022068	-0.029786
	0.000000	0.000000	1.000000	0.000000	0.000000	0.062321	0.080152	1.043231	-0.140333	-0.048350
	0.000000	0.000000	1.000000	0.000000	0.000000	0.060209	0.085193	0.891279	-0.037403	-0.029385
	0.000000	0.000000	1.000000	0.000000	0.000000	-0.094933	0.108530	0.915050	0.025981	-0.009218
	0.000000	0.000000	1.000000	0.000000	0.000000	0.075602	0.081818	0.925896	-0.012054	-0.079568
	0.000000	0.000000	1.000000	0.000000	0.000000	-0.009847	0.038772	0.578878	0.430859	-0.043622
	0.000000	0.000000	1.000000	0.000000	0.000000	-0.018197	0.106309	0.984163	-0.026872	-0.084704
	0.000000	0.000000	1.000000	0.000000	0.000000	0.025310	-0.006805	1.028996	-0.065208	0.002900
	0.000000	0.000000	1.000000	0.000000	0.000000	0.064913	0.017644	0.852732	0.100939	-0.044999
	0.000000	0.000000	1.000000	0.000000	0.000000	0.299770	0.143839	0.841698	-0.101149	-0.101673
	0.000000	0.000000	1.000000	0.000000	0.000000	0.094565	-0.017679	0.843957	0.105511	-0.036877
	0.000000	0.000000	1.000000	0.000000	0.000000	0.058094	0.029756	1.053717	-0.121333	-0.024933
	0.000000	0.000000	1.000000	0.000000	0.000000	-0.257346	0.231805	0.138600	0.828857	0.226335
	0.000000	0.000000	1.000000	0.000000	0.000000	-0.005465	0.002962	1.021947	-0.054830	0.021667
	0.000000	0.000000	1.000000	0.000000	0.000000	0.071884	0.089842	1.038998	-0.153807	-0.035524
	0.000000	0.000000	0.000000	1.000000	0.000000	0.244154	0.092882	0.227937	0.661683	-0.155991
	0.000000	0.000000	0.000000	1.000000	0.000000	0.063097	-0.005739	-0.007486	0.529003	0.290288
	0.000000	0.000000	0.000000	1.000000	0.000000	-0.197576	0.197105	-0.064382	0.920491	0.246070
	0.000000	0.000000	0.000000	1.000000	0.000000	-0.125958	0.119008	-0.041285	1.014768	0.001652
	0.000000	0.000000	0.000000	1.000000	0.000000	0.126961	-0.020068	0.052772	0.828597	-0.038945
	0.000000	0.000000	0.000000	1.000000	0.000000	-0.082543	0.067570	-0.057905	0.871799	0.171210
	0.000000	0.000000	0.000000	1.000000	0.000000	0.157782	0.046054	-0.009363	0.729030	0.001649
	0.000000	0.000000	0.000000	1.000000	0.000000	0.161159	0.043637	0.100933	0.865442	-0.126617
	0.000000	0.000000	0.000000	1.000000	0.000000	-0.109641	0.029841	0.088832	0.979648	-0.002234
	0.000000	0.000000	0.000000	1.000000	0.000000	-0.115663	0.085157	-0.052621	1.001645	0.053597
	0.000000	0.000000	0.000000	1.000000	0.000000	0.193188	0.025097	0.242932	0.784365	-0.145903
	0.000000	0.000000	0.000000	1.000000	0.000000	0.037323	0.012245	0.100005	0.959535	-0.090705
	0.000000	0.000000	0.000000	1.000000	0.000000	-0.178869	0.046220	0.032284	1.071820	0.027330
	0.000000	0.000000	0.000000	1.000000	0.000000	0.087133	-0.042503	0.531760	0.610126	-0.100025
	0.000000	0.000000	0.000000	1.000000	0.000000	0.104900	0.078696	0.323296	0.612637	-0.103666
	0.000000	0.000000	0.000000	0.000000	1.000000	0.053822	0.002267	0.027134	-0.049416	0.993497
	0.000000	0.000000	0.000000	0.000000	1.000000	-0.025047	0.021460	0.011467	0.049161	0.974138
	0.000000	0.000000	0.000000	0.000000	1.000000	-0.010592	0.002059	0.002316	-0.032386	1.039627
	0.000000	0.000000	0.000000	0.000000	1.000000	0.058759	0.031002	0.021913	-0.103842	1.006044
	0.000000	0.000000	0.000000	0.000000	1.000000	0.058769	0.079452	0.010977	-0.056431	0.904752
	0.000000	0.000000	0.000000	0.000000	1.000000	0.049924	-0.042885	0.021469	-0.070167	1.057987
	0.000000	0.000000	0.000000	0.000000	1.000000	-0.002733	0.005676	-0.012562	0.086037	0.920548
	0.000000	0.000000	0.000000	0.000000	1.000000	0.024075	0.017746	0.009414	-0.061770	1.018162
	0.000000	0.000000	0.000000	0.000000	1.000000	0.204752	0.018193	0.073828	-0.133099	0.911757
	0.000000	0.000000	0.000000	0.000000	1.000000	0.486254	-0.051327	-0.022936	0.058393	0.476474
	0.000000	0.000000	0.000000	0.000000	1.000000	0.000323	0.034494	-0.014224	-0.033969	1.003777
	0.000000	0.000000	0.000000	0.000000	1.000000	0.026344	0.001220	0.051958	-0.096675	1.047355
	0.000000	0.000000	0.000000	0.000000	1.000000	0.009269	0.032545	0.000129	-0.065353	1.019150
	0.000000	0.000000	0.000000	0.000000	1.000000	-0.024683	-0.060305	-0.008266	0.010562	1.086253
	0.000000	0.000000	0.000000	0.000000	1.000000	0.022378	0.047220	-0.003452	-0.065970	0.993495
	0.000000	0.000000	0.000000	0.000000	1.000000	0.003222	-0.068581	-0.033074	0.113327	0.986863
	0.000000	0.000000	0.000000	0.000000	1.000000	0.026882	0.001113	0.023092	-0.035969	1.001973
	0.000000	0.000000	0.000000	0.000000	1.000000	-0.049591	0.110172	-0.012165	0.055821	0.910359
	0.000000	0.000000	0.000000	0.000000	1.000000	0.031733	0.052141	0.025023	-0.112490	1.016816
	0.000000	0.000000	0.000000	0.000000	1.000000	-0.011741	0.009112	-0.017393	0.095543	0.918893
	0.000000	0.000000	0.000000	0.000000	1.000000	0.042861	-0.007052	0.000869	-0.057080	1.021501
	0.000000	0.000000	0.000000	0.000000	1.000000	0.008391	0.003009	0.002338	-0.071385	1.051806
	0.000000	0.000000	0.000000	0.000000	1.000000	0.117625	0.020328	0.057463	-0.145760	1.010556
	0.000000	0.000000	0.000000	0.000000	1.000000	0.051545	-0.014348	0.013085	-0.022553	0.989294
	0.000000	0.000000	0.000000	0.000000	1.000000	0.029595	0.038075	0.015409	-0.096181	1.021053
	0.000000	0.000000	0.000000	0.000000	1.000000	0.051867	-0.004027	0.038027	-0.120469	1.049787
	0.000000	0.000000	0.000000	0.000000	1.000000	0.025061	-0.029550	0.025126	-0.077993	1.069171
	0.000000	0.000000	0.000000	0.000000	1.000000	0.138561	-0.015331	-0.013091	0.079915	0.786723
	0.000000	0.000000	0.000000	0.000000	1.000000	0.028333	-0.053334	0.014658	-0.057016	1.073288
	0.000000	0.000000	0.000000	0.000000	1.000000	-0.013614	-0.021454	-0.000921	-0.021258	1.059430
	0.000000	0.000000	0.000000	0.000000	1.000000	-0.039952	-0.056090	-0.017019	0.061179	1.066244
	0.000000	0.000000	0.000000	0.000000	1.000000	0.010806	0.014325	-0.015753	-0.022685	1.005301
	0.000000	0.000000	0.000000	0.000000	1.000000	0.010682	-0.018484	0.004538	-0.059891	1.064509
	0.000000	0.000000	0.000000	0.000000	1.000000	-0.014621	-0.001281	-0.010437	-0.032516	1.050863
	0.000000	0.000000	0.000000	0.000000	1.000000	0.065861	-0.027548	0.017368	-0.028754	0.992387
	0.000000	0.000000	0.000000	0.000000	1.000000	0.020943	0.159744	-0.018395	-0.043785	0.864239
	0.000000	0.000000	0.000000	0.000000	1.000000	0.051472	0.071119	0.023885	-0.121613	0.993756
	0.000000	0.000000	0.000000	0.000000	1.000000	0.029209	0.178531	-0.010224	-0.066127	0.861668
	0.000000	0.000000	0.000000	0.000000	1.000000	0.015037	0.119263	-0.009870	-0.061906	0.932745
	0.000000	0.000000	0.000000	0.000000	1.000000	0.019480	0.059482	0.016922	-0.060223	0.969750
	0.000000	0.000000	0.000000	0.000000	1.000000	0.044704	0.125533	-0.035289	-0.080782	0.924064
	0.000000	0.000000	0.000000	0.000000	1.000000	0.006666	0.073849	-0.002329	-0.028978	0.951950
	0.000000	0.000000	0.000000	0.000000	1.000000	0.002626	-0.053659	-0.008234	0.009090	1.053153
	0.000000	0.000000	0.000000	0.000000	1.000000	0.086847	0.034018	0.035514	-0.107267	0.979377
	0.000000	0.000000	0.000000	0.000000	1.000000	-0.035893	-0.004748	0.003945	-0.002815	1.052137
	0.000000	0.000000	0.000000	0.000000	1.000000	0.026151	0.034876	0.023202	-0.110000	1.035747
	0.000000	0.000000	0.000000	0.000000	1.000000	0.006683	-0.023407	0.001899	-0.031225	1.049827
	0.000000	0.000000	0.000000	0.000000	1.000000	0.005643	0.040320	0.007091	-0.037880	0.986828
	0.000000	0.000000	0.000000	0.000000	1.000000	0.069200	0.127810	0.006803	-0.129460	0.940377
	0.000000	0.000000	0.000000	0.000000	1.000000	-0.005621	-0.020689	0.010200	-0.020649	1.042820
	0.000000	0.000000	0.000000	0.000000	1.000000	0.087829	-0.007691	0.038847	-0.118669	1.035597
	0.000000	0.000000	0.000000	0.000000	1.000000	-0.010124	0.030351	-0.002094	-0.048626	1.028073
	0.000000	0.000000	0.000000	0.000000	1.000000	0.028752	0.037063	-0.006229	-0.058141	0.980256
	0.000000	0.000000	0.000000	0.000000	1.000000	0.003388	0.011180	-0.003918	-0.051217	1.033421
	0.000000	0.000000	0.000000	0.000000	1.000000	-0.047114	0.010083	0.062418	0.004271	0.988749
	0.000000	0.000000	0.000000	0.000000	1.000000	0.011431	0.014778	0.005336	-0.026844	0.996268
	0.000000	0.000000	0.000000	0.000000	1.000000	0.053602	0.059065	0.022168	-0.104935	0.987914
	0.000000	0.000000	0.000000	0.000000	1.000000	0.009565	-0.037321	0.005240	-0.016374	1.040895
	0.000000	0.000000	0.000000	0.000000	1.000000	0.176064	-0.001624	0.086575	-0.183384	1.029717
	0.000000	0.000000	0.000000	0.000000	1.000000	0.077690	-0.012815	0.040341	-0.124678	1.051461
	0.000000	0.000000	0.000000	0.000000	1.000000	0.050047	-0.010602	0.026991	-0.081966	1.034436
